0.756342 	-5.18202e-05 	4.73413e-05 	1.23695e-06
0.757861 	-0.000114538 	0.000104609 	2.74173e-06
0.75938 	-0.000170129 	0.000157102 	4.10087e-06
0.760898 	-0.000225597 	0.000209561 	5.46009e-06
0.762417 	-0.000275781 	0.000259737 	6.66702e-06
0.763936 	-0.000324948 	0.0003095 	7.83133e-06
0.765455 	-0.000376339 	0.000362232 	8.98304e-06
0.766973 	-0.000427617 	0.000415817 	1.00666e-05
0.768492 	-0.000479894 	0.000470974 	1.11914e-05
0.770011 	-0.000531646 	0.000528708 	1.22372e-05
0.77153 	-0.000583398 	0.000586442 	1.3283e-05
0.773049 	-0.00063535 	0.000646135 	1.44048e-05
0.774567 	-0.000688796 	0.000704967 	1.54924e-05
0.776086 	-0.000743557 	0.00076398 	1.65582e-05
0.777605 	-0.000799909 	0.00082245 	1.77855e-05
0.779124 	-0.000853843 	0.000878657 	1.8904e-05
0.780642 	-0.000909406 	0.000934801 	2.00028e-05
0.782161 	-0.000958927 	0.000987422 	2.11765e-05
0.78368 	-0.00101047 	0.00103944 	2.2276e-05
0.785199 	-0.00106698 	0.00109146 	2.33968e-05
0.786717 	-0.00111784 	0.00114229 	2.45407e-05
0.788236 	-0.00117111 	0.00119325 	2.55963e-05
0.789755 	-0.00122994 	0.00124499 	2.65701e-05
0.791274 	-0.00127951 	0.00129561 	2.76633e-05
0.792792 	-0.00133234 	0.00134592 	2.86077e-05
0.794311 	-0.00138517 	0.00139622 	2.95521e-05
0.79583 	-0.00143882 	0.00144522 	3.05034e-05
0.797349 	-0.00149045 	0.00149365 	3.14116e-05
0.798867 	-0.00154207 	0.00154208 	3.23197e-05
0.800386 	-0.00159551 	0.00158993 	3.33069e-05
0.801905 	-0.00164521 	0.00163597 	3.42005e-05
0.803424 	-0.00169491 	0.00168201 	3.50941e-05
0.804942 	-0.00174569 	0.00172782 	3.59838e-05
0.806461 	-0.00179316 	0.00177094 	3.69138e-05
0.80798 	-0.00183818 	0.0018125 	3.76947e-05
0.809499 	-0.0018832 	0.00185406 	3.84755e-05
0.811018 	-0.00192881 	0.00189302 	3.92529e-05
0.812536 	-0.00196788 	0.00193008 	3.99606e-05
0.814055 	-0.00200767 	0.00196623 	4.06352e-05
0.815574 	-0.00204745 	0.00200238 	4.13098e-05
0.817093 	-0.00208593 	0.00203569 	4.20788e-05
0.818611 	-0.00212105 	0.00206767 	4.27209e-05
0.82013 	-0.00215617 	0.00209966 	4.33631e-05
0.821649 	-0.0021913 	0.00213165 	4.40052e-05
0.823168 	-0.0022254 	0.00216215 	4.47897e-05
0.824686 	-0.00225687 	0.00219102 	4.54024e-05
0.826205 	-0.00228834 	0.0022199 	4.6015e-05
0.827724 	-0.00231981 	0.00224878 	4.66277e-05
0.829243 	-0.00235088 	0.00227603 	4.73995e-05
0.830761 	-0.00237659 	0.00229944 	4.79958e-05
0.83228 	-0.00240229 	0.00232285 	4.85922e-05
0.833799 	-0.002428 	0.00234626 	4.91885e-05
0.835318 	-0.00244432 	0.00236112 	4.97734e-05
0.836836 	-0.0024685 	0.0023837 	5.05371e-05
0.838355 	-0.00248624 	0.0024007 	5.11325e-05
0.839874 	-0.00250398 	0.0024177 	5.17279e-05
0.841393 	-0.00251102 	0.00242699 	5.21716e-05
0.842911 	-0.00253006 	0.00244462 	5.3096e-05
0.84443 	-0.00254271 	0.00245762 	5.36967e-05
0.845949 	-0.00255536 	0.00247062 	5.42975e-05
0.847468 	-0.00256802 	0.00248363 	5.48982e-05
0.848986 	-0.00257053 	0.00248998 	5.5522e-05
0.850505 	-0.00258284 	0.00250178 	5.6221e-05
0.852024 	-0.00258849 	0.00250971 	5.67732e-05
0.853543 	-0.00259415 	0.00251764 	5.73254e-05
0.855062 	-0.0025998 	0.00252557 	5.78776e-05
0.85658 	-0.00259114 	0.00252484 	5.84462e-05
0.858099 	-0.00258752 	0.00252651 	5.89308e-05
0.859618 	-0.0025839 	0.00252818 	5.94154e-05
0.861137 	-0.00258028 	0.00252984 	5.99e-05
0.862655 	-0.0025466 	0.00251823 	5.99501e-05
0.864174 	-0.00255561 	0.00252306 	6.07831e-05
0.865693 	-0.00254392 	0.00251999 	6.12662e-05
0.867212 	-0.00253223 	0.00251692 	6.17493e-05
0.86873 	-0.00252054 	0.00251386 	6.22324e-05
0.870249 	-0.00246819 	0.00249567 	6.21893e-05
0.871768 	-0.00247742 	0.0024986 	6.30642e-05
0.873287 	-0.00245692 	0.00249114 	6.35589e-05
0.874805 	-0.00243643 	0.00248368 	6.40536e-05
0.876324 	-0.00241594 	0.00247622 	6.45483e-05
0.877843 	-0.00238342 	0.00246483 	6.49016e-05
0.879362 	-0.00234983 	0.00245027 	6.53172e-05
0.88088 	-0.00231838 	0.00243765 	6.57898e-05
0.882399 	-0.00228692 	0.00242502 	6.62624e-05
0.883918 	-0.00225546 	0.00241239 	6.67349e-05
0.885437 	-0.002224 	0.00239977 	6.72075e-05
0.886955 	-0.00211083 	0.00236269 	6.68379e-05
0.888474 	-0.00212234 	0.00235934 	6.78769e-05
0.889993 	-0.00208015 	0.00234238 	6.83017e-05
0.891512 	-0.00203796 	0.00232542 	6.87264e-05
0.893031 	-0.00199577 	0.00230847 	6.91512e-05
0.894549 	-0.00187831 	0.00227437 	6.879e-05
0.896068 	-0.00187477 	0.00226235 	6.98101e-05
0.897587 	-0.0018211 	0.00224157 	7.01723e-05
0.899106 	-0.00176743 	0.0022208 	7.05344e-05
0.900624 	-0.00171376 	0.00220002 	7.08966e-05
0.902143 	-0.00166008 	0.00217925 	7.12587e-05
0.903662 	-0.00141902 	0.00212354 	6.96959e-05
0.905181 	-0.00150161 	0.00212271 	7.19329e-05
0.906699 	-0.00143368 	0.0020979 	7.22594e-05
0.908218 	-0.00136574 	0.0020731 	7.25859e-05
0.909737 	-0.00129781 	0.00204829 	7.29124e-05
0.911256 	-0.00122988 	0.00202349 	7.32388e-05
0.912774 	-0.00098002 	0.00197162 	7.17701e-05
0.914293 	-0.00103256 	0.0019591 	7.41081e-05
0.915812 	-0.000950275 	0.00193121 	7.43855e-05
0.917331 	-0.000867994 	0.00190331 	7.46629e-05
0.918849 	-0.000785713 	0.00187542 	7.49404e-05
0.920368 	-0.000703432 	0.00184752 	7.52178e-05
0.921887 	-0.000392592 	0.0017963 	7.27418e-05
0.923406 	-0.00047084 	0.00177844 	7.6077e-05
0.924924 	-0.000373142 	0.00174807 	7.62415e-05
0.926443 	-0.000275444 	0.0017177 	7.6406e-05
0.927962 	-0.000177746 	0.00168734 	7.65705e-05
0.929481 	-8.00485e-05 	0.00165697 	7.6735e-05
0.930999 	0.000186347 	0.00161681 	7.45079e-05
0.932518 	0.000188709 	0.00158508 	7.74671e-05
0.934037 	0.000302276 	0.00155295 	7.74334e-05
0.935556 	0.000415842 	0.00152082 	7.73996e-05
0.937075 	0.000529409 	0.00148869 	7.73659e-05
0.938593 	0.000642975 	0.00145656 	7.73321e-05
0.940112 	0.000756542 	0.00142443 	7.72984e-05
0.941631 	0.00105249 	0.00138588 	7.49551e-05
0.94315 	0.00107364 	0.00135074 	7.71636e-05
0.944668 	0.00120292 	0.00131792 	7.69213e-05
0.946187 	0.0013322 	0.00128509 	7.6679e-05
0.947706 	0.00146147 	0.00125227 	7.64367e-05
0.949225 	0.00159075 	0.00121944 	7.61943e-05
0.950743 	0.00184112 	0.00119063 	7.38562e-05
0.952262 	0.00194775 	0.00114963 	7.52908e-05
0.953781 	0.00207979 	0.00111598 	7.53334e-05
0.9553 	0.00222527 	0.00108329 	7.50619e-05
0.956818 	0.00237075 	0.00105061 	7.47905e-05
0.958337 	0.00251623 	0.00101793 	7.4519e-05
0.959856 	0.00266171 	0.000985243 	7.42476e-05
0.961375 	0.00297373 	0.000966679 	7.09303e-05
0.962893 	0.00304509 	0.000918288 	7.35033e-05
0.964412 	0.00320532 	0.000886918 	7.33103e-05
0.965931 	0.00336555 	0.000855548 	7.31173e-05
0.96745 	0.00352577 	0.000824177 	7.29244e-05
0.968968 	0.003686 	0.000792807 	7.27314e-05
0.970487 	0.00384623 	0.000761437 	7.25384e-05
0.972006 	0.00412816 	0.000748496 	6.9885e-05
0.973525 	0.00427155 	0.000706509 	7.11468e-05
0.975044 	0.00442765 	0.000673784 	7.14673e-05
0.976562 	0.0046007 	0.000644635 	7.13346e-05
0.978081 	0.00477375 	0.000615485 	7.12019e-05
0.9796 	0.0049468 	0.000586335 	7.10692e-05
0.981119 	0.00511986 	0.000557186 	7.09365e-05
0.982637 	0.00531603 	0.000533373 	7.02804e-05
0.984156 	0.00561629 	0.000528192 	6.7716e-05
0.985675 	0.00573432 	0.000480222 	6.95081e-05
0.987194 	0.00591828 	0.000454364 	6.93595e-05
0.988712 	0.00610223 	0.000428506 	6.92109e-05
0.990231 	0.00628618 	0.000402648 	6.90623e-05
0.99175 	0.00647013 	0.000376791 	6.89138e-05
0.993269 	0.00665408 	0.000350933 	6.87652e-05
0.994787 	0.00695337 	0.000367152 	6.5488e-05
0.996306 	0.00710131 	0.000315108 	6.69069e-05
0.997825 	0.00729233 	0.000293539 	6.65907e-05
0.999344 	0.00748336 	0.000271971 	6.62745e-05
1.00086 	0.00767438 	0.000250402 	6.59583e-05
1.00238 	0.00786541 	0.000228834 	6.56421e-05
1.0039 	0.00805643 	0.000207265 	6.53259e-05
1.00542 	0.00824746 	0.000185697 	6.50097e-05
1.00694 	0.00853442 	0.000221732 	6.12489e-05
1.00846 	0.00869311 	0.000163377 	6.20324e-05
1.00997 	0.00888808 	0.000146057 	6.14132e-05
1.01149 	0.00908306 	0.000128737 	6.07941e-05
1.01301 	0.00927804 	0.000111417 	6.0175e-05
1.01453 	0.00947301 	9.40967e-05 	5.95558e-05
1.01605 	0.00966799 	7.67767e-05 	5.89367e-05
1.01757 	0.00986297 	5.94566e-05 	5.83176e-05
1.01909 	0.0101017 	0.000100524 	5.53844e-05
1.02061 	0.0103002 	4.88775e-05 	5.45416e-05
1.02213 	0.0104965 	3.63998e-05 	5.36459e-05
1.02364 	0.0106928 	2.39221e-05 	5.27502e-05
1.02516 	0.0108891 	1.14444e-05 	5.18546e-05
1.02668 	0.0110855 	-1.03326e-06 	5.09589e-05
1.0282 	0.0112818 	-1.35109e-05 	5.00632e-05
1.02972 	0.0114781 	-2.59886e-05 	4.91675e-05
1.03124 	0.011665 	9.15076e-06 	4.7749e-05
1.03276 	0.0118957 	-2.36063e-05 	4.56348e-05
1.03428 	0.012091 	-3.31057e-05 	4.45927e-05
1.03579 	0.0122842 	-4.06697e-05 	4.36055e-05
1.03731 	0.0124774 	-4.82338e-05 	4.26183e-05
1.03883 	0.0126705 	-5.57978e-05 	4.16311e-05
1.04035 	0.0128637 	-6.33618e-05 	4.06439e-05
1.04187 	0.0130569 	-7.09258e-05 	3.96567e-05
1.04339 	0.0132319 	-6.35044e-05 	3.88864e-05
1.04491 	0.0134038 	-4.37032e-05 	3.78128e-05
1.04643 	0.0136311 	-6.54375e-05 	3.5849e-05
1.04794 	0.0138173 	-6.83479e-05 	3.48072e-05
1.04946 	0.0140036 	-7.12582e-05 	3.37654e-05
1.05098 	0.0141898 	-7.41686e-05 	3.27236e-05
1.0525 	0.0143761 	-7.70789e-05 	3.16818e-05
1.05402 	0.0145623 	-7.99893e-05 	3.064e-05
1.05554 	0.0147486 	-8.28996e-05 	2.95982e-05
1.05706 	0.014871 	-5.8032e-05 	2.9516e-05
1.05858 	0.0150749 	-5.80919e-05 	2.8004e-05
1.06009 	0.0152795 	-6.43031e-05 	2.64169e-05
1.06161 	0.0154559 	-6.28866e-05 	2.52715e-05
1.06313 	0.0156323 	-6.14701e-05 	2.41262e-05
1.06465 	0.0158087 	-6.00536e-05 	2.29809e-05
1.06617 	0.0159851 	-5.86371e-05 	2.18355e-05
1.06769 	0.0161615 	-5.72206e-05 	2.06902e-05
1.06921 	0.0163379 	-5.5804e-05 	1.95448e-05
1.07073 	0.0164235 	-3.06542e-05 	1.95959e-05
1.07224 	0.0166198 	-2.72028e-05 	1.84283e-05
1.07376 	0.0168146 	-2.73667e-05 	1.69805e-05
1.07528 	0.0169783 	-2.23261e-05 	1.57792e-05
1.0768 	0.017142 	-1.72855e-05 	1.45779e-05
1.07832 	0.0173057 	-1.22448e-05 	1.33766e-05
1.07984 	0.0174694 	-7.20421e-06 	1.21753e-05
1.08136 	0.0176331 	-2.16358e-06 	1.0974e-05
1.08288 	0.0177968 	2.87705e-06 	9.77275e-06
1.08439 	0.0178905 	1.92718e-05 	9.2095e-06
1.08591 	0.0180103 	3.48558e-05 	8.56453e-06
1.08743 	0.01822 	3.66368e-05 	7.1048e-06
1.08895 	0.0183687 	4.45693e-05 	5.99498e-06
1.09047 	0.0185175 	5.25018e-05 	4.88517e-06
1.09199 	0.0186662 	6.04342e-05 	3.77535e-06
1.09351 	0.018815 	6.83667e-05 	2.66553e-06
1.09503 	0.0189637 	7.62992e-05 	1.55572e-06
1.09654 	0.0191124 	8.42316e-05 	4.45901e-07
1.09806 	0.0192612 	9.21641e-05 	-6.63916e-07
1.09958 	0.0192451 	0.000116203 	-5.78356e-07
1.1011 	0.0194804 	0.000120919 	-2.63294e-06
1.10262 	0.0196183 	0.000130494 	-3.70655e-06
1.10414 	0.0197503 	0.000140371 	-4.72238e-06
1.10566 	0.0198824 	0.000150248 	-5.73822e-06
1.10718 	0.0200145 	0.000160124 	-6.75406e-06
1.10869 	0.0201465 	0.000170001 	-7.76989e-06
1.11021 	0.0202786 	0.000179878 	-8.78573e-06
1.11173 	0.0204106 	0.000189754 	-9.80157e-06
1.11325 	0.0205023 	0.000201595 	-1.04254e-05
1.11477 	0.0205213 	0.000217826 	-1.04401e-05
1.11629 	0.0207217 	0.000227684 	-1.25142e-05
1.11781 	0.0208365 	0.000238557 	-1.34746e-05
1.11933 	0.0209514 	0.00024943 	-1.44351e-05
1.12084 	0.0210662 	0.000260304 	-1.53955e-05
1.12236 	0.0211811 	0.000271177 	-1.63559e-05
1.12388 	0.0212959 	0.00028205 	-1.73164e-05
1.1254 	0.0214108 	0.000292923 	-1.82768e-05
1.12692 	0.0215256 	0.000303796 	-1.92373e-05
1.12844 	0.0216026 	0.000315021 	-1.97427e-05
1.12996 	0.0216044 	0.00032741 	-1.93758e-05
1.13148 	0.0217825 	0.000339902 	-2.1248e-05
1.13299 	0.0218801 	0.00035109 	-2.20762e-05
1.13451 	0.0219777 	0.000362278 	-2.29044e-05
1.13603 	0.0220753 	0.000373467 	-2.37327e-05
1.13755 	0.0221729 	0.000384655 	-2.45609e-05
1.13907 	0.0222705 	0.000395843 	-2.53891e-05
1.14059 	0.0223681 	0.000407031 	-2.62173e-05
1.14211 	0.0224657 	0.00041822 	-2.70455e-05
1.14363 	0.0225632 	0.000429408 	-2.78737e-05
1.14514 	0.022526 	0.000437867 	-2.70995e-05
1.14666 	0.0226605 	0.00045116 	-2.84415e-05
1.14818 	0.0227586 	0.000462691 	-2.92873e-05
1.1497 	0.0228396 	0.000473525 	-2.99077e-05
1.15122 	0.0229206 	0.000484358 	-3.05282e-05
1.15274 	0.0230016 	0.000495192 	-3.11486e-05
1.15426 	0.0230825 	0.000506026 	-3.17691e-05
1.15578 	0.0231635 	0.00051686 	-3.23895e-05
1.15729 	0.0232445 	0.000527694 	-3.301e-05
1.15881 	0.0233255 	0.000538528 	-3.36305e-05
1.16033 	0.0233574 	0.000547099 	-3.37091e-05
1.16185 	0.023368 	0.000554791 	-3.35736e-05
1.16337 	0.0234849 	0.000567538 	-3.46417e-05
1.16489 	0.0235509 	0.000577484 	-3.50428e-05
1.16641 	0.0236169 	0.00058743 	-3.54438e-05
1.16793 	0.0236828 	0.000597376 	-3.58448e-05
1.16944 	0.0237488 	0.000607322 	-3.62458e-05
1.17096 	0.0238148 	0.000617268 	-3.66468e-05
1.17248 	0.0238807 	0.000627214 	-3.70478e-05
1.174 	0.0239467 	0.00063716 	-3.74488e-05
1.17552 	0.0240126 	0.000647106 	-3.78498e-05
1.17704 	0.0240233 	0.000653494 	-3.77248e-05
1.17856 	0.0240478 	0.000660641 	-3.77596e-05
1.18008 	0.0241356 	0.000671683 	-3.84269e-05
1.18159 	0.0241885 	0.000680486 	-3.87426e-05
1.18311 	0.0242414 	0.00068929 	-3.90584e-05
1.18463 	0.0242943 	0.000698093 	-3.93742e-05
1.18615 	0.0243471 	0.000706896 	-3.969e-05
1.18767 	0.0244 	0.0007157 	-4.00058e-05
1.18919 	0.0244529 	0.000724503 	-4.03216e-05
1.19071 	0.0245058 	0.000733307 	-4.06374e-05
1.19223 	0.0245587 	0.00074211 	-4.09532e-05
1.19374 	0.024578 	0.000748282 	-4.10292e-05
1.19526 	0.0245804 	0.000752923 	-4.1014e-05
1.19678 	0.0246548 	0.000762717 	-4.1604e-05
1.1983 	0.0246962 	0.000770207 	-4.20156e-05
1.19982 	0.0247376 	0.000777698 	-4.24271e-05
1.20134 	0.024779 	0.000785188 	-4.28387e-05
1.20286 	0.0248203 	0.000792679 	-4.32502e-05
1.20438 	0.0248617 	0.000800169 	-4.36618e-05
1.20589 	0.0249031 	0.000807659 	-4.40733e-05
1.20741 	0.0249445 	0.00081515 	-4.44849e-05
1.20893 	0.0249858 	0.00082264 	-4.48965e-05
1.21045 	0.0250268 	0.000830097 	-4.53059e-05
1.21197 	0.0250087 	0.000832273 	-4.53807e-05
1.21349 	0.0250515 	0.00083899 	-4.60028e-05
1.21501 	0.0250939 	0.000845837 	-4.66002e-05
1.21653 	0.0251258 	0.000852007 	-4.70871e-05
1.21805 	0.0251576 	0.000858178 	-4.7574e-05
1.21956 	0.0251894 	0.000864348 	-4.8061e-05
1.22108 	0.0252213 	0.000870518 	-4.85479e-05
1.2226 	0.0252531 	0.000876689 	-4.90349e-05
1.22412 	0.025285 	0.000882859 	-4.95218e-05
1.22564 	0.0253168 	0.000889029 	-5.00088e-05
1.22716 	0.0253486 	0.0008952 	-5.04957e-05
1.22868 	0.0253681 	0.00090022 	-5.08302e-05
1.2302 	0.0253594 	0.000902539 	-5.0819e-05
1.23171 	0.0254017 	0.000908289 	-5.14631e-05
1.23323 	0.0254298 	0.000913408 	-5.18643e-05
1.23475 	0.0254542 	0.000918369 	-5.22044e-05
1.23627 	0.0254787 	0.00092333 	-5.25446e-05
1.23779 	0.0255032 	0.000928291 	-5.28848e-05
1.23931 	0.0255276 	0.000933252 	-5.32249e-05
1.24083 	0.0255521 	0.000938213 	-5.35651e-05
1.24235 	0.0255766 	0.000943174 	-5.39052e-05
1.24386 	0.025601 	0.000948135 	-5.42454e-05
1.24538 	0.0256255 	0.000953096 	-5.45856e-05
1.2469 	0.0256418 	0.000957325 	-5.47651e-05
1.24842 	0.0256353 	0.000959499 	-5.44945e-05
1.24994 	0.0256665 	0.00096344 	-5.49188e-05
1.25146 	0.0256889 	0.000967335 	-5.51e-05
1.25298 	0.0257079 	0.000971212 	-5.51855e-05
1.2545 	0.0257268 	0.000975088 	-5.5271e-05
1.25601 	0.0257457 	0.000978965 	-5.53564e-05
1.25753 	0.0257646 	0.000982841 	-5.54419e-05
1.25905 	0.0257835 	0.000986717 	-5.55274e-05
1.26057 	0.0258024 	0.000990594 	-5.56129e-05
1.26209 	0.0258213 	0.00099447 	-5.56984e-05
1.26361 	0.0258403 	0.000998347 	-5.57839e-05
1.26513 	0.0258592 	0.00100222 	-5.58693e-05
1.26665 	0.0258574 	0.00100455 	-5.54174e-05
1.26816 	0.0258715 	0.00100688 	-5.53709e-05
1.26968 	0.0258919 	0.00100946 	-5.54867e-05
1.2712 	0.0259069 	0.00101242 	-5.54574e-05
1.27272 	0.0259219 	0.00101539 	-5.54281e-05
1.27424 	0.0259369 	0.00101836 	-5.53989e-05
1.27576 	0.0259518 	0.00102133 	-5.53696e-05
1.27728 	0.0259668 	0.00102429 	-5.53404e-05
1.2788 	0.0259818 	0.00102726 	-5.53111e-05
1.28031 	0.0259968 	0.00103023 	-5.52818e-05
1.28183 	0.0260117 	0.0010332 	-5.52526e-05
1.28335 	0.0260267 	0.00103617 	-5.52233e-05
1.28487 	0.0260369 	0.00103894 	-5.50639e-05
1.28639 	0.0260366 	0.00104129 	-5.46186e-05
1.28791 	0.0260544 	0.0010425 	-5.43447e-05
1.28943 	0.0260686 	0.00104436 	-5.42048e-05
1.29095 	0.0260808 	0.00104659 	-5.41373e-05
1.29246 	0.026093 	0.00104881 	-5.40698e-05
1.29398 	0.0261052 	0.00105104 	-5.40024e-05
1.2955 	0.0261174 	0.00105326 	-5.39349e-05
1.29702 	0.0261296 	0.00105549 	-5.38674e-05
1.29854 	0.0261418 	0.00105771 	-5.37999e-05
1.30006 	0.026154 	0.00105994 	-5.37324e-05
1.30158 	0.0261662 	0.00106217 	-5.3665e-05
1.3031 	0.0261784 	0.00106439 	-5.35975e-05
1.30461 	0.0261865 	0.00106667 	-5.3564e-05
1.30613 	0.0261884 	0.00106895 	-5.35541e-05
1.30765 	0.0262025 	0.0010693 	-5.27435e-05
1.30917 	0.026214 	0.00107049 	-5.23435e-05
1.31069 	0.0262241 	0.00107212 	-5.21562e-05
1.31221 	0.0262342 	0.00107374 	-5.1969e-05
1.31373 	0.0262443 	0.00107537 	-5.17817e-05
1.31525 	0.0262544 	0.00107699 	-5.15945e-05
1.31676 	0.0262645 	0.00107862 	-5.14072e-05
1.31828 	0.0262746 	0.00108024 	-5.122e-05
1.3198 	0.0262847 	0.00108186 	-5.10327e-05
1.32132 	0.0262948 	0.00108349 	-5.08455e-05
1.32284 	0.026305 	0.00108511 	-5.06582e-05
1.32436 	0.0263139 	0.00108684 	-5.05825e-05
1.32588 	0.0263164 	0.00108914 	-5.11293e-05
1.3274 	0.0263258 	0.0010895 	-5.04607e-05
1.32891 	0.0263361 	0.0010898 	-4.97084e-05
1.33043 	0.0263448 	0.00109096 	-4.94225e-05
1.33195 	0.0263534 	0.00109212 	-4.91366e-05
1.33347 	0.026362 	0.00109329 	-4.88506e-05
1.33499 	0.0263706 	0.00109445 	-4.85647e-05
1.33651 	0.0263792 	0.00109561 	-4.82787e-05
1.33803 	0.0263878 	0.00109678 	-4.79928e-05
1.33955 	0.0263964 	0.00109794 	-4.77068e-05
1.34106 	0.026405 	0.0010991 	-4.74209e-05
1.34258 	0.0264136 	0.00110027 	-4.71349e-05
1.3441 	0.0264222 	0.00110143 	-4.6849e-05
1.34562 	0.0264276 	0.0011032 	-4.72199e-05
1.34714 	0.0264322 	0.00110479 	-4.76611e-05
1.34866 	0.0264417 	0.00110428 	-4.68345e-05
1.35018 	0.0264498 	0.00110477 	-4.64538e-05
1.3517 	0.0264574 	0.00110556 	-4.62054e-05
1.35321 	0.0264651 	0.00110635 	-4.5957e-05
1.35473 	0.0264727 	0.00110714 	-4.57086e-05
1.35625 	0.0264803 	0.00110793 	-4.54603e-05
1.35777 	0.026488 	0.00110872 	-4.52119e-05
1.35929 	0.0264956 	0.00110951 	-4.49635e-05
1.36081 	0.0265033 	0.0011103 	-4.47151e-05
1.36233 	0.0265109 	0.00111109 	-4.44667e-05
1.36385 	0.0265186 	0.00111188 	-4.42184e-05
1.36536 	0.0265262 	0.00111267 	-4.397e-05
1.36688 	0.0265311 	0.00111429 	-4.44547e-05
1.3684 	0.0265366 	0.00111521 	-4.47896e-05
1.36992 	0.026545 	0.00111434 	-4.44501e-05
1.37144 	0.0265522 	0.00111469 	-4.43232e-05
1.37296 	0.0265592 	0.00111521 	-4.42265e-05
1.37448 	0.0265663 	0.00111573 	-4.41299e-05
1.376 	0.0265733 	0.00111625 	-4.40332e-05
1.37751 	0.0265804 	0.00111677 	-4.39365e-05
1.37903 	0.0265874 	0.0011173 	-4.38398e-05
1.38055 	0.0265944 	0.00111782 	-4.37432e-05
1.38207 	0.0266015 	0.00111834 	-4.36465e-05
1.38359 	0.0266085 	0.00111886 	-4.35498e-05
1.38511 	0.0266156 	0.00111938 	-4.34531e-05
1.38663 	0.0266226 	0.0011199 	-4.33565e-05
1.38815 	0.0266281 	0.0011212 	-4.35434e-05
1.38966 	0.0266333 	0.00112245 	-4.38438e-05
1.39118 	0.026641 	0.00112151 	-4.39585e-05
1.3927 	0.026648 	0.00112144 	-4.39924e-05
1.39422 	0.0266547 	0.00112176 	-4.39886e-05
1.39574 	0.0266614 	0.00112208 	-4.39849e-05
1.39726 	0.0266682 	0.0011224 	-4.39811e-05
1.39878 	0.0266749 	0.00112273 	-4.39774e-05
1.4003 	0.0266816 	0.00112305 	-4.39736e-05
1.40181 	0.0266883 	0.00112337 	-4.39699e-05
1.40333 	0.0266951 	0.00112369 	-4.39661e-05
1.40485 	0.0267018 	0.00112402 	-4.39624e-05
1.40637 	0.0267085 	0.00112434 	-4.39586e-05
1.40789 	0.0267152 	0.00112466 	-4.39549e-05
1.40941 	0.0267216 	0.00112522 	-4.39328e-05
1.41093 	0.0267265 	0.00112661 	-4.38449e-05
1.41245 	0.0267333 	0.00112626 	-4.38941e-05
1.41396 	0.0267405 	0.00112545 	-4.3981e-05
1.41548 	0.0267472 	0.0011256 	-4.4005e-05
1.417 	0.0267538 	0.00112574 	-4.4029e-05
1.41852 	0.0267604 	0.00112589 	-4.4053e-05
1.42004 	0.026767 	0.00112603 	-4.4077e-05
1.42156 	0.0267736 	0.00112618 	-4.4101e-05
1.42308 	0.0267802 	0.00112632 	-4.4125e-05
1.4246 	0.0267869 	0.00112647 	-4.4149e-05
1.42612 	0.0267935 	0.00112661 	-4.4173e-05
1.42763 	0.0268001 	0.00112676 	-4.4197e-05
1.42915 	0.0268067 	0.0011269 	-4.4221e-05
1.43067 	0.0268133 	0.00112705 	-4.4245e-05
1.43219 	0.0268193 	0.0011277 	-4.42035e-05
1.43371 	0.0268246 	0.00112887 	-4.40962e-05
1.43523 	0.026832 	0.00112787 	-4.41232e-05
1.43675 	0.0268391 	0.00112726 	-4.41493e-05
1.43827 	0.0268457 	0.00112727 	-4.41689e-05
1.43978 	0.0268524 	0.00112727 	-4.41884e-05
1.4413 	0.026859 	0.00112728 	-4.42079e-05
1.44282 	0.0268656 	0.00112728 	-4.42274e-05
1.44434 	0.0268723 	0.00112729 	-4.42469e-05
1.44586 	0.0268789 	0.00112729 	-4.42664e-05
1.44738 	0.0268855 	0.0011273 	-4.42859e-05
1.4489 	0.0268922 	0.00112731 	-4.43055e-05
1.45042 	0.0268988 	0.00112731 	-4.4325e-05
1.45193 	0.0269054 	0.00112732 	-4.43445e-05
1.45345 	0.0269121 	0.00112732 	-4.4364e-05
1.45497 	0.0269182 	0.00112778 	-4.43623e-05
1.45649 	0.0269238 	0.00112871 	-4.43388e-05
1.45801 	0.0269312 	0.00112775 	-4.44253e-05
1.45953 	0.0269384 	0.00112701 	-4.44876e-05
1.46105 	0.0269452 	0.00112689 	-4.44934e-05
1.46257 	0.0269519 	0.00112678 	-4.44993e-05
1.46408 	0.0269587 	0.00112666 	-4.45051e-05
1.4656 	0.0269655 	0.00112654 	-4.45109e-05
1.46712 	0.0269723 	0.00112642 	-4.45167e-05
1.46864 	0.0269791 	0.00112631 	-4.45225e-05
1.47016 	0.0269858 	0.00112619 	-4.45283e-05
1.47168 	0.0269926 	0.00112607 	-4.45341e-05
1.4732 	0.0269994 	0.00112596 	-4.454e-05
1.47472 	0.0270062 	0.00112584 	-4.45458e-05
1.47623 	0.027013 	0.00112572 	-4.45516e-05
1.47775 	0.0270196 	0.00112577 	-4.45456e-05
1.47927 	0.0270255 	0.00112646 	-4.44943e-05
1.48079 	0.0270326 	0.001126 	-4.45506e-05
1.48231 	0.0270402 	0.00112487 	-4.46699e-05
1.48383 	0.0270473 	0.00112466 	-4.47239e-05
1.48535 	0.0270544 	0.00112445 	-4.47778e-05
1.48687 	0.0270614 	0.00112424 	-4.48318e-05
1.48838 	0.0270685 	0.00112402 	-4.48857e-05
1.4899 	0.0270755 	0.00112381 	-4.49397e-05
1.49142 	0.0270826 	0.0011236 	-4.49936e-05
1.49294 	0.0270896 	0.00112338 	-4.50476e-05
1.49446 	0.0270967 	0.00112317 	-4.51015e-05
1.49598 	0.0271037 	0.00112296 	-4.51555e-05
1.4975 	0.0271108 	0.00112275 	-4.52094e-05
1.49902 	0.0271178 	0.00112253 	-4.52634e-05
1.50053 	0.0271249 	0.00112232 	-4.53173e-05
1.50205 	0.0271314 	0.00112259 	-4.53407e-05
1.50357 	0.0271378 	0.00112306 	-4.53588e-05
1.50509 	0.0271458 	0.00112194 	-4.56351e-05
1.50661 	0.0271536 	0.00112115 	-4.58621e-05
1.50813 	0.0271608 	0.00112083 	-4.60178e-05
1.50965 	0.0271681 	0.00112051 	-4.61735e-05
1.51117 	0.0271754 	0.00112019 	-4.63292e-05
1.51268 	0.0271827 	0.00111988 	-4.64849e-05
1.5142 	0.02719 	0.00111956 	-4.66407e-05
1.51572 	0.0271972 	0.00111924 	-4.67964e-05
1.51724 	0.0272045 	0.00111893 	-4.69521e-05
1.51876 	0.0272118 	0.00111861 	-4.71078e-05
1.52028 	0.0272191 	0.00111829 	-4.72635e-05
1.5218 	0.0272263 	0.00111797 	-4.74193e-05
1.52332 	0.0272336 	0.00111766 	-4.7575e-05
1.52483 	0.0272409 	0.00111734 	-4.77307e-05
1.52635 	0.0272474 	0.00111753 	-4.77548e-05
1.52787 	0.0272542 	0.00111755 	-4.78469e-05
1.52939 	0.0272622 	0.00111636 	-4.83352e-05
1.53091 	0.02727 	0.0011156 	-4.86898e-05
1.53243 	0.0272775 	0.00111519 	-4.89303e-05
1.53395 	0.027285 	0.00111478 	-4.91708e-05
1.53547 	0.0272924 	0.00111436 	-4.94113e-05
1.53698 	0.0272999 	0.00111395 	-4.96518e-05
1.5385 	0.0273074 	0.00111354 	-4.98923e-05
1.54002 	0.0273149 	0.00111313 	-5.01328e-05
1.54154 	0.0273224 	0.00111272 	-5.03733e-05
1.54306 	0.0273299 	0.00111231 	-5.06138e-05
1.54458 	0.0273373 	0.0011119 	-5.08543e-05
1.5461 	0.0273448 	0.00111149 	-5.10948e-05
1.54762 	0.0273523 	0.00111108 	-5.13353e-05
1.54913 	0.0273598 	0.00111067 	-5.15758e-05
1.55065 	0.0273668 	0.0011107 	-5.15589e-05
1.55217 	0.0273737 	0.00111076 	-5.15152e-05
1.55369 	0.027382 	0.00110957 	-5.20593e-05
1.55521 	0.0273901 	0.00110868 	-5.24915e-05
1.55673 	0.0273978 	0.00110819 	-5.27667e-05
1.55825 	0.0274055 	0.00110769 	-5.30419e-05
1.55977 	0.0274132 	0.0011072 	-5.33172e-05
1.56128 	0.0274208 	0.00110671 	-5.35924e-05
1.5628 	0.0274285 	0.00110622 	-5.38676e-05
1.56432 	0.0274362 	0.00110573 	-5.41428e-05
1.56584 	0.0274439 	0.00110523 	-5.44181e-05
1.56736 	0.0274516 	0.00110474 	-5.46933e-05
1.56888 	0.0274593 	0.00110425 	-5.49685e-05
1.5704 	0.027467 	0.00110376 	-5.52437e-05
1.57192 	0.0274747 	0.00110327 	-5.5519e-05
1.57343 	0.0274824 	0.00110277 	-5.57942e-05
1.57495 	0.0274898 	0.0011025 	-5.58929e-05
1.57647 	0.0274968 	0.00110252 	-5.5749e-05
1.57799 	0.0275049 	0.00110163 	-5.60847e-05
1.57951 	0.0275134 	0.00110046 	-5.65695e-05
1.58103 	0.0275212 	0.00109989 	-5.68429e-05
1.58255 	0.0275291 	0.00109931 	-5.71163e-05
1.58407 	0.0275369 	0.00109873 	-5.73896e-05
1.58558 	0.0275448 	0.00109816 	-5.7663e-05
1.5871 	0.0275526 	0.00109758 	-5.79364e-05
1.58862 	0.0275605 	0.00109701 	-5.82098e-05
1.59014 	0.0275683 	0.00109643 	-5.84832e-05
1.59166 	0.0275762 	0.00109585 	-5.87565e-05
1.59318 	0.027584 	0.00109528 	-5.90299e-05
1.5947 	0.0275919 	0.0010947 	-5.93033e-05
1.59622 	0.0275997 	0.00109413 	-5.95767e-05
1.59773 	0.0276076 	0.00109355 	-5.98501e-05
1.59925 	0.0276154 	0.00109297 	-6.01234e-05
1.60077 	0.0276226 	0.00109277 	-6.00043e-05
1.60229 	0.02763 	0.00109246 	-5.9929e-05
1.60381 	0.0276387 	0.00109128 	-6.03717e-05
1.60533 	0.0276471 	0.00109035 	-6.0699e-05
1.60685 	0.027655 	0.00108973 	-6.08898e-05
1.60837 	0.027663 	0.0010891 	-6.10806e-05
1.60988 	0.027671 	0.00108848 	-6.12713e-05
1.6114 	0.027679 	0.00108785 	-6.14621e-05
1.61292 	0.027687 	0.00108722 	-6.16528e-05
1.61444 	0.0276949 	0.0010866 	-6.18436e-05
1.61596 	0.0277029 	0.00108597 	-6.20343e-05
1.61748 	0.0277109 	0.00108535 	-6.22251e-05
1.619 	0.0277189 	0.00108472 	-6.24158e-05
1.62052 	0.0277269 	0.00108409 	-6.26066e-05
1.62204 	0.0277348 	0.00108347 	-6.27973e-05
1.62355 	0.0277428 	0.00108284 	-6.29881e-05
1.62507 	0.0277507 	0.00108224 	-6.31345e-05
1.62659 	0.0277578 	0.00108195 	-6.27619e-05
1.62811 	0.0277656 	0.00108136 	-6.25995e-05
1.62963 	0.0277745 	0.00108025 	-6.27911e-05
1.63115 	0.0277828 	0.00107942 	-6.2856e-05
1.63267 	0.0277909 	0.00107876 	-6.28513e-05
1.63419 	0.027799 	0.0010781 	-6.28466e-05
1.6357 	0.027807 	0.00107743 	-6.28419e-05
1.63722 	0.0278151 	0.00107677 	-6.28372e-05
1.63874 	0.0278231 	0.00107611 	-6.28325e-05
1.64026 	0.0278312 	0.00107544 	-6.28278e-05
1.64178 	0.0278393 	0.00107478 	-6.28231e-05
1.6433 	0.0278473 	0.00107412 	-6.28185e-05
1.64482 	0.0278554 	0.00107345 	-6.28138e-05
1.64634 	0.0278634 	0.00107279 	-6.28091e-05
1.64785 	0.0278715 	0.00107213 	-6.28044e-05
1.64937 	0.0278796 	0.00107147 	-6.27997e-05
1.65089 	0.0278875 	0.00107082 	-6.27536e-05
1.65241 	0.0278946 	0.00107035 	-6.22652e-05
1.65393 	0.0279023 	0.00106967 	-6.18466e-05
1.65545 	0.0279112 	0.0010686 	-6.15489e-05
1.65697 	0.0279196 	0.00106775 	-6.12638e-05
1.65849 	0.0279277 	0.00106703 	-6.09861e-05
1.66 	0.0279359 	0.00106632 	-6.07085e-05
1.66152 	0.027944 	0.0010656 	-6.04309e-05
1.66304 	0.0279521 	0.00106488 	-6.01532e-05
1.66456 	0.0279602 	0.00106416 	-5.98756e-05
1.66608 	0.0279683 	0.00106344 	-5.9598e-05
1.6676 	0.0279764 	0.00106272 	-5.93203e-05
1.66912 	0.0279845 	0.001062 	-5.90427e-05
1.67064 	0.0279926 	0.00106128 	-5.87651e-05
1.67215 	0.0280007 	0.00106056 	-5.84874e-05
1.67367 	0.0280089 	0.00105984 	-5.82098e-05
1.67519 	0.028017 	0.00105912 	-5.79322e-05
1.67671 	0.0280251 	0.0010584 	-5.76545e-05
1.67823 	0.0280324 	0.00105777 	-5.73166e-05
1.67975 	0.0280398 	0.00105708 	-5.69239e-05
1.68127 	0.0280488 	0.00105599 	-5.62912e-05
1.68279 	0.0280574 	0.00105503 	-5.57307e-05
1.6843 	0.0280656 	0.00105424 	-5.52704e-05
1.68582 	0.0280738 	0.00105345 	-5.48101e-05
1.68734 	0.028082 	0.00105266 	-5.43497e-05
1.68886 	0.0280902 	0.00105187 	-5.38894e-05
1.69038 	0.0280984 	0.00105108 	-5.34291e-05
1.6919 	0.0281066 	0.0010503 	-5.29688e-05
1.69342 	0.0281148 	0.00104951 	-5.25084e-05
1.69494 	0.028123 	0.00104872 	-5.20481e-05
1.69645 	0.0281312 	0.00104793 	-5.15878e-05
1.69797 	0.0281394 	0.00104714 	-5.11275e-05
1.69949 	0.0281476 	0.00104635 	-5.06671e-05
1.70101 	0.0281558 	0.00104556 	-5.02068e-05
1.70253 	0.028164 	0.00104477 	-4.97465e-05
1.70405 	0.0281718 	0.00104401 	-4.94193e-05
1.70557 	0.0281793 	0.00104329 	-4.92136e-05
1.70709 	0.0281879 	0.00104221 	-4.87544e-05
1.7086 	0.0281968 	0.00104103 	-4.82287e-05
1.71012 	0.0282052 	0.00104019 	-4.77672e-05
1.71164 	0.0282135 	0.00103934 	-4.73057e-05
1.71316 	0.0282219 	0.00103849 	-4.68442e-05
1.71468 	0.0282303 	0.00103764 	-4.63827e-05
1.7162 	0.0282387 	0.0010368 	-4.59212e-05
1.71772 	0.028247 	0.00103595 	-4.54597e-05
1.71924 	0.0282554 	0.0010351 	-4.49982e-05
1.72075 	0.0282638 	0.00103426 	-4.45367e-05
1.72227 	0.0282722 	0.00103341 	-4.40752e-05
1.72379 	0.0282805 	0.00103256 	-4.36137e-05
1.72531 	0.0282889 	0.00103171 	-4.31522e-05
1.72683 	0.0282973 	0.00103087 	-4.26907e-05
1.72835 	0.0283057 	0.00103002 	-4.22292e-05
1.72987 	0.028314 	0.00102917 	-4.17677e-05
1.73139 	0.0283219 	0.00102845 	-4.14252e-05
1.7329 	0.02833 	0.0010276 	-4.10631e-05
1.73442 	0.028339 	0.00102636 	-4.06341e-05
1.73594 	0.0283478 	0.00102529 	-4.01973e-05
1.73746 	0.0283563 	0.00102441 	-3.97523e-05
1.73898 	0.0283648 	0.00102353 	-3.93072e-05
1.7405 	0.0283733 	0.00102264 	-3.88622e-05
1.74202 	0.0283818 	0.00102176 	-3.84172e-05
1.74354 	0.0283903 	0.00102088 	-3.79722e-05
1.74505 	0.0283988 	0.00102 	-3.75272e-05
1.74657 	0.0284073 	0.00101912 	-3.70822e-05
1.74809 	0.0284158 	0.00101823 	-3.66372e-05
1.74961 	0.0284243 	0.00101735 	-3.61922e-05
1.75113 	0.0284328 	0.00101647 	-3.57472e-05
1.75265 	0.0284413 	0.00101559 	-3.53022e-05
1.75417 	0.0284498 	0.0010147 	-3.48571e-05
1.75569 	0.0284583 	0.00101382 	-3.44121e-05
1.7572 	0.0284667 	0.00101299 	-3.39769e-05
1.75872 	0.0284746 	0.00101226 	-3.35653e-05
1.76024 	0.0284832 	0.00101128 	-3.31391e-05
1.76176 	0.0284923 	0.00101008 	-3.27009e-05
1.76328 	0.028501 	0.00100912 	-3.22914e-05
1.7648 	0.0285095 	0.00100822 	-3.18893e-05
1.76632 	0.028518 	0.00100732 	-3.14871e-05
1.76784 	0.0285265 	0.00100642 	-3.10849e-05
1.76935 	0.028535 	0.00100551 	-3.06827e-05
1.77087 	0.0285436 	0.00100461 	-3.02805e-05
1.77239 	0.0285521 	0.00100371 	-2.98783e-05
1.77391 	0.0285606 	0.00100281 	-2.94762e-05
1.77543 	0.0285691 	0.0010019 	-2.9074e-05
1.77695 	0.0285776 	0.001001 	-2.86718e-05
1.77847 	0.0285862 	0.0010001 	-2.82696e-05
1.77999 	0.0285947 	0.000999197 	-2.78674e-05
1.7815 	0.0286032 	0.000998295 	-2.74652e-05
1.78302 	0.0286117 	0.000997392 	-2.70631e-05
1.78454 	0.0286199 	0.000996538 	-2.67233e-05
1.78606 	0.0286277 	0.000995737 	-2.64545e-05
1.78758 	0.0286365 	0.000994681 	-2.61452e-05
1.7891 	0.0286457 	0.00099353 	-2.58209e-05
1.79062 	0.0286542 	0.000992605 	-2.55592e-05
1.79214 	0.0286627 	0.000991684 	-2.52987e-05
1.79365 	0.0286711 	0.000990764 	-2.50382e-05
1.79517 	0.0286796 	0.000989843 	-2.47777e-05
1.79669 	0.0286881 	0.000988923 	-2.45172e-05
1.79821 	0.0286966 	0.000988002 	-2.42567e-05
1.79973 	0.028705 	0.000987081 	-2.39962e-05
1.80125 	0.0287135 	0.000986161 	-2.37357e-05
1.80277 	0.028722 	0.00098524 	-2.34752e-05
1.80429 	0.0287304 	0.00098432 	-2.32147e-05
1.8058 	0.0287389 	0.000983399 	-2.29542e-05
1.80732 	0.0287474 	0.000982478 	-2.26937e-05
1.80884 	0.0287559 	0.000981558 	-2.24332e-05
1.81036 	0.0287643 	0.000980637 	-2.21727e-05
1.81188 	0.0287724 	0.000979736 	-2.2004e-05
1.8134 	0.0287801 	0.000978853 	-2.19183e-05
1.81492 	0.0287889 	0.000977765 	-2.16644e-05
1.81644 	0.0287979 	0.000976635 	-2.13751e-05
1.81795 	0.0288064 	0.0009757 	-2.12352e-05
1.81947 	0.0288148 	0.000974765 	-2.10954e-05
1.82099 	0.0288233 	0.00097383 	-2.09555e-05
1.82251 	0.0288317 	0.000972895 	-2.08156e-05
1.82403 	0.0288402 	0.00097196 	-2.06757e-05
1.82555 	0.0288486 	0.000971024 	-2.05358e-05
1.82707 	0.028857 	0.000970089 	-2.03959e-05
1.82859 	0.0288655 	0.000969154 	-2.0256e-05
1.83011 	0.0288739 	0.000968219 	-2.01161e-05
1.83162 	0.0288824 	0.000967284 	-1.99762e-05
1.83314 	0.0288908 	0.000966349 	-1.98363e-05
1.83466 	0.0288993 	0.000965413 	-1.96964e-05
1.83618 	0.0289077 	0.000964478 	-1.95565e-05
1.8377 	0.0289162 	0.000963543 	-1.94166e-05
1.83922 	0.0289243 	0.000962616 	-1.94192e-05
1.84074 	0.0289322 	0.000961699 	-1.95742e-05
1.84226 	0.0289409 	0.000960599 	-1.94784e-05
1.84377 	0.0289499 	0.000959449 	-1.93077e-05
1.84529 	0.0289584 	0.000958508 	-1.9244e-05
1.84681 	0.0289669 	0.000957566 	-1.91803e-05
1.84833 	0.0289754 	0.000956625 	-1.91166e-05
1.84985 	0.0289839 	0.000955684 	-1.90529e-05
1.85137 	0.0289924 	0.000954742 	-1.89891e-05
1.85289 	0.0290009 	0.000953801 	-1.89254e-05
1.85441 	0.0290094 	0.000952859 	-1.88617e-05
1.85592 	0.0290179 	0.000951918 	-1.8798e-05
1.85744 	0.0290264 	0.000950977 	-1.87343e-05
1.85896 	0.0290348 	0.000950035 	-1.86706e-05
1.86048 	0.0290433 	0.000949094 	-1.86069e-05
1.862 	0.0290518 	0.000948152 	-1.85432e-05
1.86352 	0.0290603 	0.000947211 	-1.84794e-05
1.86504 	0.0290688 	0.000946269 	-1.84157e-05
1.86656 	0.0290771 	0.000945336 	-1.84246e-05
1.86807 	0.029085 	0.000944417 	-1.85623e-05
1.86959 	0.0290937 	0.000943353 	-1.85965e-05
1.87111 	0.0291028 	0.000942212 	-1.85755e-05
1.87263 	0.0291113 	0.00094124 	-1.85265e-05
1.87415 	0.0291198 	0.000940279 	-1.84757e-05
1.87567 	0.0291282 	0.000939318 	-1.84249e-05
1.87719 	0.0291367 	0.000938358 	-1.83741e-05
1.87871 	0.0291452 	0.000937397 	-1.83233e-05
1.88022 	0.0291537 	0.000936436 	-1.82725e-05
1.88174 	0.0291621 	0.000935475 	-1.82217e-05
1.88326 	0.0291706 	0.000934514 	-1.81709e-05
1.88478 	0.0291791 	0.000933553 	-1.812e-05
1.8863 	0.0291875 	0.000932592 	-1.80692e-05
1.88782 	0.029196 	0.000931631 	-1.80184e-05
1.88934 	0.0292045 	0.00093067 	-1.79676e-05
1.89086 	0.029213 	0.000929709 	-1.79168e-05
1.89237 	0.0292214 	0.000928748 	-1.7866e-05
1.89389 	0.0292298 	0.000927783 	-1.78067e-05
1.89541 	0.0292374 	0.000926801 	-1.77069e-05
1.89693 	0.0292457 	0.000925733 	-1.76194e-05
1.89845 	0.0292546 	0.000924572 	-1.75451e-05
1.89997 	0.029263 	0.000923546 	-1.73971e-05
1.90149 	0.0292713 	0.000922556 	-1.72297e-05
1.90301 	0.0292796 	0.000921567 	-1.70624e-05
1.90452 	0.0292879 	0.000920577 	-1.6895e-05
1.90604 	0.0292962 	0.000919587 	-1.67277e-05
1.90756 	0.0293045 	0.000918597 	-1.65603e-05
1.90908 	0.0293127 	0.000917607 	-1.6393e-05
1.9106 	0.029321 	0.000916617 	-1.62256e-05
1.91212 	0.0293293 	0.000915627 	-1.60583e-05
1.91364 	0.0293376 	0.000914637 	-1.58909e-05
1.91516 	0.0293459 	0.000913647 	-1.57236e-05
1.91667 	0.0293542 	0.000912657 	-1.55562e-05
1.91819 	0.0293625 	0.000911667 	-1.53888e-05
1.91971 	0.0293708 	0.000910677 	-1.52215e-05
1.92123 	0.0293791 	0.000909687 	-1.50541e-05
1.92275 	0.0293866 	0.000908674 	-1.47305e-05
1.92427 	0.0293944 	0.000907619 	-1.44015e-05
1.92579 	0.029403 	0.000906457 	-1.40814e-05
1.92731 	0.0294113 	0.000905392 	-1.37529e-05
1.92882 	0.0294195 	0.000904389 	-1.34187e-05
1.93034 	0.0294276 	0.000903386 	-1.30846e-05
1.93186 	0.0294357 	0.000902383 	-1.27505e-05
1.93338 	0.0294438 	0.00090138 	-1.24164e-05
1.9349 	0.0294519 	0.000900377 	-1.20823e-05
1.93642 	0.0294601 	0.000899374 	-1.17482e-05
1.93794 	0.0294682 	0.000898371 	-1.14141e-05
1.93946 	0.0294763 	0.000897368 	-1.108e-05
1.94097 	0.0294844 	0.000896365 	-1.07458e-05
1.94249 	0.0294925 	0.000895362 	-1.04117e-05
1.94401 	0.0295007 	0.000894359 	-1.00776e-05
1.94553 	0.0295088 	0.000893356 	-9.74351e-06
1.94705 	0.0295169 	0.000892353 	-9.4094e-06
1.94857 	0.029525 	0.00089135 	-9.07528e-06
1.95009 	0.0295327 	0.000890321 	-8.70223e-06
1.95161 	0.0295402 	0.000889276 	-8.31179e-06
1.95312 	0.0295488 	0.000888128 	-7.91473e-06
1.95464 	0.0295572 	0.000887031 	-7.49352e-06
1.95616 	0.0295652 	0.000886007 	-7.03711e-06
1.95768 	0.0295732 	0.000884984 	-6.58069e-06
1.9592 	0.0295813 	0.000883961 	-6.12427e-06
1.96072 	0.0295893 	0.000882937 	-5.66785e-06
1.96224 	0.0295973 	0.000881914 	-5.21144e-06
1.96376 	0.0296054 	0.000880891 	-4.75502e-06
1.96527 	0.0296134 	0.000879868 	-4.2986e-06
1.96679 	0.0296214 	0.000878844 	-3.84219e-06
1.96831 	0.0296294 	0.000877821 	-3.38577e-06
1.96983 	0.0296375 	0.000876798 	-2.92935e-06
1.97135 	0.0296455 	0.000875775 	-2.47294e-06
1.97287 	0.0296535 	0.000874751 	-2.01652e-06
1.97439 	0.0296615 	0.000873728 	-1.5601e-06
1.97591 	0.0296696 	0.000872705 	-1.10368e-06
1.97742 	0.0296773 	0.000871654 	-6.15735e-07
1.97894 	0.0296847 	0.000870569 	-8.76372e-08
1.98046 	0.029693 	0.000869416 	4.49374e-07
1.98198 	0.0297013 	0.000868275 	9.82395e-07
1.9835 	0.0297093 	0.000867236 	1.49298e-06
1.98502 	0.0297172 	0.000866197 	2.00357e-06
1.98654 	0.0297252 	0.000865158 	2.51416e-06
1.98806 	0.0297332 	0.000864119 	3.02475e-06
1.98957 	0.0297411 	0.00086308 	3.53534e-06
1.99109 	0.0297491 	0.000862041 	4.04593e-06
1.99261 	0.0297571 	0.000861002 	4.55652e-06
1.99413 	0.0297651 	0.000859963 	5.0671e-06
1.99565 	0.029773 	0.000858924 	5.57769e-06
1.99717 	0.029781 	0.000857885 	6.08828e-06
1.99869 	0.029789 	0.000856846 	6.59887e-06
2.00021 	0.029797 	0.000855807 	7.10946e-06
2.00172 	0.0298049 	0.000854768 	7.62005e-06
2.00324 	0.0298129 	0.000853729 	8.13064e-06
2.00476 	0.0298208 	0.00085268 	8.6295e-06
2.00628 	0.0298283 	0.000851595 	9.08147e-06
2.0078 	0.0298365 	0.00085048 	9.60925e-06
2.00932 	0.029845 	0.00084935 	1.01815e-05
2.01084 	0.0298529 	0.000848316 	1.06552e-05
2.01236 	0.0298609 	0.000847283 	1.11288e-05
2.01387 	0.0298688 	0.000846249 	1.16025e-05
2.01539 	0.0298768 	0.000845215 	1.20762e-05
2.01691 	0.0298848 	0.000844182 	1.25499e-05
2.01843 	0.0298927 	0.000843148 	1.30235e-05
2.01995 	0.0299007 	0.000842114 	1.34972e-05
2.02147 	0.0299086 	0.000841081 	1.39709e-05
2.02299 	0.0299166 	0.000840047 	1.44446e-05
2.02451 	0.0299245 	0.000839013 	1.49182e-05
2.02603 	0.0299325 	0.00083798 	1.53919e-05
2.02754 	0.0299405 	0.000836946 	1.58656e-05
2.02906 	0.0299484 	0.000835912 	1.63393e-05
2.03058 	0.0299564 	0.000834879 	1.68129e-05
2.0321 	0.0299643 	0.000833845 	1.72866e-05
2.03362 	0.0299716 	0.00083273 	1.75607e-05
2.03514 	0.0299795 	0.000831613 	1.7921e-05
2.03666 	0.0299879 	0.000830492 	1.83906e-05
2.03818 	0.0299958 	0.000829448 	1.87614e-05
2.03969 	0.0300036 	0.000828412 	1.91211e-05
2.04121 	0.0300114 	0.000827376 	1.94808e-05
2.04273 	0.0300193 	0.000826339 	1.98405e-05
2.04425 	0.0300271 	0.000825303 	2.02002e-05
2.04577 	0.0300349 	0.000824267 	2.05599e-05
2.04729 	0.0300428 	0.000823231 	2.09196e-05
2.04881 	0.0300506 	0.000822195 	2.12793e-05
2.05033 	0.0300584 	0.000821159 	2.1639e-05
2.05184 	0.0300662 	0.000820123 	2.19987e-05
2.05336 	0.0300741 	0.000819087 	2.23584e-05
2.05488 	0.0300819 	0.000818051 	2.27181e-05
2.0564 	0.0300897 	0.000817015 	2.30777e-05
2.05792 	0.0300975 	0.000815979 	2.34374e-05
2.05944 	0.0301054 	0.000814943 	2.37971e-05
2.06096 	0.0301126 	0.000813827 	2.39628e-05
2.06248 	0.03012 	0.000812697 	2.41522e-05
2.06399 	0.0301281 	0.000811568 	2.44605e-05
2.06551 	0.0301358 	0.000810502 	2.47079e-05
2.06703 	0.0301434 	0.000809451 	2.49425e-05
2.06855 	0.030151 	0.000808399 	2.5177e-05
2.07007 	0.0301586 	0.000807347 	2.54116e-05
2.07159 	0.0301662 	0.000806295 	2.56461e-05
2.07311 	0.0301738 	0.000805243 	2.58807e-05
2.07463 	0.0301814 	0.000804192 	2.61152e-05
2.07614 	0.030189 	0.00080314 	2.63498e-05
2.07766 	0.0301966 	0.000802088 	2.65843e-05
2.07918 	0.0302043 	0.000801036 	2.68189e-05
2.0807 	0.0302119 	0.000799985 	2.70534e-05
2.08222 	0.0302195 	0.000798933 	2.7288e-05
2.08374 	0.0302271 	0.000797881 	2.75225e-05
2.08526 	0.0302347 	0.000796829 	2.77571e-05
2.08678 	0.0302423 	0.000795777 	2.79916e-05
2.08829 	0.0302495 	0.00079466 	2.80809e-05
2.08981 	0.0302568 	0.000793521 	2.81712e-05
2.09133 	0.0302648 	0.000792379 	2.83659e-05
2.09285 	0.0302723 	0.000791309 	2.84987e-05
2.09437 	0.0302798 	0.000790253 	2.8619e-05
2.09589 	0.0302873 	0.000789197 	2.87393e-05
2.09741 	0.0302948 	0.000788141 	2.88596e-05
2.09893 	0.0303023 	0.000787084 	2.89799e-05
2.10044 	0.0303098 	0.000786028 	2.91002e-05
2.10196 	0.0303173 	0.000784972 	2.92205e-05
2.10348 	0.0303248 	0.000783916 	2.93408e-05
2.105 	0.0303323 	0.00078286 	2.94611e-05
2.10652 	0.0303398 	0.000781804 	2.95814e-05
2.10804 	0.0303473 	0.000780747 	2.97017e-05
2.10956 	0.0303548 	0.000779691 	2.9822e-05
2.11108 	0.0303623 	0.000778635 	2.99423e-05
2.11259 	0.0303698 	0.000777579 	3.00626e-05
2.11411 	0.0303773 	0.000776523 	3.01829e-05
2.11563 	0.0303843 	0.000775402 	3.01469e-05
2.11715 	0.0303916 	0.000774267 	3.01185e-05
2.11867 	0.0303996 	0.000773137 	3.01778e-05
2.12019 	0.0304069 	0.000772071 	3.01515e-05
2.12171 	0.0304143 	0.000771008 	3.01195e-05
2.12323 	0.0304216 	0.000769946 	3.00874e-05
2.12474 	0.030429 	0.000768884 	3.00554e-05
2.12626 	0.0304363 	0.000767821 	3.00234e-05
2.12778 	0.0304437 	0.000766759 	2.99914e-05
2.1293 	0.030451 	0.000765696 	2.99594e-05
2.13082 	0.0304584 	0.000764634 	2.99273e-05
2.13234 	0.0304657 	0.000763572 	2.98953e-05
2.13386 	0.0304731 	0.000762509 	2.98633e-05
2.13538 	0.0304804 	0.000761447 	2.98313e-05
2.13689 	0.0304878 	0.000760384 	2.97993e-05
2.13841 	0.0304951 	0.000759322 	2.97672e-05
2.13993 	0.0305025 	0.00075826 	2.97352e-05
2.14145 	0.0305098 	0.000757197 	2.97032e-05
2.14297 	0.0305164 	0.000756034 	2.94956e-05
2.14449 	0.0305236 	0.000754875 	2.93046e-05
2.14601 	0.0305311 	0.000753737 	2.91387e-05
2.14753 	0.0305381 	0.000752649 	2.8963e-05
2.14904 	0.0305452 	0.000751561 	2.87872e-05
2.15056 	0.0305522 	0.000750473 	2.86115e-05
2.15208 	0.0305593 	0.000749385 	2.84357e-05
2.1536 	0.0305663 	0.000748297 	2.826e-05
2.15512 	0.0305734 	0.000747209 	2.80842e-05
2.15664 	0.0305804 	0.000746121 	2.79085e-05
2.15816 	0.0305875 	0.000745033 	2.77327e-05
2.15968 	0.0305945 	0.000743945 	2.7557e-05
2.16119 	0.0306016 	0.000742857 	2.73812e-05
2.16271 	0.0306086 	0.000741769 	2.72055e-05
2.16423 	0.0306157 	0.000740682 	2.70297e-05
2.16575 	0.0306227 	0.000739594 	2.6854e-05
2.16727 	0.0306298 	0.000738506 	2.66782e-05
2.16879 	0.0306367 	0.000737397 	2.64946e-05
2.17031 	0.030643 	0.0007362 	2.62766e-05
2.17183 	0.0306502 	0.000735029 	2.60031e-05
2.17334 	0.0306572 	0.000733895 	2.57414e-05
2.17486 	0.030664 	0.000732792 	2.55e-05
2.17638 	0.0306709 	0.000731689 	2.52586e-05
2.1779 	0.0306777 	0.000730586 	2.50172e-05
2.17942 	0.0306845 	0.000729483 	2.47758e-05
2.18094 	0.0306913 	0.00072838 	2.45344e-05
2.18246 	0.0306981 	0.000727277 	2.4293e-05
2.18398 	0.0307049 	0.000726173 	2.40516e-05
2.18549 	0.0307117 	0.00072507 	2.38102e-05
2.18701 	0.0307186 	0.000723967 	2.35688e-05
2.18853 	0.0307254 	0.000722864 	2.33274e-05
2.19005 	0.0307322 	0.000721761 	2.3086e-05
2.19157 	0.030739 	0.000720658 	2.28446e-05
2.19309 	0.0307458 	0.000719555 	2.26032e-05
2.19461 	0.0307526 	0.000718452 	2.23618e-05
2.19613 	0.0307591 	0.000717285 	2.21867e-05
2.19764 	0.0307656 	0.000716094 	2.19985e-05
2.19916 	0.0307728 	0.000714945 	2.16826e-05
2.20068 	0.0307794 	0.000713833 	2.14896e-05
2.2022 	0.030786 	0.000712721 	2.12967e-05
2.20372 	0.0307926 	0.000711609 	2.11037e-05
2.20524 	0.0307992 	0.000710497 	2.09107e-05
2.20676 	0.0308058 	0.000709384 	2.07178e-05
2.20828 	0.0308124 	0.000708272 	2.05248e-05
2.20979 	0.030819 	0.00070716 	2.03318e-05
2.21131 	0.0308256 	0.000706048 	2.01389e-05
2.21283 	0.0308322 	0.000704936 	1.99459e-05
2.21435 	0.0308388 	0.000703823 	1.97529e-05
2.21587 	0.0308455 	0.000702711 	1.956e-05
2.21739 	0.0308521 	0.000701599 	1.9367e-05
2.21891 	0.0308587 	0.000700487 	1.9174e-05
2.22043 	0.0308653 	0.000699375 	1.89811e-05
2.22194 	0.0308717 	0.000698237 	1.88374e-05
2.22346 	0.0308776 	0.000696985 	1.89223e-05
2.22498 	0.0308843 	0.000695808 	1.87897e-05
2.2265 	0.0308908 	0.000694663 	1.86807e-05
2.22802 	0.0308971 	0.000693529 	1.8588e-05
2.22954 	0.0309034 	0.000692395 	1.84952e-05
2.23106 	0.0309097 	0.000691262 	1.84025e-05
2.23258 	0.030916 	0.000690128 	1.83097e-05
2.2341 	0.0309223 	0.000688995 	1.82169e-05
2.23561 	0.0309286 	0.000687861 	1.81242e-05
2.23713 	0.0309349 	0.000686728 	1.80314e-05
2.23865 	0.0309412 	0.000685594 	1.79386e-05
2.24017 	0.0309474 	0.000684461 	1.78459e-05
2.24169 	0.0309537 	0.000683327 	1.77531e-05
2.24321 	0.03096 	0.000682193 	1.76604e-05
2.24473 	0.0309663 	0.00068106 	1.75676e-05
2.24625 	0.0309726 	0.000679926 	1.74748e-05
2.24776 	0.0309789 	0.000678793 	1.73821e-05
2.24928 	0.0309845 	0.000677538 	1.74922e-05
2.2508 	0.0309907 	0.000676321 	1.74631e-05
2.25232 	0.0309968 	0.000675147 	1.74195e-05
2.25384 	0.0310028 	0.000673993 	1.74038e-05
2.25536 	0.0310087 	0.00067284 	1.73882e-05
2.25688 	0.0310147 	0.000671686 	1.73726e-05
2.2584 	0.0310206 	0.000670533 	1.73569e-05
2.25991 	0.0310265 	0.000669379 	1.73413e-05
2.26143 	0.0310325 	0.000668226 	1.73257e-05
2.26295 	0.0310384 	0.000667072 	1.73101e-05
2.26447 	0.0310443 	0.000665919 	1.72944e-05
2.26599 	0.0310503 	0.000664765 	1.72788e-05
2.26751 	0.0310562 	0.000663612 	1.72632e-05
2.26903 	0.0310621 	0.000662458 	1.72476e-05
2.27055 	0.0310681 	0.000661305 	1.72319e-05
2.27206 	0.031074 	0.000660151 	1.72163e-05
2.27358 	0.0310799 	0.000658998 	1.72007e-05
2.2751 	0.0310852 	0.00065775 	1.73748e-05
2.27662 	0.0310911 	0.00065653 	1.74729e-05
2.27814 	0.0310969 	0.000655349 	1.75645e-05
2.27966 	0.0311024 	0.000654182 	1.76698e-05
2.28118 	0.031108 	0.000653016 	1.77751e-05
2.2827 	0.0311135 	0.00065185 	1.78803e-05
2.28421 	0.031119 	0.000650684 	1.79856e-05
2.28573 	0.0311246 	0.000649517 	1.80909e-05
2.28725 	0.0311301 	0.000648351 	1.81962e-05
2.28877 	0.0311357 	0.000647185 	1.83015e-05
2.29029 	0.0311412 	0.000646019 	1.84068e-05
2.29181 	0.0311468 	0.000644852 	1.85121e-05
2.29333 	0.0311523 	0.000643686 	1.86174e-05
2.29485 	0.0311579 	0.00064252 	1.87227e-05
2.29636 	0.0311634 	0.000641354 	1.88279e-05
2.29788 	0.031169 	0.000640187 	1.89332e-05
2.2994 	0.0311745 	0.000639013 	1.90474e-05
2.30092 	0.0311793 	0.000637742 	1.92692e-05
2.30244 	0.0311849 	0.00063652 	1.95139e-05
2.30396 	0.0311901 	0.000635344 	1.97245e-05
2.30548 	0.0311952 	0.000634171 	1.99319e-05
2.307 	0.0312004 	0.000632998 	2.01394e-05
2.30851 	0.0312055 	0.000631826 	2.03468e-05
2.31003 	0.0312107 	0.000630653 	2.05543e-05
2.31155 	0.0312158 	0.00062948 	2.07617e-05
2.31307 	0.031221 	0.000628308 	2.09692e-05
2.31459 	0.0312261 	0.000627135 	2.11767e-05
2.31611 	0.0312312 	0.000625962 	2.13841e-05
2.31763 	0.0312364 	0.00062479 	2.15916e-05
2.31915 	0.0312415 	0.000623617 	2.1799e-05
2.32066 	0.0312467 	0.000622444 	2.20065e-05
2.32218 	0.0312518 	0.000621271 	2.22139e-05
2.3237 	0.031257 	0.000620099 	2.24214e-05
2.32522 	0.0312618 	0.000618881 	2.25896e-05
2.32674 	0.0312666 	0.000617633 	2.27736e-05
2.32826 	0.0312716 	0.000616428 	2.29998e-05
2.32978 	0.0312764 	0.00061525 	2.31858e-05
2.3313 	0.0312811 	0.000614072 	2.33718e-05
2.33281 	0.0312859 	0.000612894 	2.35578e-05
2.33433 	0.0312906 	0.000611716 	2.37437e-05
2.33585 	0.0312954 	0.000610538 	2.39297e-05
2.33737 	0.0313001 	0.00060936 	2.41157e-05
2.33889 	0.0313049 	0.000608182 	2.43017e-05
2.34041 	0.0313096 	0.000607004 	2.44876e-05
2.34193 	0.0313144 	0.000605826 	2.46736e-05
2.34345 	0.0313191 	0.000604649 	2.48596e-05
2.34496 	0.0313239 	0.000603471 	2.50456e-05
2.34648 	0.0313286 	0.000602293 	2.52315e-05
2.348 	0.0313334 	0.000601115 	2.54175e-05
2.34952 	0.031338 	0.000599924 	2.55821e-05
2.35104 	0.0313422 	0.000598653 	2.56138e-05
2.35256 	0.0313469 	0.000597426 	2.57198e-05
2.35408 	0.0313513 	0.000596239 	2.58318e-05
2.3556 	0.0313556 	0.000595052 	2.59438e-05
2.35711 	0.03136 	0.000593865 	2.60558e-05
2.35863 	0.0313643 	0.000592678 	2.61678e-05
2.36015 	0.0313687 	0.000591491 	2.62798e-05
2.36167 	0.031373 	0.000590304 	2.63918e-05
2.36319 	0.0313773 	0.000589117 	2.65037e-05
2.36471 	0.0313817 	0.00058793 	2.66157e-05
2.36623 	0.031386 	0.000586743 	2.67277e-05
2.36775 	0.0313904 	0.000585556 	2.68397e-05
2.36926 	0.0313947 	0.000584369 	2.69517e-05
2.37078 	0.0313991 	0.000583182 	2.70637e-05
2.3723 	0.0314034 	0.000581994 	2.71757e-05
2.37382 	0.0314077 	0.000580804 	2.72863e-05
2.37534 	0.0314114 	0.000579516 	2.73521e-05
2.37686 	0.0314158 	0.000578284 	2.74097e-05
2.37838 	0.0314197 	0.000577087 	2.74627e-05
2.3799 	0.0314236 	0.000575889 	2.75158e-05
2.38141 	0.0314275 	0.000574692 	2.75688e-05
2.38293 	0.0314315 	0.000573494 	2.76218e-05
2.38445 	0.0314354 	0.000572297 	2.76749e-05
2.38597 	0.0314393 	0.000571099 	2.77279e-05
2.38749 	0.0314432 	0.000569902 	2.7781e-05
2.38901 	0.0314471 	0.000568704 	2.7834e-05
2.39053 	0.031451 	0.000567507 	2.78871e-05
2.39205 	0.0314549 	0.000566309 	2.79401e-05
2.39356 	0.0314589 	0.000565112 	2.79932e-05
2.39508 	0.0314628 	0.000563914 	2.80462e-05
2.3966 	0.0314667 	0.000562717 	2.80993e-05
2.39812 	0.0314705 	0.000561497 	2.81495e-05
2.39964 	0.0314739 	0.000560204 	2.81956e-05
2.40116 	0.0314776 	0.00055897 	2.822e-05
2.40268 	0.0314811 	0.000557757 	2.82019e-05
2.4042 	0.0314846 	0.000556544 	2.81837e-05
2.40571 	0.031488 	0.000555331 	2.81656e-05
2.40723 	0.0314915 	0.000554118 	2.81475e-05
2.40875 	0.031495 	0.000552905 	2.81293e-05
2.41027 	0.0314985 	0.000551691 	2.81112e-05
2.41179 	0.0315019 	0.000550478 	2.8093e-05
2.41331 	0.0315054 	0.000549265 	2.80749e-05
2.41483 	0.0315089 	0.000548052 	2.80567e-05
2.41635 	0.0315123 	0.000546839 	2.80386e-05
2.41786 	0.0315158 	0.000545626 	2.80205e-05
2.41938 	0.0315193 	0.000544412 	2.80023e-05
2.4209 	0.0315228 	0.000543199 	2.79842e-05
2.42242 	0.0315258 	0.000541915 	2.78881e-05
2.42394 	0.0315292 	0.000540633 	2.77908e-05
2.42546 	0.0315322 	0.000539402 	2.76564e-05
2.42698 	0.0315353 	0.000538172 	2.75221e-05
2.4285 	0.0315383 	0.000536942 	2.73877e-05
2.43002 	0.0315414 	0.000535712 	2.72534e-05
2.43153 	0.0315444 	0.000534482 	2.71191e-05
2.43305 	0.0315475 	0.000533252 	2.69847e-05
2.43457 	0.0315505 	0.000532022 	2.68504e-05
2.43609 	0.0315536 	0.000530792 	2.6716e-05
2.43761 	0.0315566 	0.000529562 	2.65817e-05
2.43913 	0.0315597 	0.000528332 	2.64473e-05
2.44065 	0.0315628 	0.000527102 	2.6313e-05
2.44217 	0.0315658 	0.000525872 	2.61787e-05
2.44368 	0.0315689 	0.000524642 	2.60443e-05
2.4452 	0.0315717 	0.000523375 	2.58666e-05
2.44672 	0.0315745 	0.000522078 	2.56192e-05
2.44824 	0.0315772 	0.000520831 	2.53724e-05
2.44976 	0.0315797 	0.000519589 	2.51257e-05
2.45128 	0.0315823 	0.000518347 	2.4879e-05
2.4528 	0.0315849 	0.000517105 	2.46323e-05
2.45432 	0.0315875 	0.000515862 	2.43856e-05
2.45583 	0.0315901 	0.00051462 	2.4139e-05
2.45735 	0.0315927 	0.000513378 	2.38923e-05
2.45887 	0.0315953 	0.000512136 	2.36456e-05
2.46039 	0.0315978 	0.000510894 	2.33989e-05
2.46191 	0.0316004 	0.000509652 	2.31522e-05
2.46343 	0.031603 	0.00050841 	2.29055e-05
2.46495 	0.0316056 	0.000507168 	2.26588e-05
2.46647 	0.0316082 	0.000505926 	2.24121e-05
2.46798 	0.0316105 	0.000504639 	2.21466e-05
2.4695 	0.0316128 	0.000503336 	2.18419e-05
2.47102 	0.0316148 	0.000502081 	2.15379e-05
2.47254 	0.0316168 	0.000500827 	2.12339e-05
2.47406 	0.0316188 	0.000499573 	2.093e-05
2.47558 	0.0316208 	0.000498319 	2.06261e-05
2.4771 	0.0316228 	0.000497064 	2.03221e-05
2.47862 	0.0316248 	0.00049581 	2.00182e-05
2.48013 	0.0316268 	0.000494556 	1.97142e-05
2.48165 	0.0316287 	0.000493302 	1.94103e-05
2.48317 	0.0316307 	0.000492048 	1.91064e-05
2.48469 	0.0316327 	0.000490793 	1.88024e-05
2.48621 	0.0316347 	0.000489539 	1.84985e-05
2.48773 	0.0316367 	0.000488285 	1.81945e-05
2.48925 	0.0316387 	0.000487031 	1.78906e-05
2.49077 	0.0316401 	0.000485687 	1.75726e-05
2.49228 	0.0316417 	0.000484402 	1.7293e-05
2.4938 	0.0316431 	0.000483136 	1.70034e-05
2.49532 	0.0316444 	0.000481871 	1.67137e-05
2.49684 	0.0316457 	0.000480605 	1.64241e-05
2.49836 	0.031647 	0.000479339 	1.61345e-05
2.49988 	0.0316483 	0.000478073 	1.58449e-05
2.5014 	0.0316497 	0.000476808 	1.55553e-05
2.50292 	0.031651 	0.000475542 	1.52657e-05
2.50443 	0.0316523 	0.000474276 	1.49761e-05
2.50595 	0.0316536 	0.000473011 	1.46865e-05
2.50747 	0.0316549 	0.000471745 	1.43968e-05
2.50899 	0.0316563 	0.000470479 	1.41072e-05
2.51051 	0.0316576 	0.000469213 	1.38176e-05
2.51203 	0.0316586 	0.000467899 	1.35125e-05
2.51355 	0.0316595 	0.000466576 	1.32683e-05
2.51507 	0.0316601 	0.000465301 	1.30526e-05
2.51658 	0.0316608 	0.000464026 	1.28368e-05
2.5181 	0.0316614 	0.00046275 	1.26211e-05
2.51962 	0.031662 	0.000461475 	1.24054e-05
2.52114 	0.0316626 	0.000460199 	1.21896e-05
2.52266 	0.0316633 	0.000458924 	1.19739e-05
2.52418 	0.0316639 	0.000457648 	1.17582e-05
2.5257 	0.0316645 	0.000456373 	1.15424e-05
2.52722 	0.0316652 	0.000455098 	1.13267e-05
2.52873 	0.0316658 	0.000453822 	1.1111e-05
2.53025 	0.0316664 	0.000452547 	1.08952e-05
2.53177 	0.031667 	0.000451271 	1.06795e-05
2.53329 	0.0316673 	0.000449951 	1.04563e-05
2.53481 	0.0316675 	0.00044862 	1.02715e-05
2.53633 	0.0316674 	0.00044733 	1.01147e-05
2.53785 	0.0316673 	0.00044604 	9.95783e-06
2.53937 	0.0316672 	0.000444749 	9.801e-06
2.54088 	0.0316671 	0.000443459 	9.64416e-06
2.5424 	0.0316669 	0.000442169 	9.48733e-06
2.54392 	0.0316668 	0.000440878 	9.33049e-06
2.54544 	0.0316667 	0.000439588 	9.17366e-06
2.54696 	0.0316666 	0.000438298 	9.01682e-06
2.54848 	0.0316665 	0.000437007 	8.85999e-06
2.55 	0.0316663 	0.000435717 	8.70315e-06
2.55152 	0.0316662 	0.000434427 	8.54632e-06
2.55303 	0.0316661 	0.000433136 	8.38948e-06
2.55455 	0.0316655 	0.000431772 	8.22977e-06
2.55607 	0.0316648 	0.00043045 	8.07527e-06
2.55759 	0.0316639 	0.00042914 	7.9161e-06
2.55911 	0.031663 	0.000427831 	7.75693e-06
2.56063 	0.0316621 	0.000426522 	7.59776e-06
2.56215 	0.0316612 	0.000425212 	7.43859e-06
2.56367 	0.0316603 	0.000423903 	7.27942e-06
2.56518 	0.0316594 	0.000422593 	7.12025e-06
2.5667 	0.0316585 	0.000421284 	6.96108e-06
2.56822 	0.0316575 	0.000419975 	6.80192e-06
2.56974 	0.0316566 	0.000418665 	6.64275e-06
2.57126 	0.0316557 	0.000417356 	6.48358e-06
2.57278 	0.0316548 	0.000416047 	6.32441e-06
2.5743 	0.0316537 	0.000414706 	6.16122e-06
2.57582 	0.0316522 	0.000413333 	5.98644e-06
2.57733 	0.0316505 	0.000412005 	5.8297e-06
2.57885 	0.0316488 	0.000410678 	5.67296e-06
2.58037 	0.0316471 	0.00040935 	5.51621e-06
2.58189 	0.0316454 	0.000408023 	5.35947e-06
2.58341 	0.0316437 	0.000406695 	5.20273e-06
2.58493 	0.031642 	0.000405367 	5.04598e-06
2.58645 	0.0316403 	0.00040404 	4.88924e-06
2.58797 	0.0316385 	0.000402712 	4.7325e-06
2.58948 	0.0316368 	0.000401385 	4.57575e-06
2.591 	0.0316351 	0.000400057 	4.41901e-06
2.59252 	0.0316334 	0.000398729 	4.26227e-06
2.59404 	0.0316315 	0.000397381 	4.11708e-06
2.59556 	0.0316292 	0.000395995 	3.98744e-06
2.59708 	0.0316266 	0.000394651 	3.86337e-06
2.5986 	0.0316241 	0.000393307 	3.73929e-06
2.60012 	0.0316215 	0.000391963 	3.61521e-06
2.60163 	0.031619 	0.000390618 	3.49114e-06
2.60315 	0.0316164 	0.000389274 	3.36706e-06
2.60467 	0.0316139 	0.00038793 	3.24298e-06
2.60619 	0.0316113 	0.000386586 	3.11891e-06
2.60771 	0.0316088 	0.000385241 	2.99483e-06
2.60923 	0.0316062 	0.000383897 	2.87076e-06
2.61075 	0.0316036 	0.000382553 	2.74668e-06
2.61227 	0.0316011 	0.000381209 	2.6226e-06
2.61378 	0.0315982 	0.000379821 	2.52723e-06
2.6153 	0.0315949 	0.000378447 	2.39445e-06
2.61682 	0.0315914 	0.000377089 	2.26167e-06
2.61834 	0.031588 	0.000375731 	2.12889e-06
2.61986 	0.0315845 	0.000374373 	1.99611e-06
2.62138 	0.0315811 	0.000373015 	1.86333e-06
2.6229 	0.0315776 	0.000371657 	1.73055e-06
2.62442 	0.0315741 	0.000370299 	1.59776e-06
2.62593 	0.0315707 	0.000368941 	1.46498e-06
2.62745 	0.0315672 	0.000367583 	1.3322e-06
2.62897 	0.0315638 	0.000366225 	1.19942e-06
2.63049 	0.0315603 	0.000364867 	1.06664e-06
2.63201 	0.0315568 	0.000363501 	9.36722e-07
2.63353 	0.0315526 	0.000362091 	7.78893e-07
2.63505 	0.0315481 	0.000360722 	5.92143e-07
2.63657 	0.0315436 	0.000359354 	4.05393e-07
2.63809 	0.0315392 	0.000357985 	2.18643e-07
2.6396 	0.0315347 	0.000356617 	3.18925e-08
2.64112 	0.0315303 	0.000355249 	-1.54858e-07
2.64264 	0.0315258 	0.00035388 	-3.41608e-07
2.64416 	0.0315213 	0.000352512 	-5.28358e-07
2.64568 	0.0315169 	0.000351143 	-7.15108e-07
2.6472 	0.0315124 	0.000349775 	-9.01858e-07
2.64872 	0.031508 	0.000348407 	-1.08861e-06
2.65024 	0.0315035 	0.000347036 	-1.27519e-06
2.65175 	0.0314982 	0.000345614 	-1.48781e-06
2.65327 	0.0314926 	0.000344233 	-1.69879e-06
2.65479 	0.0314871 	0.000342853 	-1.90978e-06
2.65631 	0.0314816 	0.000341472 	-2.12077e-06
2.65783 	0.031476 	0.000340091 	-2.33175e-06
2.65935 	0.0314705 	0.00033871 	-2.54274e-06
2.66087 	0.031465 	0.000337329 	-2.75372e-06
2.66239 	0.0314594 	0.000335948 	-2.96471e-06
2.6639 	0.0314539 	0.000334567 	-3.1757e-06
2.66542 	0.0314484 	0.000333186 	-3.38668e-06
2.66694 	0.0314428 	0.000331805 	-3.59767e-06
2.66846 	0.031437 	0.000330395 	-3.79536e-06
2.66998 	0.0314305 	0.00032898 	-3.95696e-06
2.6715 	0.0314239 	0.000327581 	-4.10543e-06
2.67302 	0.0314173 	0.000326181 	-4.25391e-06
2.67454 	0.0314106 	0.000324782 	-4.40239e-06
2.67605 	0.031404 	0.000323382 	-4.55087e-06
2.67757 	0.0313973 	0.000321983 	-4.69934e-06
2.67909 	0.0313907 	0.000320584 	-4.84782e-06
2.68061 	0.0313841 	0.000319184 	-4.9963e-06
2.68213 	0.0313774 	0.000317785 	-5.14477e-06
2.68365 	0.0313708 	0.000316385 	-5.29325e-06
2.68517 	0.0313641 	0.000314986 	-5.44173e-06
2.68669 	0.0313567 	0.000313535 	-5.50225e-06
2.6882 	0.0313489 	0.000312117 	-5.51061e-06
2.68972 	0.0313412 	0.000310699 	-5.51897e-06
2.69124 	0.0313334 	0.000309281 	-5.52733e-06
2.69276 	0.0313257 	0.000307863 	-5.53569e-06
2.69428 	0.0313179 	0.000306446 	-5.54405e-06
2.6958 	0.0313102 	0.000305028 	-5.5524e-06
2.69732 	0.0313024 	0.00030361 	-5.56076e-06
2.69884 	0.0312947 	0.000302192 	-5.56912e-06
2.70035 	0.0312869 	0.000300775 	-5.57748e-06
2.70187 	0.0312792 	0.000299357 	-5.58584e-06
2.70339 	0.0312707 	0.000297895 	-5.49262e-06
2.70491 	0.0312619 	0.000296465 	-5.34982e-06
2.70643 	0.0312531 	0.000295034 	-5.20702e-06
2.70795 	0.0312443 	0.000293603 	-5.06422e-06
2.70947 	0.0312355 	0.000292172 	-4.92142e-06
2.71099 	0.0312267 	0.000290741 	-4.77862e-06
2.7125 	0.0312179 	0.00028931 	-4.63583e-06
2.71402 	0.0312091 	0.000287879 	-4.49303e-06
2.71554 	0.0312003 	0.000286448 	-4.35023e-06
2.71706 	0.0311914 	0.000285017 	-4.20743e-06
2.71858 	0.0311825 	0.000283576 	-4.0533e-06
2.7201 	0.0311728 	0.00028211 	-3.81728e-06
2.72162 	0.0311629 	0.000280662 	-3.57145e-06
2.72314 	0.031153 	0.000279215 	-3.32563e-06
2.72465 	0.0311431 	0.000277768 	-3.0798e-06
2.72617 	0.0311332 	0.00027632 	-2.83397e-06
2.72769 	0.0311233 	0.000274873 	-2.58814e-06
2.72921 	0.0311134 	0.000273426 	-2.34232e-06
2.73073 	0.0311035 	0.000271978 	-2.09649e-06
2.73225 	0.0310936 	0.000270531 	-1.85066e-06
2.73377 	0.0310837 	0.000269084 	-1.60484e-06
2.73529 	0.0310732 	0.000267594 	-1.31839e-06
2.7368 	0.0310621 	0.00026612 	-1.0155e-06
2.73832 	0.0310511 	0.000264645 	-7.12607e-07
2.73984 	0.03104 	0.000263171 	-4.09713e-07
2.74136 	0.031029 	0.000261696 	-1.06819e-07
2.74288 	0.0310179 	0.000260222 	1.96075e-07
2.7444 	0.0310069 	0.000258747 	4.98969e-07
2.74592 	0.0309958 	0.000257273 	8.01862e-07
2.74744 	0.0309848 	0.000255798 	1.10476e-06
2.74895 	0.0309737 	0.000254324 	1.40765e-06
2.75047 	0.0309621 	0.000252807 	1.72832e-06
2.75199 	0.0309499 	0.000251299 	2.04723e-06
2.75351 	0.0309376 	0.00024979 	2.36614e-06
2.75503 	0.0309254 	0.000248282 	2.68505e-06
2.75655 	0.0309132 	0.000246774 	3.00396e-06
2.75807 	0.030901 	0.000245265 	3.32287e-06
2.75959 	0.0308888 	0.000243757 	3.64178e-06
2.7611 	0.0308766 	0.000242248 	3.96069e-06
2.76262 	0.0308643 	0.00024074 	4.2796e-06
2.76414 	0.0308521 	0.000239231 	4.59851e-06
2.76566 	0.030839 	0.000237673 	4.90556e-06
2.76718 	0.0308256 	0.000236129 	5.20621e-06
2.7687 	0.0308122 	0.000234585 	5.50686e-06
2.77022 	0.0307988 	0.000233041 	5.8075e-06
2.77174 	0.0307854 	0.000231497 	6.10815e-06
2.77325 	0.030772 	0.000229953 	6.4088e-06
2.77477 	0.0307586 	0.000228409 	6.70945e-06
2.77629 	0.0307452 	0.000226865 	7.01009e-06
2.77781 	0.0307318 	0.000225321 	7.31074e-06
2.77933 	0.030718 	0.000223746 	7.60009e-06
2.78085 	0.0307034 	0.000222164 	7.8656e-06
2.78237 	0.0306888 	0.000220582 	8.1311e-06
2.78389 	0.0306742 	0.000218999 	8.39661e-06
2.7854 	0.0306596 	0.000217417 	8.66211e-06
2.78692 	0.0306449 	0.000215835 	8.92762e-06
2.78844 	0.0306303 	0.000214253 	9.19312e-06
2.78996 	0.0306157 	0.000212671 	9.45863e-06
2.79148 	0.0306011 	0.000211089 	9.72413e-06
2.793 	0.0305862 	0.000209483 	9.98467e-06
2.79452 	0.0305703 	0.000207861 	1.02192e-05
2.79604 	0.0305545 	0.000206238 	1.04537e-05
2.79755 	0.0305386 	0.000204616 	1.06882e-05
2.79907 	0.0305227 	0.000202994 	1.09227e-05
2.80059 	0.0305069 	0.000201372 	1.11572e-05
2.80211 	0.030491 	0.00019975 	1.13917e-05
2.80363 	0.0304751 	0.000198128 	1.16262e-05
2.80515 	0.0304593 	0.000196506 	1.18607e-05
2.80667 	0.0304429 	0.000194857 	1.20868e-05
2.80819 	0.0304257 	0.0001932 	1.22889e-05
2.8097 	0.0304085 	0.000191543 	1.2491e-05
2.81122 	0.0303914 	0.000189886 	1.26931e-05
2.81274 	0.0303742 	0.000188229 	1.28952e-05
2.81426 	0.030357 	0.000186572 	1.30973e-05
2.81578 	0.0303398 	0.000184915 	1.32994e-05
2.8173 	0.0303227 	0.000183258 	1.35015e-05
2.81882 	0.0303055 	0.000181601 	1.37036e-05
2.82034 	0.0302871 	0.000179905 	1.38509e-05
2.82185 	0.0302685 	0.000178216 	1.39846e-05
2.82337 	0.03025 	0.000176527 	1.41183e-05
2.82489 	0.0302314 	0.000174838 	1.4252e-05
2.82641 	0.0302128 	0.000173149 	1.43858e-05
2.82793 	0.0301943 	0.00017146 	1.45195e-05
2.82945 	0.0301757 	0.000169771 	1.46532e-05
2.83097 	0.0301571 	0.000168082 	1.47869e-05
2.83249 	0.0301376 	0.000166363 	1.48646e-05
2.83401 	0.0301176 	0.000164642 	1.49104e-05
2.83552 	0.0300975 	0.000162921 	1.49561e-05
2.83704 	0.0300775 	0.000161199 	1.50019e-05
2.83856 	0.0300575 	0.000159478 	1.50477e-05
2.84008 	0.0300374 	0.000157756 	1.50934e-05
2.8416 	0.0300174 	0.000156035 	1.51392e-05
2.84312 	0.0299973 	0.000154313 	1.5185e-05
2.84464 	0.0299762 	0.000152563 	1.51931e-05
2.84616 	0.0299545 	0.000150811 	1.51874e-05
2.84767 	0.0299329 	0.000149058 	1.51816e-05
2.84919 	0.0299113 	0.000147306 	1.51759e-05
2.85071 	0.0298896 	0.000145554 	1.51702e-05
2.85223 	0.029868 	0.000143801 	1.51645e-05
2.85375 	0.0298464 	0.000142049 	1.51588e-05
2.85527 	0.0298246 	0.00014029 	1.5151e-05
2.85679 	0.0298012 	0.000138512 	1.51317e-05
2.85831 	0.0297777 	0.000136733 	1.51124e-05
2.85982 	0.0297543 	0.000134955 	1.50931e-05
2.86134 	0.0297308 	0.000133177 	1.50738e-05
2.86286 	0.0297073 	0.000131398 	1.50545e-05
2.86438 	0.0296839 	0.00012962 	1.50351e-05
2.8659 	0.0296604 	0.000127842 	1.50158e-05
2.86742 	0.0296355 	0.000126046 	1.49926e-05
2.86894 	0.0296099 	0.000124247 	1.49693e-05
2.87046 	0.0295843 	0.000122449 	1.49459e-05
2.87197 	0.0295587 	0.00012065 	1.49225e-05
2.87349 	0.0295331 	0.000118851 	1.48992e-05
2.87501 	0.0295075 	0.000117052 	1.48758e-05
2.87653 	0.0294819 	0.000115253 	1.48524e-05
2.87805 	0.0294549 	0.000113443 	1.48307e-05
2.87957 	0.0294268 	0.000111628 	1.48116e-05
2.88109 	0.0293987 	0.000109814 	1.47924e-05
2.88261 	0.0293706 	0.000107999 	1.47732e-05
2.88412 	0.0293425 	0.000106184 	1.47541e-05
2.88564 	0.0293144 	0.000104369 	1.47349e-05
2.88716 	0.0292863 	0.000102554 	1.47157e-05
2.88868 	0.0292562 	0.00010073 	1.4709e-05
2.8902 	0.0292251 	9.8902e-05 	1.4708e-05
2.89172 	0.029194 	9.70744e-05 	1.4707e-05
2.89324 	0.029163 	9.52468e-05 	1.47061e-05
2.89476 	0.0291319 	9.34192e-05 	1.47051e-05
2.89627 	0.0291008 	9.15916e-05 	1.47041e-05
2.89779 	0.0290694 	8.97633e-05 	1.47035e-05
2.89931 	0.0290348 	8.79264e-05 	1.47059e-05
2.90083 	0.0290002 	8.60895e-05 	1.47083e-05
2.90235 	0.0289656 	8.42526e-05 	1.47107e-05
2.90387 	0.028931 	8.24157e-05 	1.47131e-05
2.90539 	0.0288964 	8.05789e-05 	1.47156e-05
2.90691 	0.0288618 	7.8742e-05 	1.4718e-05
2.90842 	0.028824 	7.69082e-05 	1.46848e-05
2.90994 	0.028785 	7.50739e-05 	1.4639e-05
2.91146 	0.0287459 	7.32396e-05 	1.45932e-05
2.91298 	0.0287069 	7.14053e-05 	1.45474e-05
2.9145 	0.0286679 	6.9571e-05 	1.45015e-05
2.91602 	0.0286289 	6.77367e-05 	1.44557e-05
2.91754 	0.0285864 	6.5911e-05 	1.43566e-05
2.91906 	0.028542 	6.40861e-05 	1.42269e-05
2.92057 	0.0284976 	6.22611e-05 	1.40973e-05
2.92209 	0.0284532 	6.04362e-05 	1.39677e-05
2.92361 	0.0284088 	5.86113e-05 	1.3838e-05
2.92513 	0.0283644 	5.67864e-05 	1.37084e-05
2.92665 	0.0283147 	5.49783e-05 	1.35115e-05
2.92817 	0.0282633 	5.31712e-05 	1.32937e-05
2.92969 	0.0282119 	5.1364e-05 	1.30758e-05
2.93121 	0.0281606 	4.95568e-05 	1.2858e-05
2.93272 	0.0281092 	4.77496e-05 	1.26401e-05
2.93424 	0.0280568 	4.59512e-05 	1.24137e-05
2.93576 	0.0279965 	4.41814e-05 	1.21247e-05
2.93728 	0.0279362 	4.24116e-05 	1.18356e-05
2.9388 	0.0278759 	4.06418e-05 	1.15466e-05
2.94032 	0.0278155 	3.8872e-05 	1.12576e-05
2.94184 	0.0277552 	3.71022e-05 	1.09686e-05
2.94336 	0.0276874 	3.53715e-05 	1.06529e-05
2.94487 	0.0276163 	3.36501e-05 	1.03264e-05
2.94639 	0.0275451 	3.19287e-05 	9.99983e-06
2.94791 	0.0274739 	3.02074e-05 	9.67329e-06
2.94943 	0.0274027 	2.8486e-05 	9.34674e-06
2.95095 	0.0273248 	2.68033e-05 	9.01279e-06
2.95247 	0.0272393 	2.51506e-05 	8.67281e-06
2.95399 	0.0271537 	2.34979e-05 	8.33282e-06
2.95551 	0.0270682 	2.18452e-05 	7.99284e-06
2.95702 	0.0269827 	2.01924e-05 	7.65286e-06
2.95854 	0.026888 	1.85945e-05 	7.31179e-06
2.96006 	0.0267827 	1.7043e-05 	6.97215e-06
2.96158 	0.0266775 	1.54916e-05 	6.6325e-06
2.9631 	0.0265722 	1.39402e-05 	6.29286e-06
2.96462 	0.026467 	1.23888e-05 	5.95321e-06
2.96614 	0.0263446 	1.0932e-05 	5.612e-06
2.96766 	0.0262136 	9.51109e-06 	5.27062e-06
2.96917 	0.0260826 	8.09016e-06 	4.92924e-06
2.97069 	0.0259515 	6.66922e-06 	4.58787e-06
2.97221 	0.0258188 	5.26621e-06 	4.24555e-06
2.97373 	0.0256544 	4.00136e-06 	3.88497e-06
2.97525 	0.02549 	2.73651e-06 	3.5244e-06
2.97677 	0.0253256 	1.47166e-06 	3.16383e-06
2.97829 	0.0251612 	2.06811e-07 	2.80326e-06
2.97981 	0.024969 	-9.25053e-07 	2.42618e-06
2.98132 	0.0247605 	-1.99377e-06 	2.04023e-06
2.98284 	0.024552 	-3.06249e-06 	1.65427e-06
2.98436 	0.0243434 	-4.13121e-06 	1.26832e-06
2.98588 	0.0241122 	-5.09133e-06 	8.78887e-07
2.9874 	0.0238454 	-5.90951e-06 	4.87458e-07
2.98892 	0.0235786 	-6.7277e-06 	9.60297e-08
2.99044 	0.0233117 	-7.54589e-06 	-2.95399e-07
2.99196 	0.0230201 	-8.2595e-06 	-6.77798e-07
2.99347 	0.0226772 	-8.79517e-06 	-1.03572e-06
2.99499 	0.0223343 	-9.33083e-06 	-1.39365e-06
2.99651 	0.0219913 	-9.86649e-06 	-1.75158e-06
2.99803 	0.0216072 	-1.02551e-05 	-2.07798e-06
2.99955 	0.0211692 	-1.04788e-05 	-2.35904e-06
3.00107 	0.0207312 	-1.07024e-05 	-2.6401e-06
3.00259 	0.0202933 	-1.0926e-05 	-2.92115e-06
3.00411 	0.0197742 	-1.09012e-05 	-3.12271e-06
3.00562 	0.0192214 	-1.07919e-05 	-3.28936e-06
3.00714 	0.0186686 	-1.06826e-05 	-3.45601e-06
3.00866 	0.018095 	-1.05125e-05 	-3.60192e-06
3.01018 	0.0173921 	-1.0063e-05 	-3.62267e-06
3.0117 	0.0166892 	-9.61354e-06 	-3.64341e-06
3.01322 	0.0159863 	-9.16405e-06 	-3.66416e-06
3.01474 	0.0151647 	-8.51842e-06 	-3.5837e-06
3.01626 	0.0143013 	-7.82268e-06 	-3.47103e-06
3.01777 	0.013438 	-7.12695e-06 	-3.35837e-06
3.01929 	0.0125113 	-6.38005e-06 	-3.1983e-06
3.02081 	0.0115175 	-5.60063e-06 	-2.99263e-06
3.02233 	0.0105236 	-4.82122e-06 	-2.78695e-06
3.02385 	0.00949006 	-4.03537e-06 	-2.55163e-06
3.02537 	0.00839218 	-3.26124e-06 	-2.27461e-06
3.02689 	0.00729429 	-2.48711e-06 	-1.99758e-06
3.02841 	0.00615552 	-1.81407e-06 	-1.69711e-06
3.02992 	0.00496183 	-1.31094e-06 	-1.37081e-06
3.03144 	0.00376813 	-8.07822e-07 	-1.04451e-06
3.03296 	0.00252834 	-4.80989e-07 	-7.01125e-07
3.03448 	0.00126371 	-2.40806e-07 	-3.50759e-07
3.036 	3.62961e-16 	-7.48327e-20 	-1.05357e-19
