0.00303752 	-4.78092e-05 	4.8651e-06 	3.81971e-06
0.00455628 	-0.000110665 	1.11184e-05 	8.30123e-06
0.00607504 	-0.000172236 	1.81052e-05 	1.21567e-05
0.0075938 	-0.00024058 	2.52588e-05 	1.55302e-05
0.00911256 	-0.000311232 	3.34399e-05 	1.84923e-05
0.0106313 	-0.000385804 	4.17896e-05 	2.14895e-05
0.0121501 	-0.000467086 	5.14878e-05 	2.41028e-05
0.0136688 	-0.000549871 	6.15513e-05 	2.67346e-05
0.0151876 	-0.000637322 	7.19721e-05 	2.94053e-05
0.0167064 	-0.000730478 	8.39052e-05 	3.18012e-05
0.0182251 	-0.000825822 	9.6271e-05 	3.42022e-05
0.0197439 	-0.000921165 	0.000108637 	3.66033e-05
0.0212626 	-0.00102177 	0.000121835 	3.88652e-05
0.0227814 	-0.00112324 	0.00013607 	4.0948e-05
0.0243002 	-0.00122471 	0.000150305 	4.30308e-05
0.0258189 	-0.00132618 	0.000164541 	4.51136e-05
0.0273377 	-0.00142898 	0.000179602 	4.69659e-05
0.0288564 	-0.00153096 	0.000195273 	4.86549e-05
0.0303752 	-0.00163294 	0.000210945 	5.03439e-05
0.0318939 	-0.00173492 	0.000226616 	5.2033e-05
0.0334127 	-0.00183594 	0.000242611 	5.35488e-05
0.0349315 	-0.00193461 	0.000259198 	5.47729e-05
0.0364502 	-0.00203202 	0.000275559 	5.59851e-05
0.037969 	-0.00212928 	0.000291893 	5.71959e-05
0.0394877 	-0.00222653 	0.000308226 	5.84067e-05
0.0410065 	-0.00231815 	0.000324948 	5.92569e-05
0.0425253 	-0.00240845 	0.00034166 	6.00016e-05
0.044044 	-0.00249875 	0.000358371 	6.07464e-05
0.0455628 	-0.00258905 	0.000375083 	6.14911e-05
0.0470815 	-0.00267935 	0.000391795 	6.22358e-05
0.0486003 	-0.00276145 	0.000408694 	6.25915e-05
0.0501191 	-0.00284311 	0.000425383 	6.28979e-05
0.0516378 	-0.00292477 	0.000442072 	6.32042e-05
0.0531566 	-0.00300643 	0.00045876 	6.35106e-05
0.0546753 	-0.00308809 	0.000475449 	6.38169e-05
0.0561941 	-0.00316205 	0.000492281 	6.3833e-05
0.0577129 	-0.00323426 	0.000508711 	6.37602e-05
0.0592316 	-0.00330646 	0.000525142 	6.36875e-05
0.0607504 	-0.00337866 	0.000541572 	6.36148e-05
0.0622691 	-0.00345086 	0.000558002 	6.3542e-05
0.0637879 	-0.00351922 	0.000574767 	6.33391e-05
0.0653067 	-0.00358141 	0.00059071 	6.29589e-05
0.0668254 	-0.00364362 	0.000606662 	6.2578e-05
0.0683442 	-0.00370583 	0.000622613 	6.21972e-05
0.0698629 	-0.00376804 	0.000638564 	6.18163e-05
0.0713817 	-0.00383025 	0.000654515 	6.14354e-05
0.0729005 	-0.0038849 	0.000670597 	6.08286e-05
0.0744192 	-0.00393805 	0.000685971 	6.02254e-05
0.075938 	-0.0039912 	0.000701345 	5.96223e-05
0.0774567 	-0.00404434 	0.000716719 	5.90191e-05
0.0789755 	-0.00409749 	0.000732093 	5.8416e-05
0.0804942 	-0.00415132 	0.000748262 	5.77571e-05
0.082013 	-0.00419657 	0.000763018 	5.70135e-05
0.0835318 	-0.00424142 	0.000777694 	5.62773e-05
0.0850505 	-0.00428628 	0.00079237 	5.55412e-05
0.0865693 	-0.00433114 	0.000807046 	5.4805e-05
0.088088 	-0.00437599 	0.000821721 	5.40689e-05
0.0896068 	-0.00442114 	0.000836864 	5.33108e-05
0.0911256 	-0.00445948 	0.000851272 	5.24553e-05
0.0926443 	-0.00449671 	0.000865186 	5.16672e-05
0.0941631 	-0.00453393 	0.0008791 	5.0879e-05
0.0956818 	-0.00457115 	0.000893014 	5.00908e-05
0.0972006 	-0.00460837 	0.000906929 	4.93026e-05
0.0987194 	-0.00464559 	0.000920843 	4.85144e-05
0.100238 	-0.00468271 	0.000937668 	4.76755e-05
0.101757 	-0.00471092 	0.000948501 	4.69025e-05
0.103276 	-0.00474135 	0.00096161 	4.61546e-05
0.104794 	-0.00477178 	0.000974719 	4.54068e-05
0.106313 	-0.00480222 	0.000987829 	4.46589e-05
0.107832 	-0.00483265 	0.00100094 	4.39111e-05
0.109351 	-0.00486357 	0.00101586 	4.32059e-05
0.110869 	-0.00488901 	0.00102819 	4.24311e-05
0.112388 	-0.00491265 	0.00103961 	4.17354e-05
0.113907 	-0.00493697 	0.0010519 	4.10863e-05
0.115426 	-0.00496128 	0.00106418 	4.04372e-05
0.116944 	-0.0049856 	0.00107647 	3.97881e-05
0.118463 	-0.00500991 	0.00108875 	3.9139e-05
0.119982 	-0.00503487 	0.00110411 	3.87039e-05
0.121501 	-0.00505432 	0.0011143 	3.79543e-05
0.12302 	-0.00507306 	0.0011251 	3.73981e-05
0.124538 	-0.0050921 	0.00113658 	3.6919e-05
0.126057 	-0.00511114 	0.00114806 	3.64399e-05
0.127576 	-0.00513018 	0.00115954 	3.59609e-05
0.129095 	-0.00514922 	0.00117102 	3.54818e-05
0.130613 	-0.00516821 	0.00118534 	3.53557e-05
0.132132 	-0.00518387 	0.00119568 	3.48786e-05
0.133651 	-0.005198 	0.00120496 	3.44195e-05
0.13517 	-0.00521233 	0.00121561 	3.41874e-05
0.136688 	-0.00522666 	0.00122627 	3.39553e-05
0.138207 	-0.00524098 	0.00123693 	3.37231e-05
0.139726 	-0.00525531 	0.00124759 	3.3491e-05
0.141245 	-0.00526935 	0.00125999 	3.35311e-05
0.142763 	-0.00528216 	0.00127222 	3.36494e-05
0.144282 	-0.00529286 	0.00127945 	3.32285e-05
0.145801 	-0.00530315 	0.00128932 	3.3242e-05
0.14732 	-0.00531344 	0.0012992 	3.32555e-05
0.148838 	-0.00532373 	0.00130907 	3.3269e-05
0.150357 	-0.00533401 	0.00131895 	3.32825e-05
0.151876 	-0.00534429 	0.00132886 	3.33014e-05
0.153395 	-0.00535354 	0.00134212 	3.38131e-05
0.154913 	-0.00536185 	0.00135077 	3.39282e-05
0.156432 	-0.00536936 	0.00135813 	3.39446e-05
0.157951 	-0.00537595 	0.00136721 	3.41437e-05
0.15947 	-0.00538253 	0.00137629 	3.43427e-05
0.160988 	-0.00538912 	0.00138537 	3.45418e-05
0.162507 	-0.0053957 	0.00139446 	3.47409e-05
0.164026 	-0.00540186 	0.00140448 	3.50292e-05
0.165545 	-0.00540711 	0.00141657 	3.55139e-05
0.167064 	-0.00541262 	0.00142393 	3.58681e-05
0.168582 	-0.00541764 	0.00143072 	3.61903e-05
0.170101 	-0.00542083 	0.00143898 	3.64984e-05
0.17162 	-0.00542403 	0.00144724 	3.68064e-05
0.173139 	-0.00542722 	0.00145549 	3.71145e-05
0.174657 	-0.00543041 	0.00146375 	3.74226e-05
0.176176 	-0.00543292 	0.0014729 	3.77414e-05
0.177695 	-0.00543419 	0.00148366 	3.80795e-05
0.179214 	-0.00543659 	0.00149103 	3.86698e-05
0.180732 	-0.00543951 	0.0014968 	3.9379e-05
0.182251 	-0.00544002 	0.00150406 	3.97666e-05
0.18377 	-0.00544023 	0.0015115 	4.01138e-05
0.185289 	-0.00544044 	0.00151895 	4.0461e-05
0.186807 	-0.00544065 	0.00152639 	4.08082e-05
0.188326 	-0.00544061 	0.00153413 	4.11209e-05
0.189845 	-0.00543892 	0.00154386 	4.12055e-05
0.191364 	-0.00543788 	0.00155245 	4.15311e-05
0.192882 	-0.00543872 	0.00155777 	4.25522e-05
0.194401 	-0.00543876 	0.00156342 	4.34054e-05
0.19592 	-0.0054364 	0.00157007 	4.37611e-05
0.197439 	-0.00543403 	0.00157672 	4.41169e-05
0.198957 	-0.00543167 	0.00158337 	4.44726e-05
0.200476 	-0.00542931 	0.00159003 	4.48283e-05
0.201995 	-0.00542559 	0.00159792 	4.48465e-05
0.203514 	-0.00542109 	0.00160652 	4.46725e-05
0.205033 	-0.00541832 	0.00161292 	4.52792e-05
0.206551 	-0.00541696 	0.00161751 	4.65248e-05
0.20807 	-0.00541456 	0.00162251 	4.75014e-05
0.209589 	-0.00540991 	0.00162837 	4.78977e-05
0.211108 	-0.00540527 	0.00163423 	4.82939e-05
0.212626 	-0.00540062 	0.00164009 	4.86901e-05
0.214145 	-0.00539597 	0.00164596 	4.90864e-05
0.215664 	-0.00538951 	0.0016534 	4.88534e-05
0.217183 	-0.00538277 	0.0016611 	4.85226e-05
0.218701 	-0.00537789 	0.00166667 	4.91405e-05
0.22022 	-0.00537453 	0.00167052 	5.05308e-05
0.221739 	-0.00537093 	0.00167446 	5.1856e-05
0.223258 	-0.00536446 	0.00167966 	5.23716e-05
0.224776 	-0.00535799 	0.00168487 	5.28872e-05
0.226295 	-0.00535152 	0.00169007 	5.34028e-05
0.227814 	-0.00534504 	0.00169527 	5.39184e-05
0.229333 	-0.00533699 	0.00170193 	5.37692e-05
0.230851 	-0.00532856 	0.00170894 	5.34646e-05
0.23237 	-0.00532101 	0.001715 	5.36333e-05
0.233889 	-0.00531603 	0.00171829 	5.51853e-05
0.235408 	-0.00531105 	0.00172157 	5.67373e-05
0.236926 	-0.00530451 	0.00172555 	5.78562e-05
0.238445 	-0.00529651 	0.00173017 	5.85738e-05
0.239964 	-0.00528852 	0.00173479 	5.92913e-05
0.241483 	-0.00528053 	0.00173941 	6.00089e-05
0.243002 	-0.00527164 	0.00174482 	6.03048e-05
0.24452 	-0.00526174 	0.00175112 	6.012e-05
0.246039 	-0.00525184 	0.00175742 	5.99352e-05
0.247558 	-0.00524414 	0.00176143 	6.09821e-05
0.249077 	-0.00523762 	0.00176424 	6.2678e-05
0.250595 	-0.00523109 	0.00176706 	6.43739e-05
0.252114 	-0.00522269 	0.00177066 	6.55751e-05
0.253633 	-0.00521325 	0.00177471 	6.65025e-05
0.255152 	-0.00520382 	0.00177875 	6.743e-05
0.25667 	-0.00519438 	0.0017828 	6.83574e-05
0.258189 	-0.00518344 	0.00178808 	6.84819e-05
0.259708 	-0.00517218 	0.00179362 	6.84413e-05
0.261227 	-0.00516093 	0.00179915 	6.84008e-05
0.262745 	-0.00515208 	0.00180237 	6.97477e-05
0.264264 	-0.00514407 	0.0018048 	7.15688e-05
0.265783 	-0.00513605 	0.00180722 	7.339e-05
0.267302 	-0.0051268 	0.00181012 	7.48764e-05
0.26882 	-0.005116 	0.00181359 	7.59406e-05
0.270339 	-0.0051052 	0.00181707 	7.70049e-05
0.271858 	-0.00509439 	0.00182055 	7.80691e-05
0.273377 	-0.00508207 	0.00182513 	7.82444e-05
0.274895 	-0.00506957 	0.00182984 	7.83121e-05
0.276414 	-0.00505706 	0.00183455 	7.83798e-05
0.277933 	-0.00504616 	0.00183792 	7.94088e-05
0.279452 	-0.00503674 	0.00184005 	8.13249e-05
0.28097 	-0.00502732 	0.00184218 	8.32409e-05
0.282489 	-0.0050179 	0.00184431 	8.5157e-05
0.284008 	-0.00500604 	0.00184715 	8.63768e-05
0.285527 	-0.00499393 	0.00185006 	8.75267e-05
0.287046 	-0.00498182 	0.00185297 	8.86766e-05
0.288564 	-0.00496868 	0.00185646 	8.9231e-05
0.290083 	-0.00495499 	0.00186027 	8.94642e-05
0.291602 	-0.0049413 	0.00186408 	8.96974e-05
0.293121 	-0.00492761 	0.00186789 	8.99305e-05
0.294639 	-0.0049166 	0.00186977 	9.20024e-05
0.296158 	-0.00490567 	0.00187161 	9.41237e-05
0.297677 	-0.00489473 	0.00187345 	9.62449e-05
0.299196 	-0.00488371 	0.0018753 	9.83319e-05
0.300714 	-0.00487046 	0.00187765 	9.95351e-05
0.302233 	-0.00485721 	0.00188001 	0.000100738
0.303752 	-0.00484384 	0.00188241 	0.000101848
0.305271 	-0.00482937 	0.00188533 	0.000102091
0.306789 	-0.0048149 	0.00188825 	0.000102333
0.308308 	-0.00480044 	0.00189117 	0.000102576
0.309827 	-0.00478621 	0.00189395 	0.000103022
0.311346 	-0.00477412 	0.00189551 	0.000105266
0.312864 	-0.00476202 	0.00189707 	0.000107509
0.314383 	-0.00474993 	0.00189863 	0.000109753
0.315902 	-0.00473784 	0.00190019 	0.000111997
0.317421 	-0.0047241 	0.001902 	0.000113391
0.318939 	-0.00471 	0.00190387 	0.000114602
0.320458 	-0.00469567 	0.0019058 	0.000115573
0.321977 	-0.00468056 	0.00190794 	0.00011574
0.323496 	-0.00466546 	0.00191007 	0.000115907
0.325015 	-0.00465035 	0.00191221 	0.000116075
0.326533 	-0.00463524 	0.00191435 	0.000116242
0.328052 	-0.00462224 	0.0019158 	0.000118188
0.329571 	-0.00460947 	0.00191716 	0.000120338
0.33109 	-0.0045967 	0.00191853 	0.000122487
0.332608 	-0.00458393 	0.0019199 	0.000124636
0.334127 	-0.00457062 	0.00192129 	0.000126556
0.335646 	-0.00455578 	0.00192273 	0.00012782
0.337165 	-0.00454089 	0.00192417 	0.00012904
0.338683 	-0.00452487 	0.00192556 	0.000129293
0.340202 	-0.00450884 	0.00192694 	0.000129546
0.341721 	-0.00449281 	0.00192832 	0.0001298
0.34324 	-0.00447679 	0.00192971 	0.000130053
0.344758 	-0.0044616 	0.001931 	0.000130933
0.346277 	-0.00444794 	0.00193214 	0.000132937
0.347796 	-0.00443428 	0.00193327 	0.000134941
0.349315 	-0.00442062 	0.00193441 	0.000136945
0.350833 	-0.00440696 	0.00193554 	0.000138949
0.352352 	-0.00439261 	0.00193664 	0.000140704
0.353871 	-0.00437692 	0.00193764 	0.00014198
0.35539 	-0.00436061 	0.00193847 	0.000142738
0.356908 	-0.00434376 	0.00193913 	0.000143038
0.358427 	-0.00432691 	0.00193979 	0.000143339
0.359946 	-0.00431007 	0.00194045 	0.00014364
0.361465 	-0.00429322 	0.00194111 	0.000143941
0.362983 	-0.00427738 	0.00194187 	0.00014498
0.364502 	-0.00426265 	0.00194273 	0.000146827
0.366021 	-0.00424792 	0.00194358 	0.000148674
0.36754 	-0.00423318 	0.00194444 	0.000150521
0.369059 	-0.00421845 	0.0019453 	0.000152367
0.370577 	-0.00420359 	0.00194613 	0.000154159
0.372096 	-0.00418695 	0.00194668 	0.000155182
0.373615 	-0.00416961 	0.00194681 	0.000155485
0.375134 	-0.00415195 	0.00194676 	0.000155467
0.376652 	-0.0041343 	0.00194671 	0.000155449
0.378171 	-0.00411665 	0.00194665 	0.00015543
0.37969 	-0.004099 	0.0019466 	0.000155412
0.381209 	-0.00408181 	0.00194669 	0.000155781
0.382727 	-0.00406598 	0.00194721 	0.000157299
0.384246 	-0.00405015 	0.00194773 	0.000158817
0.385765 	-0.00403432 	0.00194825 	0.000160334
0.387284 	-0.00401849 	0.00194877 	0.000161852
0.388802 	-0.00400266 	0.00194929 	0.000163369
0.390321 	-0.00398604 	0.00194962 	0.000164507
0.39184 	-0.00396793 	0.00194928 	0.000164591
0.393359 	-0.00394938 	0.00194857 	0.000164166
0.394877 	-0.00393084 	0.00194785 	0.000163741
0.396396 	-0.00391229 	0.00194713 	0.000163316
0.397915 	-0.00389375 	0.00194641 	0.000162891
0.399434 	-0.0038752 	0.0019457 	0.000162466
0.400952 	-0.00385779 	0.00194552 	0.000163098
0.402471 	-0.00384091 	0.0019456 	0.000164228
0.40399 	-0.00382402 	0.00194567 	0.000165359
0.405509 	-0.00380714 	0.00194575 	0.00016649
0.407028 	-0.00379026 	0.00194582 	0.00016762
0.408546 	-0.00377338 	0.0019459 	0.000168751
0.410065 	-0.00375572 	0.00194576 	0.000169503
0.411584 	-0.00373613 	0.00194445 	0.000168724
0.413103 	-0.00371654 	0.00194314 	0.000167944
0.414621 	-0.00369695 	0.00194183 	0.000167165
0.41614 	-0.00367736 	0.00194051 	0.000166385
0.417659 	-0.00365777 	0.0019392 	0.000165606
0.419178 	-0.00363818 	0.00193789 	0.000164826
0.420696 	-0.00361989 	0.0019373 	0.000165107
0.422215 	-0.00360201 	0.00193693 	0.000165732
0.423734 	-0.00358413 	0.00193656 	0.000166358
0.425253 	-0.00356626 	0.0019362 	0.000166983
0.426771 	-0.00354838 	0.00193583 	0.000167609
0.42829 	-0.00353051 	0.00193547 	0.000168235
0.429809 	-0.00351235 	0.00193489 	0.000168681
0.431328 	-0.00349168 	0.00193293 	0.000167874
0.432846 	-0.00347102 	0.00193096 	0.000167068
0.434365 	-0.00345036 	0.001929 	0.000166261
0.435884 	-0.0034297 	0.00192703 	0.000165454
0.437403 	-0.00340903 	0.00192507 	0.000164648
0.438921 	-0.00338837 	0.0019231 	0.000163841
0.44044 	-0.00336859 	0.00192171 	0.000163534
0.441959 	-0.00334977 	0.00192094 	0.00016378
0.443478 	-0.00333096 	0.00192018 	0.000164025
0.444996 	-0.00331215 	0.00191941 	0.00016427
0.446515 	-0.00329333 	0.00191865 	0.000164515
0.448034 	-0.00327452 	0.00191789 	0.00016476
0.449553 	-0.00325571 	0.00191712 	0.000165006
0.451072 	-0.00323511 	0.00191496 	0.000164644
0.45259 	-0.00321327 	0.00191229 	0.000164113
0.454109 	-0.00319143 	0.00190962 	0.000163582
0.455628 	-0.00316959 	0.00190695 	0.000163051
0.457147 	-0.00314775 	0.00190428 	0.00016252
0.458665 	-0.0031259 	0.00190161 	0.000161989
0.460184 	-0.00310406 	0.00189894 	0.000161458
0.461703 	-0.00308382 	0.00189757 	0.000161335
0.463222 	-0.00306388 	0.00189645 	0.000161291
0.46474 	-0.00304394 	0.00189532 	0.000161247
0.466259 	-0.003024 	0.0018942 	0.000161203
0.467778 	-0.00300406 	0.00189307 	0.000161158
0.469297 	-0.00298412 	0.00189195 	0.000161114
0.470815 	-0.00296355 	0.00189018 	0.000161042
0.472334 	-0.00294177 	0.00188742 	0.000160971
0.473853 	-0.00291849 	0.00188398 	0.000161023
0.475372 	-0.00289522 	0.00188054 	0.000161076
0.47689 	-0.00287194 	0.0018771 	0.000161129
0.478409 	-0.00284866 	0.00187366 	0.000161181
0.479928 	-0.00282538 	0.00187022 	0.000161234
0.481447 	-0.0028021 	0.00186678 	0.000161287
0.482965 	-0.0027804 	0.00186501 	0.000161282
0.484484 	-0.00275899 	0.00186355 	0.000161268
0.486003 	-0.00273758 	0.00186209 	0.000161253
0.487522 	-0.00271617 	0.00186063 	0.000161238
0.489041 	-0.00269476 	0.00185917 	0.000161223
0.490559 	-0.00267335 	0.00185771 	0.000161209
0.492078 	-0.00265111 	0.00185524 	0.000161345
0.493597 	-0.00262823 	0.00185201 	0.000161596
0.495116 	-0.00260399 	0.00184798 	0.000162119
0.496634 	-0.00257924 	0.00184365 	0.000162743
0.498153 	-0.00255449 	0.00183933 	0.000163367
0.499672 	-0.00252974 	0.001835 	0.000163991
0.501191 	-0.002505 	0.00183067 	0.000164614
0.502709 	-0.00248025 	0.00182634 	0.000165238
0.504228 	-0.00245629 	0.00182317 	0.000165833
0.505747 	-0.00243315 	0.0018212 	0.000166398
0.507266 	-0.00241001 	0.00181923 	0.000166963
0.508784 	-0.00238687 	0.00181726 	0.000167528
0.510303 	-0.00236373 	0.00181529 	0.000168093
0.511822 	-0.00234059 	0.00181332 	0.000168657
0.513341 	-0.00231699 	0.00181069 	0.000169238
0.514859 	-0.00229249 	0.00180677 	0.000169851
0.516378 	-0.00226799 	0.00180285 	0.000170464
0.517897 	-0.0022421 	0.00179794 	0.000171126
0.519416 	-0.00221603 	0.00179289 	0.000171795
0.520934 	-0.00218995 	0.00178784 	0.000172463
0.522453 	-0.00216387 	0.00178279 	0.000173132
0.523972 	-0.00213779 	0.00177774 	0.000173801
0.525491 	-0.00211171 	0.00177269 	0.00017447
0.52701 	-0.00208649 	0.00176955 	0.000175418
0.528528 	-0.00206152 	0.00176697 	0.000176448
0.530047 	-0.00203655 	0.00176439 	0.000177477
0.531566 	-0.00201158 	0.0017618 	0.000178507
0.533085 	-0.00198661 	0.00175922 	0.000179536
0.534603 	-0.00196164 	0.00175664 	0.000180566
0.536122 	-0.00193575 	0.00175259 	0.000181337
0.537641 	-0.00190956 	0.00174806 	0.000182024
0.53916 	-0.00188337 	0.00174353 	0.000182712
0.540678 	-0.00185643 	0.0017384 	0.000183218
0.542197 	-0.00182911 	0.00173294 	0.000183629
0.543716 	-0.00180178 	0.00172748 	0.000184039
0.545235 	-0.00177445 	0.00172202 	0.00018445
0.546753 	-0.00174713 	0.00171656 	0.000184861
0.548272 	-0.0017198 	0.0017111 	0.000185272
0.549791 	-0.00169298 	0.00170733 	0.000186023
0.55131 	-0.00166637 	0.00170431 	0.000186923
0.552828 	-0.00163976 	0.00170129 	0.000187824
0.554347 	-0.00161315 	0.00169826 	0.000188724
0.555866 	-0.00158655 	0.00169524 	0.000189624
0.557385 	-0.00155994 	0.00169222 	0.000190525
0.558903 	-0.00153225 	0.00168755 	0.000190977
0.560422 	-0.00150433 	0.00168252 	0.000191334
0.561941 	-0.00147641 	0.0016775 	0.00019169
0.56346 	-0.00144843 	0.00167242 	0.000192033
0.564978 	-0.00141953 	0.00166652 	0.000192156
0.566497 	-0.00139062 	0.00166062 	0.000192278
0.568016 	-0.00136172 	0.00165472 	0.000192401
0.569535 	-0.00133282 	0.00164882 	0.000192524
0.571054 	-0.00130392 	0.00164292 	0.000192646
0.572572 	-0.00127523 	0.00163762 	0.000192819
0.574091 	-0.00124717 	0.00163407 	0.000193138
0.57561 	-0.0012191 	0.00163051 	0.000193457
0.577129 	-0.00119104 	0.00162696 	0.000193776
0.578647 	-0.00116297 	0.0016234 	0.000194095
0.580166 	-0.00113491 	0.00161985 	0.000194415
0.581685 	-0.00110583 	0.00161522 	0.000194571
0.583204 	-0.00107586 	0.00160968 	0.000194587
0.584722 	-0.0010459 	0.00160414 	0.000194602
0.586241 	-0.00101594 	0.0015986 	0.000194618
0.58776 	-0.000985841 	0.00159297 	0.000194641
0.589279 	-0.000954512 	0.00158656 	0.000194728
0.590797 	-0.000923183 	0.00158015 	0.000194816
0.592316 	-0.000891853 	0.00157373 	0.000194904
0.593835 	-0.000860524 	0.00156732 	0.000194991
0.595354 	-0.000829195 	0.00156091 	0.000195079
0.596872 	-0.000798578 	0.00155554 	0.000195271
0.598391 	-0.000768805 	0.00155139 	0.000195587
0.59991 	-0.000739032 	0.00154724 	0.000195903
0.601429 	-0.000709259 	0.0015431 	0.000196219
0.602947 	-0.000679486 	0.00153895 	0.000196536
0.604466 	-0.000649713 	0.00153481 	0.000196852
0.605985 	-0.00061749 	0.00152889 	0.000196663
0.607504 	-0.000584983 	0.00152278 	0.000196415
0.609023 	-0.000552476 	0.00151666 	0.000196168
0.610541 	-0.00051997 	0.00151054 	0.00019592
0.61206 	-0.000487463 	0.00150442 	0.000195673
0.613579 	-0.000453433 	0.00149762 	0.000195234
0.615098 	-0.000418944 	0.00149061 	0.000194737
0.616616 	-0.000384455 	0.00148361 	0.000194241
0.618135 	-0.000349966 	0.0014766 	0.000193744
0.619654 	-0.000315477 	0.0014696 	0.000193248
0.621173 	-0.000281711 	0.00146334 	0.000193071
0.622691 	-0.000249643 	0.00145882 	0.000193646
0.62421 	-0.000217575 	0.00145431 	0.000194221
0.625729 	-0.000185508 	0.0014498 	0.000194796
0.627248 	-0.00015344 	0.00144529 	0.000195371
0.628766 	-0.000121372 	0.00144078 	0.000195945
0.630285 	-8.64443e-05 	0.00143426 	0.000195473
0.631804 	-5.12089e-05 	0.00142753 	0.000194888
0.633323 	-1.59734e-05 	0.0014208 	0.000194303
0.634841 	1.9262e-05 	0.00141408 	0.000193718
0.63636 	5.44974e-05 	0.00140735 	0.000193133
0.637879 	8.991e-05 	0.00140053 	0.000192471
0.639398 	0.000127436 	0.00139263 	0.000190891
0.640916 	0.000164963 	0.00138473 	0.00018931
0.642435 	0.000202489 	0.00137684 	0.00018773
0.643954 	0.000240016 	0.00136894 	0.00018615
0.645473 	0.000277542 	0.00136104 	0.00018457
0.646991 	0.000312804 	0.00135562 	0.000184041
0.64851 	0.000347437 	0.00135089 	0.000183805
0.650029 	0.00038207 	0.00134616 	0.000183569
0.651548 	0.000416703 	0.00134143 	0.000183332
0.653067 	0.000451336 	0.0013367 	0.000183096
0.654585 	0.000487784 	0.00133052 	0.000182587
0.656104 	0.000525675 	0.0013232 	0.00018186
0.657623 	0.000563567 	0.00131587 	0.000181133
0.659142 	0.000601458 	0.00130855 	0.000180406
0.66066 	0.00063935 	0.00130122 	0.000179679
0.662179 	0.000677241 	0.00129389 	0.000178953
0.663698 	0.000715198 	0.00128652 	0.000178206
0.665217 	0.000755402 	0.00127763 	0.000176757
0.666735 	0.000795607 	0.00126873 	0.000175308
0.668254 	0.000835811 	0.00125984 	0.000173859
0.669773 	0.000876016 	0.00125094 	0.000172411
0.671292 	0.00091622 	0.00124204 	0.000170962
0.67281 	0.000953766 	0.00123665 	0.000169834
0.674329 	0.000991056 	0.00123159 	0.000168736
0.675848 	0.00102835 	0.00122653 	0.000167639
0.677367 	0.00106564 	0.00122147 	0.000166541
0.678885 	0.00110293 	0.00121641 	0.000165444
0.680404 	0.0011431 	0.00120893 	0.000164856
0.681923 	0.00118374 	0.00120105 	0.000164352
0.683442 	0.00122438 	0.00119318 	0.000163848
0.68496 	0.00126502 	0.0011853 	0.000163343
0.686479 	0.00130567 	0.00117743 	0.000162839
0.687998 	0.00134631 	0.00116956 	0.000162334
0.689517 	0.00138695 	0.00116168 	0.00016183
0.691036 	0.00142898 	0.00115272 	0.000161363
0.692554 	0.00147184 	0.0011431 	0.000160918
0.694073 	0.0015147 	0.00113348 	0.000160474
0.695592 	0.00155756 	0.00112387 	0.000160029
0.697111 	0.00160042 	0.00111425 	0.000159585
0.698629 	0.00164126 	0.00110744 	0.000158842
0.700148 	0.0016812 	0.00110188 	0.000157965
0.701667 	0.00172113 	0.00109632 	0.000157088
0.703186 	0.00176107 	0.00109077 	0.000156211
0.704704 	0.001801 	0.00108521 	0.000155334
0.706223 	0.00184397 	0.00107741 	0.000155069
0.707742 	0.00188764 	0.0010691 	0.000154945
0.709261 	0.00193131 	0.00106078 	0.00015482
0.710779 	0.00197498 	0.00105247 	0.000154696
0.712298 	0.00201865 	0.00104416 	0.000154572
0.713817 	0.00206232 	0.00103584 	0.000154448
0.715336 	0.00210599 	0.00102753 	0.000154323
0.716854 	0.00214966 	0.00101921 	0.000154199
0.718373 	0.00219517 	0.00100947 	0.000154221
0.719892 	0.00224095 	0.000999513 	0.000154265
0.721411 	0.00228674 	0.00098956 	0.000154308
0.722929 	0.00233252 	0.000979607 	0.000154351
0.724448 	0.0023779 	0.000970117 	0.000154384
0.725967 	0.00242038 	0.000964008 	0.000154337
0.727486 	0.00246286 	0.000957898 	0.00015429
0.729005 	0.00250533 	0.000951788 	0.000154243
0.730523 	0.00254781 	0.000945678 	0.000154196
0.732042 	0.00259219 	0.000938517 	0.000154185
0.733561 	0.00263922 	0.000929903 	0.000154226
0.73508 	0.00268624 	0.000921289 	0.000154266
0.736598 	0.00273326 	0.000912674 	0.000154306
0.738117 	0.00278028 	0.00090406 	0.000154346
0.739636 	0.00282731 	0.000895446 	0.000154387
0.741155 	0.00287433 	0.000886831 	0.000154427
0.742673 	0.00292135 	0.000878217 	0.000154467
0.744192 	0.00296837 	0.000869603 	0.000154507
0.745711 	0.00301719 	0.000859893 	0.00015425
0.74723 	0.00306652 	0.000849876 	0.000153909
0.748748 	0.00311584 	0.000839859 	0.000153567
0.750267 	0.00316517 	0.000829842 	0.000153226
0.751786 	0.00321367 	0.000820521 	0.000152959
0.753305 	0.00325904 	0.000813842 	0.000152974
0.754823 	0.00330442 	0.000807164 	0.000152989
0.756342 	0.00334979 	0.000800486 	0.000153004
0.757861 	0.00339517 	0.000793807 	0.000153019
0.75938 	0.00344402 	0.000785682 	0.000152941
0.760898 	0.0034945 	0.000776882 	0.000152819
0.762417 	0.00354497 	0.000768081 	0.000152698
0.763936 	0.00359545 	0.000759281 	0.000152576
0.765455 	0.00364592 	0.000750481 	0.000152454
0.766973 	0.0036964 	0.000741681 	0.000152333
0.768492 	0.00374687 	0.00073288 	0.000152211
0.770011 	0.00379735 	0.00072408 	0.000152089
0.77153 	0.00384782 	0.00071528 	0.000151968
0.773049 	0.00389921 	0.000706098 	0.000151699
0.774567 	0.00395226 	0.000696215 	0.000151163
0.776086 	0.00400532 	0.000686333 	0.000150626
0.777605 	0.00405838 	0.00067645 	0.000150089
0.779124 	0.00411143 	0.000666568 	0.000149552
0.780642 	0.00416007 	0.000659313 	0.000149418
0.782161 	0.00420851 	0.000652174 	0.000149301
0.78368 	0.00425695 	0.000645035 	0.000149185
0.785199 	0.0043054 	0.000637895 	0.000149068
0.786717 	0.00435697 	0.000629734 	0.000148895
0.788236 	0.0044106 	0.000620902 	0.000148685
0.789755 	0.00446422 	0.00061207 	0.000148476
0.791274 	0.00451785 	0.000603237 	0.000148266
0.792792 	0.00457148 	0.000594405 	0.000148057
0.794311 	0.0046251 	0.000585572 	0.000147847
0.79583 	0.00467873 	0.00057674 	0.000147637
0.797349 	0.00473236 	0.000567908 	0.000147428
0.798867 	0.00478598 	0.000559075 	0.000147218
0.800386 	0.00483961 	0.000550243 	0.000147008
0.801905 	0.00489481 	0.000540945 	0.000146694
0.803424 	0.00495108 	0.000531333 	0.000146308
0.804942 	0.00500735 	0.000521721 	0.000145922
0.806461 	0.00506361 	0.000512108 	0.000145536
0.80798 	0.0051179 	0.000503346 	0.000145408
0.809499 	0.0051689 	0.000495995 	0.000145706
0.811018 	0.0052199 	0.000488644 	0.000146005
0.812536 	0.0052709 	0.000481293 	0.000146304
0.814055 	0.00532299 	0.000473689 	0.000146522
0.815574 	0.00537977 	0.000464999 	0.000146395
0.817093 	0.00543655 	0.000456308 	0.000146267
0.818611 	0.00549333 	0.000447618 	0.00014614
0.82013 	0.00555011 	0.000438927 	0.000146012
0.821649 	0.00560689 	0.000430237 	0.000145885
0.823168 	0.00566367 	0.000421547 	0.000145758
0.824686 	0.00572045 	0.000412856 	0.00014563
0.826205 	0.00577723 	0.000404166 	0.000145503
0.827724 	0.00583401 	0.000395475 	0.000145375
0.829243 	0.00589079 	0.000386785 	0.000145248
0.830761 	0.00594903 	0.000377769 	0.000144885
0.83228 	0.0060086 	0.000368454 	0.000144307
0.833799 	0.00606816 	0.00035914 	0.000143729
0.835318 	0.00612773 	0.000349826 	0.000143152
0.836836 	0.00618457 	0.000341434 	0.000142967
0.838355 	0.00623832 	0.000334089 	0.000143231
0.839874 	0.00629206 	0.000326745 	0.000143494
0.841393 	0.00634581 	0.0003194 	0.000143757
0.842911 	0.00640232 	0.000311617 	0.000143764
0.84443 	0.00646233 	0.00030328 	0.000143447
0.845949 	0.00652234 	0.000294943 	0.000143129
0.847468 	0.00658235 	0.000286606 	0.000142812
0.848986 	0.00664236 	0.000278269 	0.000142495
0.850505 	0.00670237 	0.000269932 	0.000142178
0.852024 	0.00676238 	0.000261596 	0.000141861
0.853543 	0.00682239 	0.000253259 	0.000141544
0.855062 	0.00688241 	0.000244922 	0.000141227
0.85658 	0.00694242 	0.000236585 	0.00014091
0.858099 	0.00700243 	0.000228248 	0.000140593
0.859618 	0.0070628 	0.000219843 	0.00014021
0.861137 	0.00712548 	0.000211014 	0.000139421
0.862655 	0.00718815 	0.000202185 	0.000138631
0.864174 	0.00725083 	0.000193357 	0.000137842
0.865693 	0.00731188 	0.00018494 	0.000137196
0.867212 	0.00736784 	0.000177815 	0.000137003
0.86873 	0.00742381 	0.000170691 	0.00013681
0.870249 	0.00747978 	0.000163566 	0.000136617
0.871768 	0.00753835 	0.000156219 	0.000136186
0.873287 	0.00760137 	0.000148494 	0.000135349
0.874805 	0.00766439 	0.000140768 	0.000134513
0.876324 	0.00772741 	0.000133043 	0.000133677
0.877843 	0.00779043 	0.000125317 	0.000132841
0.879362 	0.00785345 	0.000117592 	0.000132005
0.88088 	0.00791647 	0.000109866 	0.000131169
0.882399 	0.00797949 	0.000102141 	0.000130333
0.883918 	0.00804251 	9.44153e-05 	0.000129497
0.885437 	0.00810553 	8.66898e-05 	0.00012866
0.886955 	0.00816855 	7.89643e-05 	0.000127824
0.888474 	0.00823157 	7.12389e-05 	0.000126988
0.889993 	0.00829598 	6.33809e-05 	0.000126016
0.891512 	0.00836207 	5.53626e-05 	0.00012488
0.893031 	0.00842816 	4.73443e-05 	0.000123744
0.894549 	0.00849426 	3.9326e-05 	0.000122607
0.896068 	0.00855493 	3.21763e-05 	0.000121964
0.897587 	0.00861334 	2.53889e-05 	0.000121526
0.899106 	0.00867175 	1.86014e-05 	0.000121088
0.900624 	0.00873017 	1.1814e-05 	0.00012065
0.902143 	0.00879541 	4.94079e-06 	0.000119409
0.903662 	0.00886081 	-1.93448e-06 	0.00011815
0.905181 	0.00892621 	-8.80974e-06 	0.000116891
0.906699 	0.00899161 	-1.5685e-05 	0.000115632
0.908218 	0.00905701 	-2.25603e-05 	0.000114373
0.909737 	0.00912241 	-2.94355e-05 	0.000113113
0.911256 	0.00918782 	-3.63108e-05 	0.000111854
0.912774 	0.00925322 	-4.31861e-05 	0.000110595
0.914293 	0.00931862 	-5.00613e-05 	0.000109336
0.915812 	0.00938402 	-5.69366e-05 	0.000108077
0.917331 	0.00944942 	-6.38119e-05 	0.000106817
0.918849 	0.00951482 	-7.06871e-05 	0.000105558
0.920368 	0.0095817 	-7.75535e-05 	0.000104071
0.921887 	0.0096502 	-8.44101e-05 	0.000102334
0.923406 	0.00971869 	-9.12667e-05 	0.000100597
0.924924 	0.00978719 	-9.81233e-05 	9.88594e-05
0.926443 	0.0098486 	-0.000104414 	9.78876e-05
0.927962 	0.00990892 	-0.000110618 	9.70326e-05
0.929481 	0.00996925 	-0.000116822 	9.61775e-05
0.930999 	0.0100314 	-0.00012295 	9.52374e-05
0.932518 	0.0100986 	-0.000128877 	9.4068e-05
0.934037 	0.0101657 	-0.000134804 	9.28986e-05
0.935556 	0.0102329 	-0.000140731 	9.17292e-05
0.937075 	0.0103 	-0.000146657 	9.05598e-05
0.938593 	0.0103672 	-0.000152584 	8.93904e-05
0.940112 	0.0104343 	-0.000158511 	8.8221e-05
0.941631 	0.0105015 	-0.000164438 	8.70516e-05
0.94315 	0.0105686 	-0.000170365 	8.58822e-05
0.944668 	0.0106358 	-0.000176291 	8.47128e-05
0.946187 	0.0107029 	-0.000182218 	8.35434e-05
0.947706 	0.0107701 	-0.000188145 	8.2374e-05
0.949225 	0.0108372 	-0.000194072 	8.12046e-05
0.950743 	0.0109051 	-0.000199954 	7.99562e-05
0.952262 	0.0109754 	-0.000205679 	7.8432e-05
0.953781 	0.0110458 	-0.000211405 	7.69078e-05
0.9553 	0.0111162 	-0.000217131 	7.53836e-05
0.956818 	0.0111805 	-0.000222563 	7.3991e-05
0.958337 	0.0112426 	-0.00022789 	7.26453e-05
0.959856 	0.0113048 	-0.000233217 	7.12997e-05
0.961375 	0.0113686 	-0.000238445 	7.01289e-05
0.962893 	0.0114374 	-0.000243387 	6.94588e-05
0.964412 	0.0115062 	-0.00024833 	6.87887e-05
0.965931 	0.0115751 	-0.000253272 	6.81187e-05
0.96745 	0.0116439 	-0.000258215 	6.74486e-05
0.968968 	0.0117127 	-0.000263157 	6.67785e-05
0.970487 	0.0117815 	-0.0002681 	6.61084e-05
0.972006 	0.0118503 	-0.000273043 	6.54383e-05
0.973525 	0.0119191 	-0.000277985 	6.47683e-05
0.975044 	0.0119879 	-0.000282928 	6.40982e-05
0.976562 	0.0120567 	-0.00028787 	6.34281e-05
0.978081 	0.0121255 	-0.000292813 	6.2758e-05
0.9796 	0.0121944 	-0.000297755 	6.2088e-05
0.981119 	0.0122632 	-0.000302698 	6.14179e-05
0.982637 	0.0123342 	-0.000307554 	6.09035e-05
0.984156 	0.0124062 	-0.000312372 	6.04557e-05
0.985675 	0.0124782 	-0.000317191 	6.00079e-05
0.987194 	0.0125476 	-0.000321887 	5.94669e-05
0.988712 	0.0126114 	-0.000326328 	5.87306e-05
0.990231 	0.0126752 	-0.000330769 	5.79943e-05
0.99175 	0.012739 	-0.000335211 	5.72581e-05
0.993269 	0.0128091 	-0.000339168 	5.66744e-05
0.994787 	0.0128795 	-0.0003431 	5.60989e-05
0.996306 	0.0129499 	-0.000347032 	5.55234e-05
0.997825 	0.0130202 	-0.000350964 	5.49479e-05
0.999344 	0.0130906 	-0.000354896 	5.43724e-05
1.00086 	0.013161 	-0.000358828 	5.37968e-05
1.00238 	0.0132314 	-0.000362759 	5.32213e-05
1.0039 	0.0133018 	-0.000366691 	5.26458e-05
1.00542 	0.0133721 	-0.000370623 	5.20703e-05
1.00694 	0.0134425 	-0.000374555 	5.14948e-05
1.00846 	0.0135129 	-0.000378487 	5.09192e-05
1.00997 	0.0135833 	-0.000382419 	5.03437e-05
1.01149 	0.0136537 	-0.000386351 	4.97682e-05
1.01301 	0.013724 	-0.000390283 	4.91927e-05
1.01453 	0.0137973 	-0.000394164 	4.86271e-05
1.01605 	0.0138708 	-0.000398042 	4.80623e-05
1.01757 	0.0139443 	-0.000401919 	4.74975e-05
1.01909 	0.0140125 	-0.000405635 	4.71158e-05
1.02061 	0.0140777 	-0.00040926 	4.68382e-05
1.02213 	0.0141429 	-0.000412884 	4.65605e-05
1.02364 	0.0142101 	-0.000416234 	4.61088e-05
1.02516 	0.0142813 	-0.000419076 	4.53357e-05
1.02668 	0.0143524 	-0.000421919 	4.45625e-05
1.0282 	0.0144235 	-0.000424761 	4.37894e-05
1.02972 	0.0144947 	-0.000427604 	4.30163e-05
1.03124 	0.0145658 	-0.000430446 	4.22432e-05
1.03276 	0.014637 	-0.000433288 	4.14701e-05
1.03428 	0.0147081 	-0.000436131 	4.0697e-05
1.03579 	0.0147792 	-0.000438973 	3.99239e-05
1.03731 	0.0148504 	-0.000441816 	3.91508e-05
1.03883 	0.0149215 	-0.000444658 	3.83777e-05
1.04035 	0.0149927 	-0.0004475 	3.76046e-05
1.04187 	0.0150638 	-0.000450343 	3.68315e-05
1.04339 	0.0151349 	-0.000453185 	3.60584e-05
1.04491 	0.0152061 	-0.000456028 	3.52853e-05
1.04643 	0.0152798 	-0.000458689 	3.42738e-05
1.04794 	0.0153538 	-0.000461331 	3.3236e-05
1.04946 	0.0154278 	-0.000463973 	3.21982e-05
1.05098 	0.0154964 	-0.000466569 	3.16023e-05
1.0525 	0.0155626 	-0.000469145 	3.1204e-05
1.05402 	0.0156288 	-0.000471721 	3.08057e-05
1.05554 	0.015697 	-0.000473865 	3.0215e-05
1.05706 	0.0157675 	-0.000475531 	2.94114e-05
1.05858 	0.015838 	-0.000477197 	2.86077e-05
1.06009 	0.0159085 	-0.000478863 	2.7804e-05
1.06161 	0.0159789 	-0.000480529 	2.70004e-05
1.06313 	0.0160494 	-0.000482195 	2.61967e-05
1.06465 	0.0161199 	-0.000483861 	2.5393e-05
1.06617 	0.0161904 	-0.000485527 	2.45894e-05
1.06769 	0.0162608 	-0.000487193 	2.37857e-05
1.06921 	0.0163313 	-0.000488859 	2.2982e-05
1.07073 	0.0164018 	-0.000490525 	2.21783e-05
1.07224 	0.0164722 	-0.000492191 	2.13747e-05
1.07376 	0.0165427 	-0.000493857 	2.0571e-05
1.07528 	0.0166132 	-0.000495523 	1.97673e-05
1.0768 	0.0166837 	-0.000497189 	1.89637e-05
1.07832 	0.0167555 	-0.000498679 	1.80277e-05
1.07984 	0.0168281 	-0.000500072 	1.70201e-05
1.08136 	0.0169006 	-0.000501466 	1.60126e-05
1.08288 	0.0169699 	-0.000502907 	1.51025e-05
1.08439 	0.0170357 	-0.000504397 	1.42921e-05
1.08591 	0.0171016 	-0.000505886 	1.34816e-05
1.08743 	0.0171682 	-0.000507057 	1.26491e-05
1.08895 	0.0172366 	-0.000507578 	1.17719e-05
1.09047 	0.0173049 	-0.000508099 	1.08947e-05
1.09199 	0.0173733 	-0.00050862 	1.00175e-05
1.09351 	0.0174417 	-0.000509142 	9.14035e-06
1.09503 	0.01751 	-0.000509663 	8.26316e-06
1.09654 	0.0175784 	-0.000510184 	7.38597e-06
1.09806 	0.0176467 	-0.000510705 	6.50877e-06
1.09958 	0.0177151 	-0.000511226 	5.63158e-06
1.1011 	0.0177834 	-0.000511748 	4.75439e-06
1.10262 	0.0178518 	-0.000512269 	3.8772e-06
1.10414 	0.0179202 	-0.00051279 	3e-06
1.10566 	0.0179885 	-0.000513311 	2.12281e-06
1.10718 	0.0180569 	-0.000513832 	1.24562e-06
1.10869 	0.0181252 	-0.000514353 	3.68426e-07
1.11021 	0.0181939 	-0.000514831 	-5.11231e-07
1.11173 	0.0182638 	-0.000515112 	-1.40204e-06
1.11325 	0.0183337 	-0.000515393 	-2.29285e-06
1.11477 	0.0184032 	-0.000515694 	-3.18671e-06
1.11629 	0.0184673 	-0.000516313 	-4.1271e-06
1.11781 	0.0185313 	-0.000516932 	-5.06748e-06
1.11933 	0.0185953 	-0.000517551 	-6.00787e-06
1.12084 	0.0186601 	-0.000517119 	-6.82795e-06
1.12236 	0.0187249 	-0.000516605 	-7.63854e-06
1.12388 	0.0187897 	-0.000516091 	-8.44914e-06
1.1254 	0.0188546 	-0.000515577 	-9.25973e-06
1.12692 	0.0189194 	-0.000515062 	-1.00703e-05
1.12844 	0.0189842 	-0.000514548 	-1.08809e-05
1.12996 	0.0190491 	-0.000514034 	-1.16915e-05
1.13148 	0.0191139 	-0.00051352 	-1.25021e-05
1.13299 	0.0191788 	-0.000513005 	-1.33127e-05
1.13451 	0.0192436 	-0.000512491 	-1.41233e-05
1.13603 	0.0193084 	-0.000511977 	-1.49339e-05
1.13755 	0.0193733 	-0.000511463 	-1.57445e-05
1.13907 	0.0194381 	-0.000510948 	-1.65551e-05
1.14059 	0.0195029 	-0.000510434 	-1.73657e-05
1.14211 	0.0195678 	-0.00050992 	-1.81763e-05
1.14363 	0.0196332 	-0.000509255 	-1.89761e-05
1.14514 	0.0196991 	-0.000508447 	-1.97656e-05
1.14666 	0.019765 	-0.000507638 	-2.05551e-05
1.14818 	0.0198288 	-0.000507061 	-2.13047e-05
1.1497 	0.0198896 	-0.000506825 	-2.19958e-05
1.15122 	0.0199504 	-0.000506589 	-2.26868e-05
1.15274 	0.0200109 	-0.000506044 	-2.33538e-05
1.15426 	0.0200709 	-0.000504699 	-2.39589e-05
1.15578 	0.0201309 	-0.000503355 	-2.45639e-05
1.15729 	0.0201909 	-0.00050201 	-2.5169e-05
1.15881 	0.0202508 	-0.000500666 	-2.5774e-05
1.16033 	0.0203108 	-0.000499321 	-2.63791e-05
1.16185 	0.0203708 	-0.000497977 	-2.69842e-05
1.16337 	0.0204308 	-0.000496633 	-2.75892e-05
1.16489 	0.0204908 	-0.000495288 	-2.81943e-05
1.16641 	0.0205507 	-0.000493944 	-2.87994e-05
1.16793 	0.0206107 	-0.000492599 	-2.94044e-05
1.16944 	0.0206707 	-0.000491255 	-3.00095e-05
1.17096 	0.0207307 	-0.00048991 	-3.06146e-05
1.17248 	0.0207907 	-0.000488566 	-3.12196e-05
1.174 	0.0208506 	-0.000487221 	-3.18247e-05
1.17552 	0.0209106 	-0.000485877 	-3.24298e-05
1.17704 	0.020971 	-0.000484342 	-3.31422e-05
1.17856 	0.0210316 	-0.000482704 	-3.39122e-05
1.18008 	0.0210921 	-0.000481067 	-3.46823e-05
1.18159 	0.0211508 	-0.000479721 	-3.54376e-05
1.18311 	0.0212077 	-0.000478628 	-3.61801e-05
1.18463 	0.0212647 	-0.000477534 	-3.69225e-05
1.18615 	0.0213204 	-0.000476106 	-3.7508e-05
1.18767 	0.0213743 	-0.000474178 	-3.78576e-05
1.18919 	0.0214282 	-0.000472249 	-3.82073e-05
1.19071 	0.0214821 	-0.000470321 	-3.85569e-05
1.19223 	0.021536 	-0.000468393 	-3.89065e-05
1.19374 	0.0215899 	-0.000466464 	-3.92562e-05
1.19526 	0.0216438 	-0.000464536 	-3.96058e-05
1.19678 	0.0216977 	-0.000462607 	-3.99555e-05
1.1983 	0.0217515 	-0.000460679 	-4.03051e-05
1.19982 	0.0218054 	-0.00045875 	-4.06547e-05
1.20134 	0.0218593 	-0.000456822 	-4.10044e-05
1.20286 	0.0219132 	-0.000454893 	-4.1354e-05
1.20438 	0.0219671 	-0.000452965 	-4.17037e-05
1.20589 	0.022021 	-0.000451036 	-4.20533e-05
1.20741 	0.0220749 	-0.000449108 	-4.24029e-05
1.20893 	0.0221287 	-0.000447179 	-4.27526e-05
1.21045 	0.0221823 	-0.000445128 	-4.30152e-05
1.21197 	0.0222356 	-0.000443002 	-4.32241e-05
1.21349 	0.0222889 	-0.000440875 	-4.34329e-05
1.21501 	0.0223413 	-0.00043895 	-4.37202e-05
1.21653 	0.0223926 	-0.000437248 	-4.40945e-05
1.21805 	0.0224439 	-0.000435546 	-4.44688e-05
1.21956 	0.022494 	-0.000433682 	-4.47608e-05
1.22108 	0.0225413 	-0.000431439 	-4.48618e-05
1.2226 	0.0225886 	-0.000429195 	-4.49628e-05
1.22412 	0.0226358 	-0.000426952 	-4.50638e-05
1.22564 	0.0226831 	-0.000424709 	-4.51648e-05
1.22716 	0.0227304 	-0.000422466 	-4.52658e-05
1.22868 	0.0227776 	-0.000420223 	-4.53668e-05
1.2302 	0.0228249 	-0.00041798 	-4.54679e-05
1.23171 	0.0228722 	-0.000415737 	-4.55689e-05
1.23323 	0.0229194 	-0.000413494 	-4.56699e-05
1.23475 	0.0229667 	-0.000411251 	-4.57709e-05
1.23627 	0.023014 	-0.000409008 	-4.58719e-05
1.23779 	0.0230613 	-0.000406765 	-4.59729e-05
1.23931 	0.0231085 	-0.000404522 	-4.6074e-05
1.24083 	0.0231558 	-0.000402279 	-4.6175e-05
1.24235 	0.0232031 	-0.000400036 	-4.6276e-05
1.24386 	0.02325 	-0.000397735 	-4.62753e-05
1.24538 	0.0232965 	-0.000395358 	-4.61377e-05
1.2469 	0.0233429 	-0.000392981 	-4.60001e-05
1.24842 	0.0233892 	-0.000390681 	-4.58683e-05
1.24994 	0.0234348 	-0.000388643 	-4.57561e-05
1.25146 	0.0234803 	-0.000386605 	-4.56439e-05
1.25298 	0.0235259 	-0.000384567 	-4.55317e-05
1.2545 	0.0235663 	-0.000382242 	-4.55968e-05
1.25601 	0.0236068 	-0.000379918 	-4.56621e-05
1.25753 	0.0236472 	-0.000377593 	-4.57274e-05
1.25905 	0.0236877 	-0.000375268 	-4.57927e-05
1.26057 	0.0237281 	-0.000372944 	-4.5858e-05
1.26209 	0.0237686 	-0.000370619 	-4.59233e-05
1.26361 	0.023809 	-0.000368294 	-4.59886e-05
1.26513 	0.0238495 	-0.00036597 	-4.6054e-05
1.26665 	0.0238899 	-0.000363645 	-4.61193e-05
1.26816 	0.0239304 	-0.000361321 	-4.61846e-05
1.26968 	0.0239708 	-0.000358996 	-4.62499e-05
1.2712 	0.0240112 	-0.000356671 	-4.63152e-05
1.27272 	0.0240517 	-0.000354347 	-4.63805e-05
1.27424 	0.0240921 	-0.000352022 	-4.64458e-05
1.27576 	0.0241326 	-0.000349697 	-4.65111e-05
1.27728 	0.0241729 	-0.000347365 	-4.65761e-05
1.2788 	0.0242121 	-0.000344953 	-4.66378e-05
1.28031 	0.0242513 	-0.000342541 	-4.66995e-05
1.28183 	0.0242905 	-0.00034013 	-4.67613e-05
1.28335 	0.0243299 	-0.000337848 	-4.65497e-05
1.28487 	0.0243693 	-0.000335595 	-4.6278e-05
1.28639 	0.0244088 	-0.000333342 	-4.60063e-05
1.28791 	0.0244453 	-0.000331119 	-4.59356e-05
1.28943 	0.0244788 	-0.000328924 	-4.60599e-05
1.29095 	0.0245124 	-0.000326729 	-4.61843e-05
1.29246 	0.024546 	-0.000324535 	-4.63086e-05
1.29398 	0.0245795 	-0.00032234 	-4.6433e-05
1.2955 	0.0246131 	-0.000320145 	-4.65573e-05
1.29702 	0.0246467 	-0.00031795 	-4.66817e-05
1.29854 	0.0246803 	-0.000315756 	-4.6806e-05
1.30006 	0.0247138 	-0.000313561 	-4.69304e-05
1.30158 	0.0247474 	-0.000311366 	-4.70547e-05
1.3031 	0.024781 	-0.000309172 	-4.71791e-05
1.30461 	0.0248145 	-0.000306977 	-4.73034e-05
1.30613 	0.0248481 	-0.000304782 	-4.74277e-05
1.30765 	0.0248817 	-0.000302587 	-4.75521e-05
1.30917 	0.0249152 	-0.000300393 	-4.76764e-05
1.31069 	0.0249488 	-0.000298198 	-4.78008e-05
1.31221 	0.0249814 	-0.000296039 	-4.80482e-05
1.31373 	0.0250133 	-0.000293902 	-4.83677e-05
1.31525 	0.0250453 	-0.000291764 	-4.86871e-05
1.31676 	0.0250776 	-0.000289612 	-4.89287e-05
1.31828 	0.0251109 	-0.000287417 	-4.89485e-05
1.3198 	0.0251441 	-0.000285222 	-4.89683e-05
1.32132 	0.0251774 	-0.000283028 	-4.89881e-05
1.32284 	0.0252054 	-0.000281076 	-4.91225e-05
1.32436 	0.0252325 	-0.000279171 	-4.92784e-05
1.32588 	0.0252596 	-0.000277265 	-4.94343e-05
1.3274 	0.0252867 	-0.000275359 	-4.95902e-05
1.32891 	0.0253137 	-0.000273453 	-4.97461e-05
1.33043 	0.0253408 	-0.000271547 	-4.9902e-05
1.33195 	0.0253679 	-0.000269641 	-5.00579e-05
1.33347 	0.0253949 	-0.000267735 	-5.02138e-05
1.33499 	0.025422 	-0.00026583 	-5.03697e-05
1.33651 	0.0254491 	-0.000263924 	-5.05256e-05
1.33803 	0.0254761 	-0.000262018 	-5.06815e-05
1.33955 	0.0255032 	-0.000260112 	-5.08374e-05
1.34106 	0.0255303 	-0.000258206 	-5.09933e-05
1.34258 	0.0255574 	-0.0002563 	-5.11492e-05
1.3441 	0.0255844 	-0.000254394 	-5.13051e-05
1.34562 	0.0256114 	-0.000252495 	-5.14648e-05
1.34714 	0.0256365 	-0.0002507 	-5.1685e-05
1.34866 	0.0256616 	-0.000248905 	-5.19052e-05
1.35018 	0.0256867 	-0.000247111 	-5.21255e-05
1.3517 	0.0257127 	-0.000245231 	-5.23904e-05
1.35321 	0.0257394 	-0.000243286 	-5.26895e-05
1.35473 	0.0257661 	-0.000241341 	-5.29887e-05
1.35625 	0.0257927 	-0.000239404 	-5.32826e-05
1.35777 	0.0258144 	-0.000237839 	-5.33387e-05
1.35929 	0.0258361 	-0.000236274 	-5.33948e-05
1.36081 	0.0258578 	-0.000234709 	-5.34508e-05
1.36233 	0.0258795 	-0.000233144 	-5.35069e-05
1.36385 	0.0259012 	-0.000231579 	-5.3563e-05
1.36536 	0.0259229 	-0.000230014 	-5.36191e-05
1.36688 	0.0259446 	-0.000228449 	-5.36752e-05
1.3684 	0.0259662 	-0.000226883 	-5.37313e-05
1.36992 	0.0259879 	-0.000225318 	-5.37874e-05
1.37144 	0.0260096 	-0.000223753 	-5.38435e-05
1.37296 	0.0260313 	-0.000222188 	-5.38995e-05
1.37448 	0.026053 	-0.000220623 	-5.39556e-05
1.376 	0.0260747 	-0.000219058 	-5.40117e-05
1.37751 	0.0260964 	-0.000217493 	-5.40678e-05
1.37903 	0.0261181 	-0.000215928 	-5.41239e-05
1.38055 	0.0261392 	-0.00021441 	-5.41499e-05
1.38207 	0.0261595 	-0.000212966 	-5.41293e-05
1.38359 	0.0261797 	-0.000211522 	-5.41087e-05
1.38511 	0.0261999 	-0.000210078 	-5.40881e-05
1.38663 	0.0262212 	-0.000208508 	-5.43201e-05
1.38815 	0.0262429 	-0.000206898 	-5.46332e-05
1.38966 	0.0262645 	-0.000205287 	-5.49464e-05
1.39118 	0.0262859 	-0.000203702 	-5.52301e-05
1.3927 	0.0263035 	-0.000202504 	-5.50634e-05
1.39422 	0.0263211 	-0.000201307 	-5.48966e-05
1.39574 	0.0263388 	-0.00020011 	-5.47299e-05
1.39726 	0.0263564 	-0.000198912 	-5.45632e-05
1.39878 	0.026374 	-0.000197715 	-5.43965e-05
1.4003 	0.0263916 	-0.000196518 	-5.42298e-05
1.40181 	0.0264092 	-0.00019532 	-5.4063e-05
1.40333 	0.0264268 	-0.000194123 	-5.38963e-05
1.40485 	0.0264444 	-0.000192926 	-5.37296e-05
1.40637 	0.0264621 	-0.000191728 	-5.35629e-05
1.40789 	0.0264797 	-0.000190531 	-5.33962e-05
1.40941 	0.0264973 	-0.000189334 	-5.32294e-05
1.41093 	0.0265149 	-0.000188136 	-5.30627e-05
1.41245 	0.0265325 	-0.000186939 	-5.2896e-05
1.41396 	0.0265501 	-0.000185742 	-5.27293e-05
1.41548 	0.026567 	-0.000184619 	-5.24319e-05
1.417 	0.0265834 	-0.000183538 	-5.20638e-05
1.41852 	0.0265999 	-0.000182456 	-5.16956e-05
1.42004 	0.0266163 	-0.000181375 	-5.13274e-05
1.42156 	0.026634 	-0.000180097 	-5.1191e-05
1.42308 	0.0266519 	-0.000178785 	-5.10963e-05
1.4246 	0.0266698 	-0.000177472 	-5.10015e-05
1.42612 	0.0266876 	-0.00017616 	-5.09067e-05
1.42763 	0.026702 	-0.000175327 	-5.06991e-05
1.42915 	0.0267163 	-0.000174503 	-5.04893e-05
1.43067 	0.0267306 	-0.000173679 	-5.02796e-05
1.43219 	0.0267449 	-0.000172855 	-5.00698e-05
1.43371 	0.0267592 	-0.000172031 	-4.986e-05
1.43523 	0.0267736 	-0.000171207 	-4.96502e-05
1.43675 	0.0267879 	-0.000170383 	-4.94404e-05
1.43827 	0.0268022 	-0.000169559 	-4.92306e-05
1.43978 	0.0268165 	-0.000168735 	-4.90208e-05
1.4413 	0.0268308 	-0.000167911 	-4.88111e-05
1.44282 	0.0268451 	-0.000167087 	-4.86013e-05
1.44434 	0.0268594 	-0.000166263 	-4.83915e-05
1.44586 	0.0268737 	-0.000165439 	-4.81817e-05
1.44738 	0.026888 	-0.000164615 	-4.79719e-05
1.4489 	0.0269023 	-0.000163791 	-4.77621e-05
1.45042 	0.0269157 	-0.000163077 	-4.75198e-05
1.45193 	0.0269289 	-0.000162382 	-4.72714e-05
1.45345 	0.0269421 	-0.000161688 	-4.7023e-05
1.45497 	0.0269553 	-0.000160993 	-4.67746e-05
1.45649 	0.0269698 	-0.000160011 	-4.64604e-05
1.45801 	0.0269845 	-0.00015898 	-4.61352e-05
1.45953 	0.0269992 	-0.00015795 	-4.581e-05
1.46105 	0.027014 	-0.00015692 	-4.54848e-05
1.46257 	0.0270264 	-0.000156333 	-4.54552e-05
1.46408 	0.0270383 	-0.000155858 	-4.55003e-05
1.4656 	0.0270501 	-0.000155384 	-4.55454e-05
1.46712 	0.027062 	-0.000154909 	-4.55906e-05
1.46864 	0.0270739 	-0.000154435 	-4.56357e-05
1.47016 	0.0270857 	-0.00015396 	-4.56809e-05
1.47168 	0.0270976 	-0.000153485 	-4.5726e-05
1.4732 	0.0271094 	-0.000153011 	-4.57712e-05
1.47472 	0.0271213 	-0.000152536 	-4.58163e-05
1.47623 	0.0271331 	-0.000152062 	-4.58614e-05
1.47775 	0.027145 	-0.000151587 	-4.59066e-05
1.47927 	0.0271569 	-0.000151112 	-4.59517e-05
1.48079 	0.0271687 	-0.000150638 	-4.59969e-05
1.48231 	0.0271806 	-0.000150163 	-4.6042e-05
1.48383 	0.0271924 	-0.000149689 	-4.60871e-05
1.48535 	0.0272034 	-0.000149402 	-4.63668e-05
1.48687 	0.0272143 	-0.000149116 	-4.66473e-05
1.48838 	0.0272252 	-0.00014883 	-4.69278e-05
1.4899 	0.0272361 	-0.000148544 	-4.72084e-05
1.49142 	0.027248 	-0.000147968 	-4.7384e-05
1.49294 	0.0272602 	-0.000147322 	-4.75344e-05
1.49446 	0.0272723 	-0.000146676 	-4.76847e-05
1.49598 	0.0272845 	-0.00014603 	-4.78351e-05
1.4975 	0.0272957 	-0.000145616 	-4.80602e-05
1.49902 	0.027306 	-0.000145405 	-4.83509e-05
1.50053 	0.0273164 	-0.000145194 	-4.86416e-05
1.50205 	0.0273267 	-0.000144984 	-4.89324e-05
1.50357 	0.0273371 	-0.000144773 	-4.92231e-05
1.50509 	0.0273474 	-0.000144563 	-4.95138e-05
1.50661 	0.0273578 	-0.000144352 	-4.98045e-05
1.50813 	0.0273681 	-0.000144141 	-5.00952e-05
1.50965 	0.0273785 	-0.000143931 	-5.03859e-05
1.51117 	0.0273888 	-0.00014372 	-5.06767e-05
1.51268 	0.0273992 	-0.00014351 	-5.09674e-05
1.5142 	0.0274095 	-0.000143299 	-5.12581e-05
1.51572 	0.0274199 	-0.000143088 	-5.15488e-05
1.51724 	0.0274302 	-0.000142878 	-5.18395e-05
1.51876 	0.0274405 	-0.000142683 	-5.21314e-05
1.52028 	0.0274503 	-0.0001426 	-5.24314e-05
1.5218 	0.0274601 	-0.000142517 	-5.27314e-05
1.52332 	0.0274699 	-0.000142434 	-5.30314e-05
1.52483 	0.0274798 	-0.000142351 	-5.33314e-05
1.52635 	0.0274901 	-0.000142068 	-5.36418e-05
1.52787 	0.0275007 	-0.000141703 	-5.39564e-05
1.52939 	0.0275113 	-0.000141338 	-5.4271e-05
1.53091 	0.0275219 	-0.000140974 	-5.45856e-05
1.53243 	0.0275323 	-0.000140675 	-5.48809e-05
1.53395 	0.0275417 	-0.000140632 	-5.51014e-05
1.53547 	0.0275511 	-0.000140589 	-5.53219e-05
1.53698 	0.0275605 	-0.000140546 	-5.55423e-05
1.5385 	0.0275699 	-0.000140504 	-5.57628e-05
1.54002 	0.0275793 	-0.000140461 	-5.59833e-05
1.54154 	0.0275887 	-0.000140418 	-5.62038e-05
1.54306 	0.0275981 	-0.000140375 	-5.64243e-05
1.54458 	0.0276075 	-0.000140332 	-5.66448e-05
1.5461 	0.0276169 	-0.00014029 	-5.68652e-05
1.54762 	0.0276264 	-0.000140247 	-5.70857e-05
1.54913 	0.0276358 	-0.000140204 	-5.73062e-05
1.55065 	0.0276452 	-0.000140161 	-5.75267e-05
1.55217 	0.0276546 	-0.000140119 	-5.77472e-05
1.55369 	0.0276639 	-0.000140096 	-5.79533e-05
1.55521 	0.0276729 	-0.000140135 	-5.81142e-05
1.55673 	0.027682 	-0.000140174 	-5.8275e-05
1.55825 	0.027691 	-0.000140213 	-5.84358e-05
1.55977 	0.0277 	-0.000140253 	-5.85967e-05
1.56128 	0.0277094 	-0.000140176 	-5.88011e-05
1.5628 	0.0277189 	-0.000140017 	-5.90362e-05
1.56432 	0.0277285 	-0.000139858 	-5.92713e-05
1.56584 	0.027738 	-0.0001397 	-5.95063e-05
1.56736 	0.0277476 	-0.000139541 	-5.97414e-05
1.56888 	0.0277565 	-0.000139562 	-5.98404e-05
1.5704 	0.0277653 	-0.000139618 	-5.99124e-05
1.57192 	0.0277741 	-0.000139675 	-5.99845e-05
1.57343 	0.0277828 	-0.000139731 	-6.00566e-05
1.57495 	0.0277916 	-0.000139787 	-6.01286e-05
1.57647 	0.0278004 	-0.000139844 	-6.02007e-05
1.57799 	0.0278092 	-0.0001399 	-6.02727e-05
1.57951 	0.027818 	-0.000139956 	-6.03448e-05
1.58103 	0.0278268 	-0.000140013 	-6.04169e-05
1.58255 	0.0278356 	-0.000140069 	-6.04889e-05
1.58407 	0.0278444 	-0.000140125 	-6.0561e-05
1.58558 	0.0278532 	-0.000140182 	-6.0633e-05
1.5871 	0.027862 	-0.000140238 	-6.07051e-05
1.58862 	0.0278706 	-0.000140304 	-6.07463e-05
1.59014 	0.0278791 	-0.000140387 	-6.07343e-05
1.59166 	0.0278876 	-0.00014047 	-6.07222e-05
1.59318 	0.0278961 	-0.000140553 	-6.07102e-05
1.5947 	0.0279046 	-0.000140636 	-6.06982e-05
1.59622 	0.0279132 	-0.000140653 	-6.07284e-05
1.59773 	0.027922 	-0.000140592 	-6.0808e-05
1.59925 	0.0279308 	-0.000140532 	-6.08876e-05
1.60077 	0.0279395 	-0.000140471 	-6.09672e-05
1.60229 	0.0279483 	-0.000140411 	-6.10468e-05
1.60381 	0.0279569 	-0.00014042 	-6.11187e-05
1.60533 	0.0279655 	-0.000140516 	-6.11812e-05
1.60685 	0.0279741 	-0.000140613 	-6.12437e-05
1.60837 	0.0279826 	-0.000140709 	-6.13061e-05
1.60988 	0.0279912 	-0.000140806 	-6.13686e-05
1.6114 	0.0279998 	-0.000140902 	-6.1431e-05
1.61292 	0.0280083 	-0.000140999 	-6.14935e-05
1.61444 	0.0280169 	-0.000141095 	-6.1556e-05
1.61596 	0.0280255 	-0.000141192 	-6.16184e-05
1.61748 	0.028034 	-0.000141288 	-6.16809e-05
1.619 	0.0280426 	-0.000141385 	-6.17434e-05
1.62052 	0.0280511 	-0.000141481 	-6.18058e-05
1.62204 	0.0280597 	-0.000141578 	-6.18683e-05
1.62355 	0.0280683 	-0.00014168 	-6.19371e-05
1.62507 	0.0280768 	-0.000141787 	-6.20117e-05
1.62659 	0.0280854 	-0.000141894 	-6.20862e-05
1.62811 	0.0280939 	-0.000142001 	-6.21608e-05
1.62963 	0.0281024 	-0.000142108 	-6.22354e-05
1.63115 	0.028111 	-0.000142164 	-6.23112e-05
1.63267 	0.0281198 	-0.000142124 	-6.23892e-05
1.63419 	0.0281285 	-0.000142085 	-6.24672e-05
1.6357 	0.0281372 	-0.000142046 	-6.25452e-05
1.63722 	0.0281459 	-0.000142006 	-6.26232e-05
1.63874 	0.0281546 	-0.000141975 	-6.26998e-05
1.64026 	0.028163 	-0.000142079 	-6.27507e-05
1.64178 	0.0281714 	-0.000142183 	-6.28017e-05
1.6433 	0.0281798 	-0.000142287 	-6.28526e-05
1.64482 	0.0281882 	-0.000142392 	-6.29036e-05
1.64634 	0.0281966 	-0.000142496 	-6.29545e-05
1.64785 	0.028205 	-0.0001426 	-6.30055e-05
1.64937 	0.0282134 	-0.000142704 	-6.30564e-05
1.65089 	0.0282218 	-0.000142809 	-6.31074e-05
1.65241 	0.0282302 	-0.000142913 	-6.31583e-05
1.65393 	0.0282386 	-0.000143017 	-6.32093e-05
1.65545 	0.0282471 	-0.000143121 	-6.32602e-05
1.65697 	0.0282555 	-0.000143226 	-6.33112e-05
1.65849 	0.0282637 	-0.000143346 	-6.33451e-05
1.66 	0.0282719 	-0.000143473 	-6.33725e-05
1.66152 	0.0282801 	-0.000143599 	-6.33999e-05
1.66304 	0.0282883 	-0.000143726 	-6.34273e-05
1.66456 	0.0282966 	-0.000143852 	-6.34547e-05
1.66608 	0.0283048 	-0.000143943 	-6.34577e-05
1.6676 	0.0283132 	-0.000143937 	-6.33939e-05
1.66912 	0.0283216 	-0.000143932 	-6.33302e-05
1.67064 	0.0283299 	-0.000143926 	-6.32664e-05
1.67215 	0.0283383 	-0.00014392 	-6.32026e-05
1.67367 	0.0283467 	-0.000143914 	-6.31389e-05
1.67519 	0.0283549 	-0.000143976 	-6.31518e-05
1.67671 	0.0283631 	-0.000144069 	-6.32e-05
1.67823 	0.0283713 	-0.000144163 	-6.32482e-05
1.67975 	0.0283795 	-0.000144256 	-6.32964e-05
1.68127 	0.0283877 	-0.000144349 	-6.33446e-05
1.68279 	0.0283959 	-0.000144442 	-6.33928e-05
1.6843 	0.0284041 	-0.000144535 	-6.3441e-05
1.68582 	0.0284123 	-0.000144629 	-6.34892e-05
1.68734 	0.0284205 	-0.000144722 	-6.35373e-05
1.68886 	0.0284287 	-0.000144815 	-6.35855e-05
1.69038 	0.0284369 	-0.000144908 	-6.36337e-05
1.6919 	0.028445 	-0.000145001 	-6.36819e-05
1.69342 	0.0284531 	-0.000145082 	-6.38085e-05
1.69494 	0.0284612 	-0.000145162 	-6.39363e-05
1.69645 	0.0284692 	-0.000145243 	-6.40641e-05
1.69797 	0.0284773 	-0.000145323 	-6.41919e-05
1.69949 	0.0284854 	-0.000145404 	-6.43197e-05
1.70101 	0.0284935 	-0.000145463 	-6.44228e-05
1.70253 	0.0285016 	-0.000145454 	-6.44486e-05
1.70405 	0.0285098 	-0.000145445 	-6.44744e-05
1.70557 	0.028518 	-0.000145436 	-6.45002e-05
1.70709 	0.0285261 	-0.000145427 	-6.4526e-05
1.7086 	0.0285343 	-0.000145418 	-6.45518e-05
1.71012 	0.0285424 	-0.000145441 	-6.45855e-05
1.71164 	0.0285505 	-0.000145521 	-6.46333e-05
1.71316 	0.0285586 	-0.000145601 	-6.4681e-05
1.71468 	0.0285667 	-0.000145682 	-6.47287e-05
1.7162 	0.0285749 	-0.000145762 	-6.47765e-05
1.71772 	0.028583 	-0.000145842 	-6.48242e-05
1.71924 	0.0285911 	-0.000145923 	-6.4872e-05
1.72075 	0.0285992 	-0.000146003 	-6.49197e-05
1.72227 	0.0286073 	-0.000146083 	-6.49675e-05
1.72379 	0.0286154 	-0.000146163 	-6.50152e-05
1.72531 	0.0286235 	-0.000146244 	-6.5063e-05
1.72683 	0.0286316 	-0.000146318 	-6.5118e-05
1.72835 	0.0286396 	-0.000146379 	-6.5188e-05
1.72987 	0.0286477 	-0.000146441 	-6.52579e-05
1.73139 	0.0286557 	-0.000146502 	-6.53279e-05
1.7329 	0.0286637 	-0.000146564 	-6.53978e-05
1.73442 	0.0286718 	-0.000146626 	-6.54678e-05
1.73594 	0.0286799 	-0.000146659 	-6.55248e-05
1.73746 	0.028688 	-0.000146624 	-6.555e-05
1.73898 	0.0286961 	-0.000146589 	-6.55753e-05
1.7405 	0.0287043 	-0.000146554 	-6.56005e-05
1.74202 	0.0287124 	-0.000146518 	-6.56258e-05
1.74354 	0.0287206 	-0.000146483 	-6.5651e-05
1.74505 	0.0287287 	-0.00014646 	-6.56745e-05
1.74657 	0.0287368 	-0.000146538 	-6.56829e-05
1.74809 	0.0287449 	-0.000146616 	-6.56913e-05
1.74961 	0.028753 	-0.000146694 	-6.56997e-05
1.75113 	0.0287611 	-0.000146773 	-6.5708e-05
1.75265 	0.0287692 	-0.000146851 	-6.57164e-05
1.75417 	0.0287773 	-0.000146929 	-6.57248e-05
1.75569 	0.0287854 	-0.000147007 	-6.57331e-05
1.7572 	0.0287935 	-0.000147086 	-6.57415e-05
1.75872 	0.0288016 	-0.000147164 	-6.57499e-05
1.76024 	0.0288097 	-0.000147242 	-6.57583e-05
1.76176 	0.0288177 	-0.00014732 	-6.57624e-05
1.76328 	0.0288258 	-0.000147397 	-6.57653e-05
1.7648 	0.0288338 	-0.000147475 	-6.57682e-05
1.76632 	0.0288419 	-0.000147553 	-6.57711e-05
1.76784 	0.02885 	-0.00014763 	-6.5774e-05
1.76935 	0.028858 	-0.000147708 	-6.57769e-05
1.77087 	0.0288661 	-0.000147729 	-6.57817e-05
1.77239 	0.0288744 	-0.000147675 	-6.57892e-05
1.77391 	0.0288826 	-0.000147621 	-6.57967e-05
1.77543 	0.0288908 	-0.000147567 	-6.58042e-05
1.77695 	0.0288991 	-0.000147512 	-6.58117e-05
1.77847 	0.0289073 	-0.000147458 	-6.58192e-05
1.77999 	0.0289155 	-0.000147404 	-6.58267e-05
1.7815 	0.0289236 	-0.000147479 	-6.58223e-05
1.78302 	0.0289317 	-0.000147562 	-6.5817e-05
1.78454 	0.0289398 	-0.000147646 	-6.58118e-05
1.78606 	0.0289479 	-0.00014773 	-6.58065e-05
1.78758 	0.028956 	-0.000147814 	-6.58012e-05
1.7891 	0.0289641 	-0.000147898 	-6.57959e-05
1.79062 	0.0289723 	-0.000147981 	-6.57906e-05
1.79214 	0.0289804 	-0.000148065 	-6.57854e-05
1.79365 	0.0289885 	-0.000148149 	-6.57801e-05
1.79517 	0.0289965 	-0.000148239 	-6.57693e-05
1.79669 	0.0290045 	-0.000148342 	-6.57475e-05
1.79821 	0.0290125 	-0.000148444 	-6.57256e-05
1.79973 	0.0290204 	-0.000148547 	-6.57038e-05
1.80125 	0.0290284 	-0.000148649 	-6.56819e-05
1.80277 	0.0290364 	-0.000148752 	-6.56601e-05
1.80429 	0.0290444 	-0.000148855 	-6.56383e-05
1.8058 	0.0290525 	-0.000148885 	-6.56438e-05
1.80732 	0.0290606 	-0.000148881 	-6.56621e-05
1.80884 	0.0290688 	-0.000148878 	-6.56803e-05
1.81036 	0.029077 	-0.000148874 	-6.56985e-05
1.81188 	0.0290851 	-0.000148871 	-6.57167e-05
1.8134 	0.0290933 	-0.000148867 	-6.5735e-05
1.81492 	0.0291014 	-0.000148864 	-6.57532e-05
1.81644 	0.0291096 	-0.000148929 	-6.57005e-05
1.81795 	0.0291177 	-0.000149005 	-6.56373e-05
1.81947 	0.0291259 	-0.000149081 	-6.55741e-05
1.82099 	0.029134 	-0.000149157 	-6.55109e-05
1.82251 	0.0291422 	-0.000149232 	-6.54476e-05
1.82403 	0.0291503 	-0.000149308 	-6.53844e-05
1.82555 	0.0291584 	-0.000149384 	-6.53212e-05
1.82707 	0.0291666 	-0.00014946 	-6.5258e-05
1.82859 	0.0291747 	-0.000149535 	-6.51938e-05
1.83011 	0.0291828 	-0.000149586 	-6.50896e-05
1.83162 	0.0291909 	-0.000149638 	-6.49855e-05
1.83314 	0.029199 	-0.000149689 	-6.48813e-05
1.83466 	0.0292071 	-0.00014974 	-6.47772e-05
1.83618 	0.0292152 	-0.000149792 	-6.4673e-05
1.8377 	0.0292232 	-0.000149843 	-6.45688e-05
1.83922 	0.0292313 	-0.000149892 	-6.44689e-05
1.84074 	0.0292395 	-0.000149901 	-6.44241e-05
1.84226 	0.0292477 	-0.00014991 	-6.43793e-05
1.84377 	0.0292559 	-0.000149919 	-6.43345e-05
1.84529 	0.0292641 	-0.000149928 	-6.42897e-05
1.84681 	0.0292722 	-0.000149937 	-6.42449e-05
1.84833 	0.0292804 	-0.000149946 	-6.42001e-05
1.84985 	0.0292886 	-0.000149955 	-6.41553e-05
1.85137 	0.0292968 	-0.000149996 	-6.39315e-05
1.85289 	0.0293051 	-0.000150039 	-6.36969e-05
1.85441 	0.0293133 	-0.000150081 	-6.34623e-05
1.85592 	0.0293215 	-0.000150124 	-6.32277e-05
1.85744 	0.0293298 	-0.000150166 	-6.29931e-05
1.85896 	0.029338 	-0.000150209 	-6.27585e-05
1.86048 	0.0293462 	-0.000150252 	-6.25239e-05
1.862 	0.0293544 	-0.000150294 	-6.22892e-05
1.86352 	0.0293626 	-0.000150298 	-6.19657e-05
1.86504 	0.0293708 	-0.000150295 	-6.16287e-05
1.86656 	0.029379 	-0.000150293 	-6.12917e-05
1.86807 	0.0293872 	-0.000150291 	-6.09548e-05
1.86959 	0.0293954 	-0.000150288 	-6.06178e-05
1.87111 	0.0294036 	-0.000150286 	-6.02808e-05
1.87263 	0.0294117 	-0.000150284 	-5.99439e-05
1.87415 	0.0294199 	-0.000150273 	-5.96775e-05
1.87567 	0.0294282 	-0.000150257 	-5.94563e-05
1.87719 	0.0294364 	-0.00015024 	-5.92351e-05
1.87871 	0.0294446 	-0.000150224 	-5.90139e-05
1.88022 	0.0294528 	-0.000150208 	-5.87927e-05
1.88174 	0.029461 	-0.000150192 	-5.85716e-05
1.88326 	0.0294692 	-0.000150175 	-5.83504e-05
1.88478 	0.0294774 	-0.000150162 	-5.80874e-05
1.8863 	0.0294857 	-0.000150163 	-5.76179e-05
1.88782 	0.0294939 	-0.000150165 	-5.71484e-05
1.88934 	0.0295022 	-0.000150166 	-5.6679e-05
1.89086 	0.0295104 	-0.000150168 	-5.62095e-05
1.89237 	0.0295186 	-0.000150169 	-5.574e-05
1.89389 	0.0295269 	-0.000150171 	-5.52705e-05
1.89541 	0.0295351 	-0.000150172 	-5.4801e-05
1.89693 	0.0295433 	-0.000150134 	-5.421e-05
1.89845 	0.0295515 	-0.000150091 	-5.36027e-05
1.89997 	0.0295597 	-0.000150047 	-5.29955e-05
1.90149 	0.0295679 	-0.000150004 	-5.23882e-05
1.90301 	0.029576 	-0.00014996 	-5.1781e-05
1.90452 	0.0295842 	-0.000149917 	-5.11737e-05
1.90604 	0.0295924 	-0.000149874 	-5.05665e-05
1.90756 	0.0296006 	-0.000149824 	-4.99898e-05
1.90908 	0.0296088 	-0.000149763 	-4.94785e-05
1.9106 	0.029617 	-0.000149701 	-4.89672e-05
1.91212 	0.0296253 	-0.00014964 	-4.84559e-05
1.91364 	0.0296335 	-0.000149578 	-4.79445e-05
1.91516 	0.0296417 	-0.000149517 	-4.74332e-05
1.91667 	0.0296499 	-0.000149455 	-4.69219e-05
1.91819 	0.0296582 	-0.000149394 	-4.64105e-05
1.91971 	0.0296664 	-0.000149353 	-4.58566e-05
1.92123 	0.0296746 	-0.000149328 	-4.52705e-05
1.92275 	0.0296828 	-0.000149302 	-4.46843e-05
1.92427 	0.029691 	-0.000149277 	-4.40981e-05
1.92579 	0.0296992 	-0.000149252 	-4.35119e-05
1.92731 	0.0297074 	-0.000149227 	-4.29257e-05
1.92882 	0.0297156 	-0.000149199 	-4.23373e-05
1.93034 	0.0297238 	-0.000149134 	-4.1723e-05
1.93186 	0.0297319 	-0.00014907 	-4.11087e-05
1.93338 	0.02974 	-0.000149005 	-4.04944e-05
1.9349 	0.0297482 	-0.000148941 	-3.98801e-05
1.93642 	0.0297563 	-0.000148877 	-3.92659e-05
1.93794 	0.0297644 	-0.000148812 	-3.86516e-05
1.93946 	0.0297726 	-0.000148748 	-3.80373e-05
1.94097 	0.0297808 	-0.000148674 	-3.74195e-05
1.94249 	0.0297891 	-0.000148564 	-3.67891e-05
1.94401 	0.0297974 	-0.000148454 	-3.61587e-05
1.94553 	0.0298056 	-0.000148344 	-3.55283e-05
1.94705 	0.0298139 	-0.000148234 	-3.48979e-05
1.94857 	0.0298222 	-0.000148125 	-3.42675e-05
1.95009 	0.0298305 	-0.000148015 	-3.36371e-05
1.95161 	0.0298388 	-0.000147905 	-3.30068e-05
1.95312 	0.0298471 	-0.000147807 	-3.23769e-05
1.95464 	0.0298553 	-0.00014777 	-3.17501e-05
1.95616 	0.0298634 	-0.000147732 	-3.11232e-05
1.95768 	0.0298716 	-0.000147695 	-3.04963e-05
1.9592 	0.0298798 	-0.000147657 	-2.98694e-05
1.96072 	0.0298879 	-0.00014762 	-2.92425e-05
1.96224 	0.029896 	-0.00014757 	-2.86244e-05
1.96376 	0.029904 	-0.000147505 	-2.80158e-05
1.96527 	0.029912 	-0.00014744 	-2.74073e-05
1.96679 	0.02992 	-0.000147376 	-2.67987e-05
1.96831 	0.029928 	-0.000147311 	-2.61902e-05
1.96983 	0.029936 	-0.000147247 	-2.55817e-05
1.97135 	0.029944 	-0.000147182 	-2.49731e-05
1.97287 	0.029952 	-0.000147117 	-2.43646e-05
1.97439 	0.02996 	-0.000147033 	-2.37536e-05
1.97591 	0.0299683 	-0.000146908 	-2.31376e-05
1.97742 	0.0299765 	-0.000146784 	-2.25216e-05
1.97894 	0.0299847 	-0.000146659 	-2.19055e-05
1.98046 	0.0299929 	-0.000146534 	-2.12895e-05
1.98198 	0.0300011 	-0.000146409 	-2.06735e-05
1.9835 	0.0300093 	-0.000146284 	-2.00575e-05
1.98502 	0.0300176 	-0.000146159 	-1.94415e-05
1.98654 	0.0300258 	-0.000146035 	-1.88255e-05
1.98806 	0.0300339 	-0.000145988 	-1.80876e-05
1.98957 	0.0300421 	-0.000145943 	-1.73468e-05
1.99109 	0.0300502 	-0.000145898 	-1.6606e-05
1.99261 	0.0300583 	-0.000145853 	-1.58652e-05
1.99413 	0.0300665 	-0.000145806 	-1.51184e-05
1.99565 	0.0300745 	-0.00014574 	-1.43147e-05
1.99717 	0.0300826 	-0.000145674 	-1.3511e-05
1.99869 	0.0300907 	-0.000145608 	-1.27073e-05
2.00021 	0.0300987 	-0.000145542 	-1.19036e-05
2.00172 	0.0301068 	-0.000145476 	-1.10999e-05
2.00324 	0.0301149 	-0.00014541 	-1.02961e-05
2.00476 	0.0301229 	-0.000145344 	-9.49243e-06
2.00628 	0.030131 	-0.000145278 	-8.68871e-06
2.0078 	0.0301392 	-0.000145177 	-7.92982e-06
2.00932 	0.0301475 	-0.000145059 	-7.19396e-06
2.01084 	0.0301558 	-0.000144941 	-6.45809e-06
2.01236 	0.0301641 	-0.000144823 	-5.72223e-06
2.01387 	0.0301724 	-0.000144705 	-4.98637e-06
2.01539 	0.0301807 	-0.000144587 	-4.2505e-06
2.01691 	0.0301889 	-0.000144469 	-3.51464e-06
2.01843 	0.0301972 	-0.000144351 	-2.77878e-06
2.01995 	0.0302055 	-0.000144235 	-2.04151e-06
2.02147 	0.0302136 	-0.000144194 	-1.24961e-06
2.02299 	0.0302216 	-0.000144153 	-4.57713e-07
2.02451 	0.0302297 	-0.000144112 	3.34184e-07
2.02603 	0.0302378 	-0.000144071 	1.12608e-06
2.02754 	0.0302456 	-0.00014401 	1.94323e-06
2.02906 	0.0302535 	-0.000143948 	2.76185e-06
2.03058 	0.0302614 	-0.000143886 	3.58048e-06
2.0321 	0.0302693 	-0.000143824 	4.39911e-06
2.03362 	0.0302772 	-0.000143762 	5.21773e-06
2.03514 	0.0302851 	-0.0001437 	6.03636e-06
2.03666 	0.030293 	-0.000143638 	6.85499e-06
2.03818 	0.0303008 	-0.000143576 	7.67361e-06
2.03969 	0.0303088 	-0.000143505 	8.48572e-06
2.04121 	0.030317 	-0.000143403 	9.27686e-06
2.04273 	0.0303251 	-0.000143302 	1.0068e-05
2.04425 	0.0303333 	-0.0001432 	1.08592e-05
2.04577 	0.0303414 	-0.000143099 	1.16503e-05
2.04729 	0.0303496 	-0.000142997 	1.24414e-05
2.04881 	0.0303578 	-0.000142895 	1.32326e-05
2.05033 	0.0303659 	-0.000142794 	1.40237e-05
2.05184 	0.0303741 	-0.000142692 	1.48149e-05
2.05336 	0.0303821 	-0.000142616 	1.55721e-05
2.05488 	0.0303899 	-0.000142593 	1.62597e-05
2.0564 	0.0303977 	-0.000142569 	1.69473e-05
2.05792 	0.0304054 	-0.000142544 	1.76335e-05
2.05944 	0.030413 	-0.000142494 	1.82845e-05
2.06096 	0.0304205 	-0.000142445 	1.89356e-05
2.06248 	0.030428 	-0.000142395 	1.95867e-05
2.06399 	0.0304356 	-0.000142345 	2.02377e-05
2.06551 	0.0304431 	-0.000142296 	2.08888e-05
2.06703 	0.0304507 	-0.000142246 	2.15399e-05
2.06855 	0.0304582 	-0.000142197 	2.21909e-05
2.07007 	0.0304657 	-0.000142147 	2.2842e-05
2.07159 	0.0304733 	-0.000142095 	2.3496e-05
2.07311 	0.0304811 	-0.000142011 	2.41868e-05
2.07463 	0.030489 	-0.000141928 	2.48776e-05
2.07614 	0.0304968 	-0.000141845 	2.55684e-05
2.07766 	0.0305047 	-0.000141761 	2.62592e-05
2.07918 	0.0305125 	-0.000141678 	2.695e-05
2.0807 	0.0305204 	-0.000141594 	2.76409e-05
2.08222 	0.0305282 	-0.000141511 	2.83317e-05
2.08374 	0.0305361 	-0.000141428 	2.90225e-05
2.08526 	0.0305439 	-0.000141344 	2.97133e-05
2.08678 	0.0305514 	-0.00014132 	3.02515e-05
2.08829 	0.0305588 	-0.000141303 	3.07736e-05
2.08981 	0.0305661 	-0.000141273 	3.1264e-05
2.09133 	0.0305732 	-0.000141224 	3.17067e-05
2.09285 	0.0305803 	-0.000141176 	3.21493e-05
2.09437 	0.0305874 	-0.000141127 	3.2592e-05
2.09589 	0.0305945 	-0.000141079 	3.30347e-05
2.09741 	0.0306016 	-0.000141031 	3.34773e-05
2.09893 	0.0306087 	-0.000140982 	3.392e-05
2.10044 	0.0306158 	-0.000140934 	3.43627e-05
2.10196 	0.0306229 	-0.000140885 	3.48054e-05
2.10348 	0.0306301 	-0.000140833 	3.52545e-05
2.105 	0.0306374 	-0.000140766 	3.57323e-05
2.10652 	0.0306448 	-0.000140698 	3.621e-05
2.10804 	0.0306521 	-0.000140631 	3.66878e-05
2.10956 	0.0306595 	-0.000140563 	3.71655e-05
2.11108 	0.0306669 	-0.000140496 	3.76433e-05
2.11259 	0.0306742 	-0.000140428 	3.8121e-05
2.11411 	0.0306816 	-0.000140361 	3.85988e-05
2.11563 	0.0306889 	-0.000140293 	3.90765e-05
2.11715 	0.0306963 	-0.000140226 	3.95543e-05
2.11867 	0.0307035 	-0.000140185 	3.99417e-05
2.12019 	0.0307107 	-0.000140151 	4.03004e-05
2.12171 	0.0307178 	-0.00014007 	4.06024e-05
2.12323 	0.0307248 	-0.000139988 	4.09044e-05
2.12474 	0.0307319 	-0.000139907 	4.12065e-05
2.12626 	0.030739 	-0.000139825 	4.15085e-05
2.12778 	0.030746 	-0.000139744 	4.18105e-05
2.1293 	0.0307531 	-0.000139663 	4.21126e-05
2.13082 	0.0307601 	-0.000139581 	4.24146e-05
2.13234 	0.0307672 	-0.0001395 	4.27166e-05
2.13386 	0.0307743 	-0.000139418 	4.30187e-05
2.13538 	0.0307815 	-0.000139329 	4.33165e-05
2.13689 	0.0307887 	-0.000139234 	4.36113e-05
2.13841 	0.030796 	-0.000139139 	4.39061e-05
2.13993 	0.0308033 	-0.000139045 	4.4201e-05
2.14145 	0.0308106 	-0.00013895 	4.44958e-05
2.14297 	0.0308178 	-0.000138855 	4.47906e-05
2.14449 	0.0308251 	-0.000138761 	4.50855e-05
2.14601 	0.0308324 	-0.000138666 	4.53803e-05
2.14753 	0.0308397 	-0.000138571 	4.56751e-05
2.14904 	0.030847 	-0.000138476 	4.597e-05
2.15056 	0.030854 	-0.000138426 	4.61045e-05
2.15208 	0.0308609 	-0.000138342 	4.61325e-05
2.1536 	0.0308678 	-0.000138257 	4.61556e-05
2.15512 	0.0308747 	-0.000138172 	4.61787e-05
2.15664 	0.0308815 	-0.000138087 	4.62019e-05
2.15816 	0.0308884 	-0.000138002 	4.6225e-05
2.15968 	0.0308953 	-0.000137917 	4.62481e-05
2.16119 	0.0309022 	-0.000137832 	4.62713e-05
2.16271 	0.030909 	-0.000137747 	4.62944e-05
2.16423 	0.0309159 	-0.000137662 	4.63176e-05
2.16575 	0.0309229 	-0.00013757 	4.63499e-05
2.16727 	0.03093 	-0.000137461 	4.64044e-05
2.16879 	0.0309371 	-0.000137353 	4.64589e-05
2.17031 	0.0309443 	-0.000137244 	4.65135e-05
2.17183 	0.0309514 	-0.000137135 	4.6568e-05
2.17334 	0.0309586 	-0.000137027 	4.66225e-05
2.17486 	0.0309657 	-0.000136918 	4.6677e-05
2.17638 	0.0309729 	-0.00013681 	4.67316e-05
2.1779 	0.03098 	-0.000136701 	4.67861e-05
2.17942 	0.0309872 	-0.000136593 	4.68406e-05
2.18094 	0.0309942 	-0.000136501 	4.67799e-05
2.18246 	0.0310009 	-0.000136409 	4.6505e-05
2.18398 	0.0310075 	-0.000136317 	4.62302e-05
2.18549 	0.0310142 	-0.000136226 	4.59553e-05
2.18701 	0.0310209 	-0.000136134 	4.56805e-05
2.18853 	0.0310276 	-0.000136042 	4.54057e-05
2.19005 	0.0310343 	-0.000135951 	4.51308e-05
2.19157 	0.031041 	-0.000135859 	4.4856e-05
2.19309 	0.0310477 	-0.000135767 	4.45811e-05
2.19461 	0.0310544 	-0.000135676 	4.43063e-05
2.19613 	0.0310611 	-0.000135583 	4.40648e-05
2.19764 	0.0310681 	-0.000135487 	4.38951e-05
2.19916 	0.031075 	-0.000135391 	4.37254e-05
2.20068 	0.031082 	-0.000135296 	4.35557e-05
2.2022 	0.0310889 	-0.0001352 	4.3386e-05
2.20372 	0.0310958 	-0.000135104 	4.32163e-05
2.20524 	0.0311028 	-0.000135008 	4.30466e-05
2.20676 	0.0311097 	-0.000134913 	4.28769e-05
2.20828 	0.0311167 	-0.000134817 	4.27072e-05
2.20979 	0.0311236 	-0.000134721 	4.25375e-05
2.21131 	0.0311304 	-0.000134591 	4.22653e-05
2.21283 	0.031137 	-0.000134462 	4.18475e-05
2.21435 	0.0311437 	-0.000134333 	4.14297e-05
2.21587 	0.0311503 	-0.000134204 	4.10119e-05
2.21739 	0.0311569 	-0.000134074 	4.05942e-05
2.21891 	0.0311636 	-0.000133945 	4.01764e-05
2.22043 	0.0311702 	-0.000133816 	3.97586e-05
2.22194 	0.0311768 	-0.000133687 	3.93408e-05
2.22346 	0.0311834 	-0.000133558 	3.8923e-05
2.22498 	0.0311901 	-0.000133428 	3.85052e-05
2.2265 	0.0311969 	-0.000133306 	3.81299e-05
2.22802 	0.0312038 	-0.000133187 	3.77755e-05
2.22954 	0.0312107 	-0.000133068 	3.7421e-05
2.23106 	0.0312175 	-0.000132949 	3.70666e-05
2.23258 	0.0312244 	-0.00013283 	3.67121e-05
2.2341 	0.0312313 	-0.000132711 	3.63576e-05
2.23561 	0.0312382 	-0.000132592 	3.60032e-05
2.23713 	0.0312451 	-0.000132473 	3.56487e-05
2.23865 	0.031252 	-0.000132353 	3.52943e-05
2.24017 	0.0312587 	-0.000132209 	3.49436e-05
2.24169 	0.0312652 	-0.000132062 	3.45881e-05
2.24321 	0.0312715 	-0.000131935 	3.4223e-05
2.24473 	0.0312778 	-0.000131808 	3.3858e-05
2.24625 	0.0312841 	-0.000131681 	3.34929e-05
2.24776 	0.0312904 	-0.000131554 	3.31279e-05
2.24928 	0.0312968 	-0.000131427 	3.27628e-05
2.2508 	0.0313031 	-0.0001313 	3.23978e-05
2.25232 	0.0313094 	-0.000131173 	3.20327e-05
2.25384 	0.0313157 	-0.000131046 	3.16676e-05
2.25536 	0.0313221 	-0.000130919 	3.13123e-05
2.25688 	0.0313287 	-0.000130792 	3.09736e-05
2.2584 	0.0313353 	-0.000130666 	3.06349e-05
2.25991 	0.031342 	-0.00013054 	3.02962e-05
2.26143 	0.0313486 	-0.000130413 	2.99575e-05
2.26295 	0.0313552 	-0.000130287 	2.96188e-05
2.26447 	0.0313618 	-0.00013016 	2.92801e-05
2.26599 	0.0313684 	-0.000130034 	2.89414e-05
2.26751 	0.031375 	-0.000129908 	2.86027e-05
2.26903 	0.0313814 	-0.000129748 	2.825e-05
2.27055 	0.0313878 	-0.000129578 	2.78931e-05
2.27206 	0.0313937 	-0.000129457 	2.75212e-05
2.27358 	0.0313997 	-0.000129337 	2.71491e-05
2.2751 	0.0314056 	-0.000129216 	2.6777e-05
2.27662 	0.0314115 	-0.000129096 	2.64048e-05
2.27814 	0.0314174 	-0.000128976 	2.60327e-05
2.27966 	0.0314234 	-0.000128856 	2.56606e-05
2.28118 	0.0314293 	-0.000128735 	2.52885e-05
2.2827 	0.0314352 	-0.000128615 	2.49164e-05
2.28421 	0.0314413 	-0.000128489 	2.4541e-05
2.28573 	0.0314477 	-0.000128356 	2.4161e-05
2.28725 	0.031454 	-0.000128222 	2.37811e-05
2.28877 	0.0314603 	-0.000128089 	2.34011e-05
2.29029 	0.0314667 	-0.000127955 	2.30212e-05
2.29181 	0.031473 	-0.000127822 	2.26412e-05
2.29333 	0.0314793 	-0.000127688 	2.22612e-05
2.29485 	0.0314857 	-0.000127555 	2.18813e-05
2.29636 	0.0314919 	-0.000127411 	2.15293e-05
2.29788 	0.0314977 	-0.000127244 	2.12417e-05
2.2994 	0.0315036 	-0.000127077 	2.09541e-05
2.30092 	0.031509 	-0.000126976 	2.07925e-05
2.30244 	0.0315142 	-0.000126883 	2.06455e-05
2.30396 	0.0315195 	-0.000126789 	2.04986e-05
2.30548 	0.0315247 	-0.000126696 	2.03516e-05
2.307 	0.03153 	-0.000126602 	2.02046e-05
2.30851 	0.0315352 	-0.000126509 	2.00576e-05
2.31003 	0.0315405 	-0.000126415 	1.99106e-05
2.31155 	0.0315457 	-0.000126322 	1.97636e-05
2.31307 	0.0315513 	-0.000126214 	1.95702e-05
2.31459 	0.031557 	-0.000126104 	1.9367e-05
2.31611 	0.0315627 	-0.000125993 	1.91637e-05
2.31763 	0.0315684 	-0.000125882 	1.89605e-05
2.31915 	0.0315741 	-0.000125771 	1.87573e-05
2.32066 	0.0315798 	-0.00012566 	1.85541e-05
2.32218 	0.0315854 	-0.00012555 	1.83508e-05
2.3237 	0.0315911 	-0.000125431 	1.81665e-05
2.32522 	0.0315964 	-0.000125281 	1.80637e-05
2.32674 	0.0316018 	-0.000125131 	1.7961e-05
2.32826 	0.0316071 	-0.000124994 	1.78875e-05
2.32978 	0.031612 	-0.00012491 	1.79368e-05
2.3313 	0.0316169 	-0.000124826 	1.79862e-05
2.33281 	0.0316217 	-0.000124742 	1.80355e-05
2.33433 	0.0316266 	-0.000124658 	1.80849e-05
2.33585 	0.0316315 	-0.000124574 	1.81342e-05
2.33737 	0.0316364 	-0.00012449 	1.81836e-05
2.33889 	0.0316413 	-0.000124406 	1.82329e-05
2.34041 	0.0316464 	-0.000124315 	1.82677e-05
2.34193 	0.0316517 	-0.000124219 	1.82931e-05
2.34345 	0.031657 	-0.000124124 	1.83184e-05
2.34496 	0.0316622 	-0.000124028 	1.83438e-05
2.34648 	0.0316675 	-0.000123933 	1.83691e-05
2.348 	0.0316728 	-0.000123837 	1.83945e-05
2.34952 	0.0316781 	-0.000123741 	1.84198e-05
2.35104 	0.0316832 	-0.00012363 	1.84625e-05
2.35256 	0.0316881 	-0.000123497 	1.8528e-05
2.35408 	0.031693 	-0.000123364 	1.85935e-05
2.3556 	0.031698 	-0.000123231 	1.86591e-05
2.35711 	0.0317025 	-0.000123152 	1.87839e-05
2.35863 	0.0317069 	-0.000123079 	1.89168e-05
2.36015 	0.0317114 	-0.000123007 	1.90498e-05
2.36167 	0.0317158 	-0.000122934 	1.91827e-05
2.36319 	0.0317202 	-0.000122862 	1.93157e-05
2.36471 	0.0317247 	-0.000122789 	1.94486e-05
2.36623 	0.0317291 	-0.000122717 	1.95815e-05
2.36775 	0.0317339 	-0.000122633 	1.97127e-05
2.36926 	0.0317387 	-0.000122547 	1.98433e-05
2.37078 	0.0317436 	-0.00012246 	1.99738e-05
2.3723 	0.0317484 	-0.000122373 	2.01044e-05
2.37382 	0.0317533 	-0.000122287 	2.0235e-05
2.37534 	0.0317581 	-0.0001222 	2.03656e-05
2.37686 	0.031763 	-0.000122112 	2.04953e-05
2.37838 	0.0317675 	-0.000121988 	2.06029e-05
2.3799 	0.0317719 	-0.000121865 	2.07105e-05
2.38141 	0.0317764 	-0.000121741 	2.08181e-05
2.38293 	0.0317809 	-0.000121617 	2.09257e-05
2.38445 	0.0317848 	-0.000121551 	2.10196e-05
2.38597 	0.0317888 	-0.000121487 	2.11131e-05
2.38749 	0.0317927 	-0.000121423 	2.12066e-05
2.38901 	0.0317967 	-0.000121359 	2.13001e-05
2.39053 	0.0318006 	-0.000121295 	2.13936e-05
2.39205 	0.0318045 	-0.000121231 	2.14871e-05
2.39356 	0.0318086 	-0.000121168 	2.15779e-05
2.39508 	0.0318129 	-0.000121107 	2.16624e-05
2.3966 	0.0318173 	-0.000121046 	2.1747e-05
2.39812 	0.0318216 	-0.000120985 	2.18316e-05
2.39964 	0.0318259 	-0.000120925 	2.19161e-05
2.40116 	0.0318303 	-0.000120864 	2.20007e-05
2.40268 	0.0318346 	-0.000120802 	2.20846e-05
2.4042 	0.0318386 	-0.00012068 	2.21198e-05
2.40571 	0.0318425 	-0.000120558 	2.21549e-05
2.40723 	0.0318464 	-0.000120437 	2.21901e-05
2.40875 	0.0318504 	-0.000120315 	2.22252e-05
2.41027 	0.0318541 	-0.00012021 	2.22309e-05
2.41179 	0.0318575 	-0.000120126 	2.2202e-05
2.41331 	0.0318609 	-0.000120042 	2.2173e-05
2.41483 	0.0318643 	-0.000119958 	2.21441e-05
2.41635 	0.0318678 	-0.000119874 	2.21152e-05
2.41786 	0.0318712 	-0.00011979 	2.20862e-05
2.41938 	0.0318747 	-0.000119708 	2.20559e-05
2.4209 	0.0318785 	-0.000119637 	2.20212e-05
2.42242 	0.0318823 	-0.000119566 	2.19866e-05
2.42394 	0.0318861 	-0.000119494 	2.19519e-05
2.42546 	0.0318899 	-0.000119423 	2.19172e-05
2.42698 	0.0318937 	-0.000119352 	2.18825e-05
2.4285 	0.0318974 	-0.000119261 	2.18426e-05
2.43002 	0.0319007 	-0.000119136 	2.17934e-05
2.43153 	0.031904 	-0.000119011 	2.17443e-05
2.43305 	0.0319073 	-0.000118887 	2.16952e-05
2.43457 	0.0319107 	-0.000118762 	2.16461e-05
2.43609 	0.0319138 	-0.000118653 	2.15904e-05
2.43761 	0.0319165 	-0.000118574 	2.15233e-05
2.43913 	0.0319192 	-0.000118494 	2.14561e-05
2.44065 	0.0319219 	-0.000118414 	2.1389e-05
2.44217 	0.0319246 	-0.000118335 	2.13218e-05
2.44368 	0.0319273 	-0.000118255 	2.12547e-05
2.4452 	0.0319302 	-0.000118175 	2.11849e-05
2.44672 	0.0319333 	-0.000118094 	2.11131e-05
2.44824 	0.0319364 	-0.000118014 	2.10413e-05
2.44976 	0.0319396 	-0.000117933 	2.09694e-05
2.45128 	0.0319427 	-0.000117852 	2.08976e-05
2.4528 	0.0319458 	-0.000117767 	2.08248e-05
2.45432 	0.0319484 	-0.000117631 	2.07421e-05
2.45583 	0.0319511 	-0.000117496 	2.06594e-05
2.45735 	0.0319537 	-0.000117361 	2.05767e-05
2.45887 	0.0319564 	-0.000117226 	2.0494e-05
2.46039 	0.031959 	-0.00011709 	2.04113e-05
2.46191 	0.0319612 	-0.000116987 	2.03296e-05
2.46343 	0.0319633 	-0.000116899 	2.02483e-05
2.46495 	0.0319653 	-0.00011681 	2.01669e-05
2.46647 	0.0319674 	-0.000116722 	2.00856e-05
2.46798 	0.0319694 	-0.000116633 	2.00043e-05
2.4695 	0.0319716 	-0.000116543 	1.99187e-05
2.47102 	0.031974 	-0.000116446 	1.98229e-05
2.47254 	0.0319765 	-0.00011635 	1.9727e-05
2.47406 	0.031979 	-0.000116254 	1.96312e-05
2.47558 	0.0319815 	-0.000116158 	1.95354e-05
2.4771 	0.0319838 	-0.000116052 	1.94368e-05
2.47862 	0.0319858 	-0.00011591 	1.93274e-05
2.48013 	0.0319877 	-0.000115769 	1.92181e-05
2.48165 	0.0319897 	-0.000115627 	1.91088e-05
2.48317 	0.0319916 	-0.000115485 	1.89995e-05
2.48469 	0.0319936 	-0.000115343 	1.88901e-05
2.48621 	0.0319952 	-0.000115226 	1.87717e-05
2.48773 	0.0319965 	-0.000115143 	1.86408e-05
2.48925 	0.0319977 	-0.00011506 	1.85099e-05
2.49077 	0.031999 	-0.000114977 	1.8379e-05
2.49228 	0.0320002 	-0.000114894 	1.82481e-05
2.4938 	0.0320017 	-0.000114809 	1.81122e-05
2.49532 	0.0320034 	-0.000114721 	1.79694e-05
2.49684 	0.0320051 	-0.000114633 	1.78266e-05
2.49836 	0.0320068 	-0.000114544 	1.76838e-05
2.49988 	0.0320085 	-0.000114456 	1.7541e-05
2.5014 	0.0320098 	-0.000114333 	1.74013e-05
2.50292 	0.032011 	-0.000114196 	1.72631e-05
2.50443 	0.0320122 	-0.000114058 	1.71248e-05
2.50595 	0.0320134 	-0.000113921 	1.69866e-05
2.50747 	0.0320146 	-0.000113783 	1.68483e-05
2.50899 	0.0320158 	-0.000113646 	1.67101e-05
2.51051 	0.0320166 	-0.000113539 	1.65609e-05
2.51203 	0.0320171 	-0.000113455 	1.64039e-05
2.51355 	0.0320175 	-0.000113371 	1.62468e-05
2.51507 	0.032018 	-0.000113287 	1.60898e-05
2.51658 	0.0320185 	-0.000113203 	1.59328e-05
2.5181 	0.0320194 	-0.000113118 	1.57916e-05
2.51962 	0.0320203 	-0.000113033 	1.56512e-05
2.52114 	0.0320213 	-0.000112948 	1.55108e-05
2.52266 	0.0320222 	-0.000112863 	1.53704e-05
2.52418 	0.0320228 	-0.00011275 	1.52249e-05
2.5257 	0.0320233 	-0.000112616 	1.50758e-05
2.52722 	0.0320238 	-0.000112482 	1.49268e-05
2.52873 	0.0320243 	-0.000112349 	1.47777e-05
2.53025 	0.0320248 	-0.000112215 	1.46286e-05
2.53177 	0.0320253 	-0.000112081 	1.44795e-05
2.53329 	0.0320257 	-0.000111955 	1.43265e-05
2.53481 	0.0320256 	-0.00011187 	1.41535e-05
2.53633 	0.0320255 	-0.000111785 	1.39806e-05
2.53785 	0.0320255 	-0.0001117 	1.38077e-05
2.53937 	0.0320254 	-0.000111615 	1.36347e-05
2.54088 	0.0320257 	-0.000111539 	1.34939e-05
2.5424 	0.032026 	-0.000111465 	1.33571e-05
2.54392 	0.0320263 	-0.000111391 	1.32202e-05
2.54544 	0.0320266 	-0.000111317 	1.30834e-05
2.54696 	0.0320265 	-0.000111192 	1.29339e-05
2.54848 	0.0320264 	-0.000111058 	1.27822e-05
2.55 	0.0320263 	-0.000110924 	1.26304e-05
2.55152 	0.0320262 	-0.00011079 	1.24787e-05
2.55303 	0.0320261 	-0.000110656 	1.2327e-05
2.55455 	0.032026 	-0.000110522 	1.21752e-05
2.55607 	0.0320259 	-0.000110394 	1.20192e-05
2.55759 	0.0320253 	-0.000110294 	1.18415e-05
2.55911 	0.0320247 	-0.000110194 	1.16639e-05
2.56063 	0.0320241 	-0.000110094 	1.14863e-05
2.56215 	0.0320235 	-0.000109998 	1.13123e-05
2.56367 	0.0320233 	-0.000109918 	1.11504e-05
2.56518 	0.0320231 	-0.000109837 	1.09886e-05
2.5667 	0.0320228 	-0.000109757 	1.08268e-05
2.56822 	0.0320224 	-0.000109644 	1.06648e-05
2.56974 	0.0320216 	-0.000109501 	1.05027e-05
2.57126 	0.0320209 	-0.000109358 	1.03406e-05
2.57278 	0.0320202 	-0.000109214 	1.01785e-05
2.5743 	0.0320194 	-0.000109071 	1.00164e-05
2.57582 	0.0320187 	-0.000108927 	9.85426e-06
2.57733 	0.032018 	-0.000108784 	9.69215e-06
2.57885 	0.0320168 	-0.000108659 	9.53672e-06
2.58037 	0.0320155 	-0.000108546 	9.38589e-06
2.58189 	0.0320141 	-0.000108434 	9.23507e-06
2.58341 	0.0320128 	-0.000108321 	9.08425e-06
2.58493 	0.0320118 	-0.00010823 	8.90401e-06
2.58645 	0.0320108 	-0.000108139 	8.72288e-06
2.58797 	0.0320099 	-0.000108048 	8.54174e-06
2.58948 	0.0320086 	-0.000107921 	8.38313e-06
2.591 	0.032007 	-0.000107766 	8.24286e-06
2.59252 	0.0320055 	-0.00010761 	8.10259e-06
2.59404 	0.032004 	-0.000107455 	7.96232e-06
2.59556 	0.0320024 	-0.000107299 	7.82205e-06
2.59708 	0.0320009 	-0.000107143 	7.68178e-06
2.5986 	0.0319993 	-0.000106988 	7.54151e-06
2.60012 	0.0319975 	-0.000106845 	7.44089e-06
2.60163 	0.0319952 	-0.00010672 	7.39169e-06
2.60315 	0.031993 	-0.000106595 	7.34248e-06
2.60467 	0.0319907 	-0.000106473 	7.28682e-06
2.60619 	0.0319889 	-0.000106373 	7.18138e-06
2.60771 	0.031987 	-0.000106273 	7.07593e-06
2.60923 	0.0319851 	-0.000106173 	6.97049e-06
2.61075 	0.0319827 	-0.000106014 	6.92236e-06
2.61227 	0.0319803 	-0.000105853 	6.87542e-06
2.61378 	0.0319778 	-0.000105692 	6.82848e-06
2.6153 	0.0319754 	-0.000105532 	6.78154e-06
2.61682 	0.031973 	-0.000105371 	6.7346e-06
2.61834 	0.0319706 	-0.000105211 	6.68766e-06
2.61986 	0.0319681 	-0.00010505 	6.64072e-06
2.62138 	0.0319652 	-0.000104915 	6.66116e-06
2.6229 	0.031962 	-0.000104791 	6.71101e-06
2.62442 	0.0319589 	-0.000104667 	6.76086e-06
2.62593 	0.031956 	-0.000104555 	6.80213e-06
2.62745 	0.0319532 	-0.00010445 	6.83895e-06
2.62897 	0.0319505 	-0.000104344 	6.87578e-06
2.63049 	0.0319473 	-0.000104197 	6.93089e-06
2.63201 	0.0319439 	-0.000104038 	6.99081e-06
2.63353 	0.0319406 	-0.000103879 	7.05074e-06
2.63505 	0.0319373 	-0.00010372 	7.11066e-06
2.63657 	0.031934 	-0.000103562 	7.17058e-06
2.63809 	0.0319307 	-0.000103403 	7.23051e-06
2.6396 	0.0319274 	-0.000103244 	7.29043e-06
2.64112 	0.0319238 	-0.000103105 	7.35499e-06
2.64264 	0.0319196 	-0.000103 	7.42742e-06
2.64416 	0.0319155 	-0.000102896 	7.49986e-06
2.64568 	0.0319116 	-0.000102791 	7.59165e-06
2.6472 	0.031908 	-0.000102686 	7.69633e-06
2.64872 	0.0319043 	-0.000102581 	7.801e-06
2.65024 	0.0319 	-0.000102438 	7.90436e-06
2.65175 	0.0318957 	-0.000102294 	8.00769e-06
2.65327 	0.0318915 	-0.000102149 	8.11103e-06
2.65479 	0.0318872 	-0.000102005 	8.21436e-06
2.65631 	0.0318829 	-0.000101861 	8.3177e-06
2.65783 	0.0318786 	-0.000101717 	8.42103e-06
2.65935 	0.0318743 	-0.000101573 	8.52436e-06
2.66087 	0.0318696 	-0.000101464 	8.61113e-06
2.66239 	0.0318645 	-0.000101396 	8.67802e-06
2.6639 	0.0318593 	-0.000101329 	8.7449e-06
2.66542 	0.0318545 	-0.000101249 	8.85267e-06
2.66694 	0.0318498 	-0.000101168 	8.96328e-06
2.66846 	0.0318447 	-0.000101065 	9.06023e-06
2.66998 	0.0318394 	-0.000100944 	9.14624e-06
2.6715 	0.031834 	-0.000100823 	9.23225e-06
2.67302 	0.0318287 	-0.000100702 	9.31826e-06
2.67454 	0.0318234 	-0.000100581 	9.40427e-06
2.67605 	0.031818 	-0.00010046 	9.49028e-06
2.67757 	0.0318127 	-0.000100339 	9.57629e-06
2.67909 	0.0318074 	-0.000100218 	9.6623e-06
2.68061 	0.0318012 	-0.000100172 	9.68539e-06
2.68213 	0.0317949 	-0.00010013 	9.70473e-06
2.68365 	0.031789 	-0.000100084 	9.74642e-06
2.68517 	0.0317831 	-0.000100037 	9.79969e-06
2.68669 	0.031777 	-9.99634e-05 	9.85588e-06
2.6882 	0.0317707 	-9.98633e-05 	9.91498e-06
2.68972 	0.0317643 	-9.97633e-05 	9.97409e-06
2.69124 	0.0317579 	-9.96633e-05 	1.00332e-05
2.69276 	0.0317515 	-9.95632e-05 	1.00923e-05
2.69428 	0.0317451 	-9.94632e-05 	1.01514e-05
2.6958 	0.0317387 	-9.93632e-05 	1.02105e-05
2.69732 	0.0317324 	-9.92632e-05 	1.02696e-05
2.69884 	0.0317253 	-9.92179e-05 	1.03024e-05
2.70035 	0.031718 	-9.91837e-05 	1.03299e-05
2.70187 	0.0317111 	-9.91537e-05 	1.03704e-05
2.70339 	0.0317043 	-9.91249e-05 	1.04148e-05
2.70491 	0.0316969 	-9.90537e-05 	1.0468e-05
2.70643 	0.0316895 	-9.89728e-05 	1.05232e-05
2.70795 	0.0316821 	-9.8892e-05 	1.05785e-05
2.70947 	0.0316747 	-9.88112e-05 	1.06337e-05
2.71099 	0.0316673 	-9.87303e-05 	1.06889e-05
2.7125 	0.0316599 	-9.86495e-05 	1.07441e-05
2.71402 	0.0316524 	-9.85687e-05 	1.07993e-05
2.71554 	0.0316449 	-9.84951e-05 	1.08541e-05
2.71706 	0.0316366 	-9.84773e-05 	1.09063e-05
2.71858 	0.0316284 	-9.84618e-05 	1.09619e-05
2.7201 	0.0316205 	-9.8453e-05 	1.10279e-05
2.72162 	0.0316123 	-9.84172e-05 	1.10966e-05
2.72314 	0.0316038 	-9.83541e-05 	1.11681e-05
2.72465 	0.0315953 	-9.82909e-05 	1.12396e-05
2.72617 	0.0315868 	-9.82277e-05 	1.13111e-05
2.72769 	0.0315783 	-9.81645e-05 	1.13825e-05
2.72921 	0.0315698 	-9.81013e-05 	1.1454e-05
2.73073 	0.0315612 	-9.80381e-05 	1.15255e-05
2.73225 	0.0315527 	-9.79749e-05 	1.1597e-05
2.73377 	0.0315435 	-9.79612e-05 	1.16831e-05
2.73529 	0.0315341 	-9.79618e-05 	1.17737e-05
2.7368 	0.0315251 	-9.79694e-05 	1.18678e-05
2.73832 	0.0315157 	-9.79489e-05 	1.1964e-05
2.73984 	0.0315061 	-9.79043e-05 	1.20622e-05
2.74136 	0.0314964 	-9.78597e-05 	1.21604e-05
2.74288 	0.0314868 	-9.78151e-05 	1.22585e-05
2.7444 	0.0314771 	-9.77705e-05 	1.23567e-05
2.74592 	0.0314674 	-9.77259e-05 	1.24548e-05
2.74744 	0.0314578 	-9.76813e-05 	1.2553e-05
2.74895 	0.0314481 	-9.76367e-05 	1.26512e-05
2.75047 	0.0314376 	-9.76481e-05 	1.27657e-05
2.75199 	0.0314272 	-9.76726e-05 	1.28827e-05
2.75351 	0.0314169 	-9.77015e-05 	1.29983e-05
2.75503 	0.0314062 	-9.76817e-05 	1.30869e-05
2.75655 	0.0313954 	-9.76585e-05 	1.31735e-05
2.75807 	0.0313846 	-9.76352e-05 	1.32602e-05
2.75959 	0.0313738 	-9.76119e-05 	1.33469e-05
2.7611 	0.031363 	-9.75886e-05 	1.34335e-05
2.76262 	0.0313523 	-9.75654e-05 	1.35202e-05
2.76414 	0.0313415 	-9.75421e-05 	1.36068e-05
2.76566 	0.0313305 	-9.75363e-05 	1.36868e-05
2.76718 	0.0313188 	-9.7579e-05 	1.37483e-05
2.7687 	0.0313075 	-9.76252e-05 	1.38145e-05
2.77022 	0.0312958 	-9.76398e-05 	1.38541e-05
2.77174 	0.0312839 	-9.76392e-05 	1.38809e-05
2.77325 	0.031272 	-9.76386e-05 	1.39078e-05
2.77477 	0.0312601 	-9.7638e-05 	1.39346e-05
2.77629 	0.0312482 	-9.76374e-05 	1.39615e-05
2.77781 	0.0312363 	-9.76368e-05 	1.39883e-05
2.77933 	0.0312244 	-9.76362e-05 	1.40151e-05
2.78085 	0.0312124 	-9.76398e-05 	1.40401e-05
2.78237 	0.0311996 	-9.77113e-05 	1.40339e-05
2.78389 	0.0311871 	-9.77861e-05 	1.40322e-05
2.7854 	0.0311741 	-9.78193e-05 	1.40163e-05
2.78692 	0.031161 	-9.78395e-05 	1.39959e-05
2.78844 	0.0311479 	-9.78597e-05 	1.39754e-05
2.78996 	0.0311348 	-9.788e-05 	1.3955e-05
2.79148 	0.0311217 	-9.79002e-05 	1.39345e-05
2.793 	0.0311086 	-9.79204e-05 	1.39141e-05
2.79452 	0.0310954 	-9.79407e-05 	1.38936e-05
2.79604 	0.0310821 	-9.79753e-05 	1.38722e-05
2.79755 	0.0310681 	-9.80654e-05 	1.38457e-05
2.79907 	0.0310541 	-9.81502e-05 	1.38139e-05
2.80059 	0.0310396 	-9.81851e-05 	1.37928e-05
2.80211 	0.0310251 	-9.822e-05 	1.37716e-05
2.80363 	0.0310106 	-9.82549e-05 	1.37504e-05
2.80515 	0.0309961 	-9.82898e-05 	1.37293e-05
2.80667 	0.0309816 	-9.83247e-05 	1.37081e-05
2.80819 	0.0309672 	-9.83596e-05 	1.3687e-05
2.8097 	0.0309527 	-9.83945e-05 	1.36658e-05
2.81122 	0.0309374 	-9.84756e-05 	1.36616e-05
2.81274 	0.0309221 	-9.85836e-05 	1.3649e-05
2.81426 	0.0309061 	-9.86326e-05 	1.36516e-05
2.81578 	0.0308901 	-9.86777e-05 	1.36554e-05
2.8173 	0.030874 	-9.87228e-05 	1.36592e-05
2.81882 	0.030858 	-9.87679e-05 	1.36631e-05
2.82034 	0.0308419 	-9.8813e-05 	1.36669e-05
2.82185 	0.0308259 	-9.88581e-05 	1.36707e-05
2.82337 	0.0308099 	-9.89032e-05 	1.36745e-05
2.82489 	0.0307932 	-9.89808e-05 	1.36921e-05
2.82641 	0.0307763 	-9.90924e-05 	1.37155e-05
2.82793 	0.0307585 	-9.91414e-05 	1.37343e-05
2.82945 	0.0307408 	-9.91903e-05 	1.37531e-05
2.83097 	0.030723 	-9.92393e-05 	1.37719e-05
2.83249 	0.0307053 	-9.92883e-05 	1.37907e-05
2.83401 	0.0306875 	-9.93372e-05 	1.38095e-05
2.83552 	0.0306698 	-9.93862e-05 	1.38283e-05
2.83704 	0.030652 	-9.94352e-05 	1.38471e-05
2.83856 	0.0306334 	-9.95258e-05 	1.38717e-05
2.84008 	0.0306143 	-9.96156e-05 	1.38948e-05
2.8416 	0.0305945 	-9.96622e-05 	1.39046e-05
2.84312 	0.0305748 	-9.97088e-05 	1.39145e-05
2.84464 	0.030555 	-9.97555e-05 	1.39243e-05
2.84616 	0.0305353 	-9.98021e-05 	1.39341e-05
2.84767 	0.0305155 	-9.98487e-05 	1.39439e-05
2.84919 	0.0304958 	-9.98954e-05 	1.39537e-05
2.85071 	0.0304757 	-9.99553e-05 	1.39632e-05
2.85223 	0.0304546 	-0.00010006 	1.39689e-05
2.85375 	0.0304325 	-0.000100099 	1.3951e-05
2.85527 	0.0304105 	-0.000100139 	1.3933e-05
2.85679 	0.0303884 	-0.000100179 	1.39151e-05
2.85831 	0.0303663 	-0.000100218 	1.38971e-05
2.85982 	0.0303442 	-0.000100258 	1.38791e-05
2.86134 	0.0303221 	-0.000100298 	1.38612e-05
2.86286 	0.0302999 	-0.000100341 	1.38434e-05
2.86438 	0.0302762 	-0.000100437 	1.38203e-05
2.8659 	0.0302513 	-0.000100466 	1.37873e-05
2.86742 	0.0302264 	-0.000100496 	1.37544e-05
2.86894 	0.0302016 	-0.000100525 	1.37214e-05
2.87046 	0.0301767 	-0.000100555 	1.36884e-05
2.87197 	0.0301518 	-0.000100584 	1.36554e-05
2.87349 	0.0301269 	-0.000100614 	1.36224e-05
2.87501 	0.0301017 	-0.000100653 	1.35933e-05
2.87653 	0.0300744 	-0.000100714 	1.35701e-05
2.87805 	0.0300462 	-0.000100725 	1.35481e-05
2.87957 	0.0300179 	-0.000100736 	1.35261e-05
2.88109 	0.0299897 	-0.000100746 	1.35041e-05
2.88261 	0.0299614 	-0.000100757 	1.34821e-05
2.88412 	0.0299332 	-0.000100768 	1.34601e-05
2.88564 	0.0299049 	-0.000100779 	1.34381e-05
2.88716 	0.0298754 	-0.000100824 	1.34246e-05
2.88868 	0.029843 	-0.000100803 	1.34009e-05
2.8902 	0.0298106 	-0.000100779 	1.33769e-05
2.89172 	0.0297782 	-0.000100756 	1.3353e-05
2.89324 	0.0297457 	-0.000100732 	1.33291e-05
2.89476 	0.0297133 	-0.000100709 	1.33051e-05
2.89627 	0.0296808 	-0.000100685 	1.32812e-05
2.89779 	0.0296475 	-0.000100677 	1.32551e-05
2.89931 	0.0296104 	-0.000100623 	1.31894e-05
2.90083 	0.0295728 	-0.00010055 	1.31171e-05
2.90235 	0.0295352 	-0.000100478 	1.30448e-05
2.90387 	0.0294977 	-0.000100405 	1.29725e-05
2.90539 	0.0294601 	-0.000100333 	1.29002e-05
2.90691 	0.0294225 	-0.000100261 	1.28279e-05
2.90842 	0.0293838 	-0.000100202 	1.27435e-05
2.90994 	0.0293402 	-0.000100071 	1.25937e-05
2.91146 	0.0292964 	-9.99349e-05 	1.24419e-05
2.91298 	0.0292526 	-9.97991e-05 	1.229e-05
2.9145 	0.0292088 	-9.96632e-05 	1.21382e-05
2.91602 	0.029165 	-9.95274e-05 	1.19863e-05
2.91754 	0.0291212 	-9.93915e-05 	1.18345e-05
2.91906 	0.0290734 	-9.92372e-05 	1.16458e-05
2.92057 	0.0290212 	-9.90159e-05 	1.14237e-05
2.92209 	0.0289691 	-9.87946e-05 	1.12017e-05
2.92361 	0.0289169 	-9.85733e-05 	1.09797e-05
2.92513 	0.0288647 	-9.8352e-05 	1.07577e-05
2.92665 	0.0288126 	-9.81307e-05 	1.05356e-05
2.92817 	0.0287594 	-9.7914e-05 	1.03053e-05
2.92969 	0.0286968 	-9.75882e-05 	1.00359e-05
2.93121 	0.0286341 	-9.7261e-05 	9.76659e-06
2.93272 	0.0285715 	-9.69338e-05 	9.49726e-06
2.93424 	0.0285088 	-9.66066e-05 	9.22793e-06
2.93576 	0.0284462 	-9.62793e-05 	8.9586e-06
2.93728 	0.0283835 	-9.59522e-05 	8.689e-06
2.9388 	0.0283079 	-9.55106e-05 	8.3589e-06
2.94032 	0.0282314 	-9.50507e-05 	8.02573e-06
2.94184 	0.0281549 	-9.45908e-05 	7.69255e-06
2.94336 	0.0280784 	-9.41309e-05 	7.35937e-06
2.94487 	0.0280019 	-9.3671e-05 	7.0262e-06
2.94639 	0.0279246 	-9.32083e-05 	6.68847e-06
2.94791 	0.0278296 	-9.25805e-05 	6.25058e-06
2.94943 	0.0277346 	-9.19526e-05 	5.8127e-06
2.95095 	0.0276395 	-9.13248e-05 	5.37481e-06
2.95247 	0.0275445 	-9.06969e-05 	4.93692e-06
2.95399 	0.0274496 	-9.00697e-05 	4.49945e-06
2.95551 	0.0273461 	-8.93719e-05 	4.01791e-06
2.95702 	0.0272283 	-8.85593e-05 	3.4627e-06
2.95854 	0.0271105 	-8.77466e-05 	2.90748e-06
2.96006 	0.0269928 	-8.6934e-05 	2.35227e-06
2.96158 	0.026875 	-8.61213e-05 	1.79705e-06
2.9631 	0.0267572 	-8.53087e-05 	1.24184e-06
2.96462 	0.026609 	-8.42732e-05 	5.88833e-07
2.96614 	0.0264587 	-8.32297e-05 	-6.86635e-08
2.96766 	0.0263083 	-8.21863e-05 	-7.2616e-07
2.96917 	0.026158 	-8.11428e-05 	-1.38366e-06
2.97069 	0.0260076 	-8.00994e-05 	-2.04115e-06
2.97221 	0.0258248 	-7.88422e-05 	-2.73254e-06
2.97373 	0.0256298 	-7.75214e-05 	-3.42878e-06
2.97525 	0.0254347 	-7.62007e-05 	-4.12501e-06
2.97677 	0.0252396 	-7.48799e-05 	-4.82125e-06
2.97829 	0.0250445 	-7.35591e-05 	-5.51748e-06
2.97981 	0.0248075 	-7.20101e-05 	-6.17189e-06
2.98132 	0.0245555 	-7.04032e-05 	-6.80388e-06
2.98284 	0.0243035 	-6.87963e-05 	-7.43588e-06
2.98436 	0.0240515 	-6.71894e-05 	-8.06787e-06
2.98588 	0.0237974 	-6.55663e-05 	-8.69318e-06
2.9874 	0.023476 	-6.36622e-05 	-9.17356e-06
2.98892 	0.0231496 	-6.17514e-05 	-9.63893e-06
2.99044 	0.0228232 	-5.98406e-05 	-1.01043e-05
2.99196 	0.0224968 	-5.79298e-05 	-1.05697e-05
2.99347 	0.0221321 	-5.58774e-05 	-1.09305e-05
2.99499 	0.0217101 	-5.36802e-05 	-1.1142e-05
2.99651 	0.0212881 	-5.14829e-05 	-1.13534e-05
2.99803 	0.020866 	-4.92857e-05 	-1.15648e-05
2.99955 	0.0204346 	-4.70529e-05 	-1.1744e-05
3.00107 	0.0198991 	-4.4629e-05 	-1.16651e-05
3.00259 	0.01936 	-4.2207e-05 	-1.15757e-05
3.00411 	0.0188208 	-3.97849e-05 	-1.14862e-05
3.00562 	0.0182788 	-3.73567e-05 	-1.13871e-05
3.00714 	0.0176207 	-3.48068e-05 	-1.10439e-05
3.00866 	0.0169483 	-3.2271e-05 	-1.06768e-05
3.01018 	0.0162758 	-2.97352e-05 	-1.03097e-05
3.0117 	0.0155968 	-2.71986e-05 	-9.92625e-06
3.01322 	0.0147969 	-2.47022e-05 	-9.37788e-06
3.01474 	0.0139894 	-2.2237e-05 	-8.82127e-06
3.01626 	0.0131819 	-1.97718e-05 	-8.26466e-06
3.01777 	0.0123393 	-1.73586e-05 	-7.67606e-06
3.01929 	0.0114142 	-1.51514e-05 	-7.03297e-06
3.02081 	0.0104892 	-1.29442e-05 	-6.38987e-06
3.02233 	0.00956412 	-1.07369e-05 	-5.74678e-06
3.02385 	0.00856672 	-8.81737e-06 	-5.09225e-06
3.02537 	0.00755438 	-6.97915e-06 	-4.44006e-06
3.02689 	0.00654205 	-5.14094e-06 	-3.78787e-06
3.02841 	0.00549475 	-3.6928e-06 	-3.14843e-06
3.02992 	0.0044254 	-2.61932e-06 	-2.52068e-06
3.03144 	0.00335606 	-1.54583e-06 	-1.89293e-06
3.03296 	0.0022517 	-9.36842e-07 	-1.26389e-06
3.03448 	0.00112349 	-4.67797e-07 	-6.31393e-07
3.036 	0 	0 	0
