0.00151876 	-0.000472686 	1.42503e-07 	1.05759e-06
0.00303752 	-0.000968352 	2.9413e-07 	2.10463e-06
0.00455628 	-0.00145858 	4.29382e-07 	3.40129e-06
0.00607504 	-0.00189293 	6.71467e-07 	4.28244e-06
0.0075938 	-0.00231271 	9.23746e-07 	5.58741e-06
0.00911256 	-0.00268527 	1.27065e-06 	6.5531e-06
0.0106313 	-0.00306035 	1.57453e-06 	7.99383e-06
0.0121501 	-0.0033895 	1.85197e-06 	8.76807e-06
0.0136688 	-0.00370717 	2.06407e-06 	9.87747e-06
0.0151876 	-0.00398346 	2.13817e-06 	1.08707e-05
0.0167064 	-0.00423699 	2.16417e-06 	1.1831e-05
0.0182251 	-0.00448893 	2.08895e-06 	1.33796e-05
0.0197439 	-0.00470622 	2.01255e-06 	1.35575e-05
0.0212626 	-0.00491988 	1.86344e-06 	1.43268e-05
0.0227814 	-0.00512212 	1.59862e-06 	1.50604e-05
0.0243002 	-0.00528582 	1.15669e-06 	1.55168e-05
0.0258189 	-0.00544952 	7.14752e-07 	1.59733e-05
0.0273377 	-0.00559838 	7.00473e-08 	1.6348e-05
0.0288564 	-0.00572257 	-6.62203e-07 	1.64608e-05
0.0303752 	-0.00584676 	-1.39445e-06 	1.65736e-05
0.0318939 	-0.00596506 	-2.30038e-06 	1.67054e-05
0.0334127 	-0.00606361 	-3.27649e-06 	1.64915e-05
0.0349315 	-0.00616199 	-4.24937e-06 	1.63234e-05
0.0364502 	-0.00625839 	-5.2505e-06 	1.65679e-05
0.037969 	-0.00633639 	-6.57772e-06 	1.57528e-05
0.0394877 	-0.0064116 	-7.80273e-06 	1.53166e-05
0.0410065 	-0.0064868 	-9.02773e-06 	1.48804e-05
0.0425253 	-0.00655159 	-1.05389e-05 	1.43328e-05
0.044044 	-0.00660743 	-1.19908e-05 	1.36814e-05
0.0455628 	-0.00666327 	-1.34427e-05 	1.303e-05
0.0470815 	-0.0067178 	-1.48565e-05 	1.2662e-05
0.0486003 	-0.0067601 	-1.67339e-05 	1.1603e-05
0.0501191 	-0.0068 	-1.84144e-05 	1.08321e-05
0.0516378 	-0.00683989 	-2.00949e-05 	1.00612e-05
0.0531566 	-0.0068767 	-2.18237e-05 	9.55533e-06
0.0546753 	-0.0069047 	-2.38813e-05 	8.49489e-06
0.0561941 	-0.00693184 	-2.57701e-05 	7.71108e-06
0.0577129 	-0.00695897 	-2.76589e-05 	6.92726e-06
0.0592316 	-0.00698355 	-2.96317e-05 	6.32956e-06
0.0607504 	-0.00700126 	-3.1834e-05 	5.45386e-06
0.0622691 	-0.00701842 	-3.39075e-05 	4.74142e-06
0.0637879 	-0.00703558 	-3.5981e-05 	4.02897e-06
0.0653067 	-0.00705082 	-3.78472e-05 	3.72763e-06
0.0668254 	-0.00706143 	-4.0496e-05 	2.78026e-06
0.0683442 	-0.00707056 	-4.27544e-05 	2.20638e-06
0.0698629 	-0.00707968 	-4.50128e-05 	1.63249e-06
0.0713817 	-0.00708881 	-4.72711e-05 	1.05861e-06
0.0729005 	-0.0070932 	-4.98176e-05 	6.82558e-07
0.0744192 	-0.00709581 	-5.2251e-05 	3.07431e-07
0.075938 	-0.00709841 	-5.46845e-05 	-6.76965e-08
0.0774567 	-0.00710102 	-5.71179e-05 	-4.42824e-07
0.0789755 	-0.00710198 	-5.95786e-05 	-6.36846e-07
0.0804942 	-0.00709984 	-6.23219e-05 	-8.45972e-07
0.082013 	-0.00709726 	-6.49151e-05 	-9.88393e-07
0.0835318 	-0.00709467 	-6.75083e-05 	-1.13081e-06
0.0850505 	-0.00709209 	-7.01015e-05 	-1.27324e-06
0.0865693 	-0.0070874 	-7.2888e-05 	-1.24446e-06
0.088088 	-0.00708075 	-7.56275e-05 	-1.16609e-06
0.0896068 	-0.00707409 	-7.8367e-05 	-1.08772e-06
0.0911256 	-0.00706744 	-8.11065e-05 	-1.00934e-06
0.0926443 	-0.00706079 	-8.3846e-05 	-9.3097e-07
0.0941631 	-0.0070522 	-8.6765e-05 	-7.10578e-07
0.0956818 	-0.00704232 	-8.9654e-05 	-4.6638e-07
0.0972006 	-0.00703243 	-9.25431e-05 	-2.22181e-07
0.0987194 	-0.00702254 	-9.54322e-05 	2.20169e-08
0.100238 	-0.00701266 	-9.83213e-05 	2.66215e-07
0.101757 	-0.00700155 	-0.000101366 	5.71078e-07
0.103276 	-0.00698895 	-0.000104413 	9.25752e-07
0.104794 	-0.00697636 	-0.000107459 	1.28043e-06
0.106313 	-0.00696376 	-0.000110505 	1.6351e-06
0.107832 	-0.00695117 	-0.000113551 	1.98977e-06
0.109351 	-0.00693782 	-0.000116426 	2.34631e-06
0.110869 	-0.0069236 	-0.000119868 	2.76853e-06
0.112388 	-0.00690879 	-0.000123055 	3.18965e-06
0.113907 	-0.00689398 	-0.000126241 	3.61078e-06
0.115426 	-0.00687917 	-0.000129428 	4.03191e-06
0.116944 	-0.00686435 	-0.000132615 	4.45304e-06
0.118463 	-0.00684874 	-0.000135923 	4.88613e-06
0.119982 	-0.00683224 	-0.000139232 	5.32937e-06
0.121501 	-0.00681573 	-0.000142541 	5.77261e-06
0.12302 	-0.00679923 	-0.000145849 	6.21585e-06
0.124538 	-0.00678273 	-0.000149158 	6.65909e-06
0.126057 	-0.00676623 	-0.000152467 	7.10233e-06
0.127576 	-0.00674893 	-0.000155896 	7.52876e-06
0.129095 	-0.00673105 	-0.000159307 	7.94825e-06
0.130613 	-0.00671317 	-0.000162718 	8.36775e-06
0.132132 	-0.00669529 	-0.000166129 	8.78724e-06
0.133651 	-0.00667741 	-0.000169539 	9.20673e-06
0.13517 	-0.00665954 	-0.00017295 	9.62623e-06
0.136688 	-0.00664118 	-0.000176442 	1.00041e-05
0.138207 	-0.00662225 	-0.000179918 	1.03503e-05
0.139726 	-0.00660332 	-0.000183395 	1.06965e-05
0.141245 	-0.00658439 	-0.000186871 	1.10427e-05
0.142763 	-0.00656546 	-0.000190347 	1.13889e-05
0.144282 	-0.00654653 	-0.000193824 	1.17351e-05
0.145801 	-0.00652732 	-0.000197205 	1.20464e-05
0.14732 	-0.00650791 	-0.000200855 	1.22629e-05
0.148838 	-0.0064882 	-0.000204364 	1.24606e-05
0.150357 	-0.00646849 	-0.000207872 	1.26582e-05
0.151876 	-0.00644878 	-0.000211381 	1.28558e-05
0.153395 	-0.00642908 	-0.000214889 	1.30534e-05
0.154913 	-0.00640937 	-0.000218398 	1.3251e-05
0.156432 	-0.00638947 	-0.000221962 	1.33478e-05
0.157951 	-0.00636914 	-0.000225494 	1.33355e-05
0.15947 	-0.00634881 	-0.000229026 	1.33231e-05
0.160988 	-0.00632848 	-0.000232558 	1.33108e-05
0.162507 	-0.00630815 	-0.000236091 	1.32985e-05
0.164026 	-0.00628782 	-0.000239623 	1.32862e-05
0.165545 	-0.00626749 	-0.000243155 	1.32739e-05
0.167064 	-0.00624699 	-0.00024674 	1.31559e-05
0.168582 	-0.00622618 	-0.000250307 	1.2941e-05
0.170101 	-0.00620536 	-0.000253874 	1.2726e-05
0.17162 	-0.00618455 	-0.000257441 	1.2511e-05
0.173139 	-0.00616373 	-0.000261008 	1.22961e-05
0.174657 	-0.00614292 	-0.000264575 	1.20811e-05
0.176176 	-0.0061221 	-0.000268142 	1.18661e-05
0.177695 	-0.00610121 	-0.000271737 	1.16167e-05
0.179214 	-0.00607996 	-0.000275353 	1.12457e-05
0.180732 	-0.00605868 	-0.000278963 	1.08731e-05
0.182251 	-0.00603741 	-0.000282573 	1.05005e-05
0.18377 	-0.00601614 	-0.000286184 	1.01278e-05
0.185289 	-0.00599486 	-0.000289794 	9.75521e-06
0.186807 	-0.00597359 	-0.000293404 	9.38258e-06
0.188326 	-0.00595232 	-0.000297014 	9.00995e-06
0.189845 	-0.00593073 	-0.000300673 	8.59389e-06
0.191364 	-0.00590892 	-0.000304342 	8.15061e-06
0.192882 	-0.00588711 	-0.000308011 	7.70732e-06
0.194401 	-0.00586531 	-0.00031168 	7.26403e-06
0.19592 	-0.0058435 	-0.000315349 	6.82075e-06
0.197439 	-0.00582169 	-0.000319018 	6.37746e-06
0.198957 	-0.00579989 	-0.000322687 	5.93417e-06
0.200476 	-0.00577808 	-0.000326356 	5.49088e-06
0.201995 	-0.00575586 	-0.000330087 	5.08092e-06
0.203514 	-0.00573352 	-0.000333826 	4.68214e-06
0.205033 	-0.00571118 	-0.000337565 	4.28335e-06
0.206551 	-0.00568883 	-0.000341305 	3.88457e-06
0.20807 	-0.00566649 	-0.000345044 	3.48578e-06
0.209589 	-0.00564415 	-0.000348784 	3.087e-06
0.211108 	-0.0056218 	-0.000352523 	2.68822e-06
0.212626 	-0.00559946 	-0.000356263 	2.28943e-06
0.214145 	-0.00557686 	-0.000360038 	1.98155e-06
0.215664 	-0.00555407 	-0.000363833 	1.7381e-06
0.217183 	-0.00553128 	-0.000367628 	1.49465e-06
0.218701 	-0.00550849 	-0.000371422 	1.25119e-06
0.22022 	-0.0054857 	-0.000375217 	1.00774e-06
0.221739 	-0.00546291 	-0.00037901 	7.63866e-07
0.223258 	-0.00544013 	-0.000382804 	5.19527e-07
0.224776 	-0.00541735 	-0.000386597 	2.75189e-07
0.226295 	-0.00539454 	-0.000390387 	4.47291e-08
0.227814 	-0.00537139 	-0.000394191 	2.8799e-08
0.229333 	-0.00534824 	-0.000397996 	1.28689e-08
0.230851 	-0.00532509 	-0.000401801 	-3.06119e-09
0.23237 	-0.00530194 	-0.000405605 	-1.89913e-08
0.233889 	-0.00527879 	-0.00040941 	-3.49214e-08
0.235408 	-0.00525564 	-0.000413214 	-5.08515e-08
0.236926 	-0.00523249 	-0.000417019 	-6.67816e-08
0.238445 	-0.00520934 	-0.000420824 	-8.27117e-08
0.239964 	-0.00518611 	-0.000424604 	-3.34921e-08
0.241483 	-0.00516262 	-0.000428382 	2.11491e-07
0.243002 	-0.00513913 	-0.000432159 	4.56475e-07
0.24452 	-0.00511564 	-0.000435936 	7.01458e-07
0.246039 	-0.00509214 	-0.000439713 	9.46442e-07
0.247558 	-0.00506865 	-0.00044349 	1.19142e-06
0.249077 	-0.00504516 	-0.000447268 	1.43641e-06
0.250595 	-0.00502167 	-0.000451045 	1.68139e-06
0.252114 	-0.00499818 	-0.000454822 	1.92638e-06
0.253633 	-0.00497455 	-0.000458476 	2.29078e-06
0.255152 	-0.00495085 	-0.000462309 	2.77168e-06
0.25667 	-0.00492704 	-0.00046604 	3.3186e-06
0.258189 	-0.00490323 	-0.00046977 	3.86551e-06
0.259708 	-0.00487943 	-0.0004735 	4.41242e-06
0.261227 	-0.00485562 	-0.00047723 	4.95934e-06
0.262745 	-0.00483182 	-0.000480961 	5.50625e-06
0.264264 	-0.00480801 	-0.000484691 	6.05316e-06
0.265783 	-0.00478421 	-0.000488421 	6.60008e-06
0.267302 	-0.0047604 	-0.000492151 	7.14699e-06
0.26882 	-0.00473642 	-0.00049585 	8.00992e-06
0.270339 	-0.00471235 	-0.000499533 	8.92739e-06
0.271858 	-0.00468829 	-0.000503217 	9.84486e-06
0.273377 	-0.00466423 	-0.0005069 	1.07623e-05
0.274895 	-0.00464016 	-0.000510584 	1.16798e-05
0.276414 	-0.0046161 	-0.000514267 	1.25973e-05
0.277933 	-0.00459203 	-0.000517951 	1.35147e-05
0.279452 	-0.00456797 	-0.000521634 	1.44322e-05
0.28097 	-0.00454391 	-0.000525318 	1.53497e-05
0.282489 	-0.00451984 	-0.000529001 	1.62671e-05
0.284008 	-0.00449554 	-0.000532657 	1.76108e-05
0.285527 	-0.0044712 	-0.000536298 	1.89015e-05
0.287046 	-0.00444686 	-0.000539938 	2.01922e-05
0.288564 	-0.00442251 	-0.000543579 	2.14829e-05
0.290083 	-0.00439817 	-0.00054722 	2.27736e-05
0.291602 	-0.00437383 	-0.000550861 	2.40643e-05
0.293121 	-0.00434949 	-0.000554502 	2.5355e-05
0.294639 	-0.00432514 	-0.000558143 	2.66457e-05
0.296158 	-0.0043008 	-0.000561784 	2.79364e-05
0.297677 	-0.00427646 	-0.000565425 	2.92271e-05
0.299196 	-0.00425193 	-0.000569025 	3.08052e-05
0.300714 	-0.00422727 	-0.000572633 	3.2409e-05
0.302233 	-0.0042026 	-0.000576219 	3.40054e-05
0.303752 	-0.00417793 	-0.000579805 	3.56018e-05
0.305271 	-0.00415326 	-0.00058339 	3.71983e-05
0.306789 	-0.00412859 	-0.000586976 	3.87947e-05
0.308308 	-0.00410392 	-0.000590562 	4.03911e-05
0.309827 	-0.00407925 	-0.000594148 	4.19876e-05
0.311346 	-0.00405458 	-0.000597734 	4.3584e-05
0.312864 	-0.00402991 	-0.00060132 	4.51804e-05
0.314383 	-0.00400524 	-0.000604905 	4.67769e-05
0.315902 	-0.00398024 	-0.000608505 	4.86739e-05
0.317421 	-0.00395526 	-0.000612054 	5.04927e-05
0.318939 	-0.00393029 	-0.000615604 	5.23115e-05
0.320458 	-0.00390531 	-0.000619153 	5.41303e-05
0.321977 	-0.00388033 	-0.000622703 	5.59491e-05
0.323496 	-0.00385536 	-0.000626252 	5.77679e-05
0.325015 	-0.00383038 	-0.000629802 	5.95867e-05
0.326533 	-0.0038054 	-0.000633351 	6.14055e-05
0.328052 	-0.00378042 	-0.000636901 	6.32243e-05
0.329571 	-0.00375545 	-0.00064045 	6.50431e-05
0.33109 	-0.00373047 	-0.000643999 	6.68619e-05
0.332608 	-0.00370514 	-0.000647642 	6.87089e-05
0.334127 	-0.00367978 	-0.00065122 	7.05426e-05
0.335646 	-0.00365443 	-0.000654799 	7.23762e-05
0.337165 	-0.00362908 	-0.000658378 	7.42098e-05
0.338683 	-0.00360372 	-0.000661956 	7.60435e-05
0.340202 	-0.00357837 	-0.000665535 	7.78771e-05
0.341721 	-0.00355301 	-0.000669113 	7.97108e-05
0.34324 	-0.00352766 	-0.000672692 	8.15444e-05
0.344758 	-0.00350231 	-0.00067627 	8.3378e-05
0.346277 	-0.00347695 	-0.000679849 	8.52117e-05
0.347796 	-0.0034516 	-0.000683428 	8.70453e-05
0.349315 	-0.00342575 	-0.000685865 	8.82727e-05
0.350833 	-0.00340039 	-0.000690645 	9.03227e-05
0.352352 	-0.00337439 	-0.00069428 	9.19494e-05
0.353871 	-0.00334839 	-0.000697916 	9.35761e-05
0.35539 	-0.00332239 	-0.000701551 	9.52028e-05
0.356908 	-0.00329639 	-0.000705186 	9.68295e-05
0.358427 	-0.0032704 	-0.000708822 	9.84562e-05
0.359946 	-0.0032444 	-0.000712457 	0.000100083
0.361465 	-0.0032184 	-0.000716092 	0.00010171
0.362983 	-0.0031924 	-0.000719727 	0.000103336
0.364502 	-0.0031664 	-0.000723363 	0.000104963
0.366021 	-0.00314041 	-0.000726998 	0.00010659
0.36754 	-0.00311367 	-0.000729362 	0.00010773
0.369059 	-0.00308782 	-0.00073411 	0.000109245
0.370577 	-0.00306089 	-0.0007378 	0.00011067
0.372096 	-0.00303397 	-0.00074149 	0.000112094
0.373615 	-0.00300704 	-0.00074518 	0.000113519
0.375134 	-0.00298011 	-0.000748871 	0.000114943
0.376652 	-0.00295318 	-0.000752561 	0.000116367
0.378171 	-0.00292626 	-0.000756251 	0.000117792
0.37969 	-0.00289933 	-0.000759941 	0.000119216
0.381209 	-0.0028724 	-0.000763631 	0.00012064
0.382727 	-0.00284547 	-0.000767321 	0.000122065
0.384246 	-0.00281854 	-0.000771011 	0.000123489
0.385765 	-0.0027906 	-0.000773651 	0.000124812
0.387284 	-0.0027641 	-0.000777959 	0.000125852
0.388802 	-0.00273587 	-0.000781707 	0.000127259
0.390321 	-0.00270764 	-0.000785455 	0.000128667
0.39184 	-0.00267941 	-0.000789202 	0.000130075
0.393359 	-0.00265117 	-0.00079295 	0.000131482
0.394877 	-0.00262294 	-0.000796698 	0.00013289
0.396396 	-0.00259471 	-0.000800446 	0.000134298
0.397915 	-0.00256648 	-0.000804194 	0.000135705
0.399434 	-0.00253825 	-0.000807942 	0.000137113
0.400952 	-0.00251001 	-0.00081169 	0.00013852
0.402471 	-0.00248178 	-0.000815437 	0.000139928
0.40399 	-0.00245355 	-0.000819185 	0.000141336
0.405509 	-0.00242283 	-0.000821267 	0.00014298
0.407028 	-0.00239536 	-0.00082593 	0.000144021
0.408546 	-0.00236553 	-0.000829681 	0.000145622
0.410065 	-0.00233569 	-0.000833432 	0.000147224
0.411584 	-0.00230585 	-0.000837182 	0.000148825
0.413103 	-0.00227602 	-0.000840933 	0.000150427
0.414621 	-0.00224618 	-0.000844683 	0.000152028
0.41614 	-0.00221634 	-0.000848434 	0.00015363
0.417659 	-0.00218651 	-0.000852185 	0.000155231
0.419178 	-0.00215667 	-0.000855935 	0.000156833
0.420696 	-0.00212684 	-0.000859686 	0.000158434
0.422215 	-0.002097 	-0.000863436 	0.000160036
0.423734 	-0.00206716 	-0.000867187 	0.000161637
0.425253 	-0.00203509 	-0.00086979 	0.000163599
0.426771 	-0.0020054 	-0.000873651 	0.000165056
0.42829 	-0.0019744 	-0.000877495 	0.000166791
0.429809 	-0.00194294 	-0.000881231 	0.000168618
0.431328 	-0.00191148 	-0.000884967 	0.000170446
0.432846 	-0.00188003 	-0.000888703 	0.000172274
0.434365 	-0.00184857 	-0.00089244 	0.000174101
0.435884 	-0.00181711 	-0.000896176 	0.000175929
0.437403 	-0.00178566 	-0.000899912 	0.000177757
0.438921 	-0.0017542 	-0.000903648 	0.000179584
0.44044 	-0.00172274 	-0.000907384 	0.000181412
0.441959 	-0.00169128 	-0.000911121 	0.00018324
0.443478 	-0.00165983 	-0.000914857 	0.000185067
0.444996 	-0.00162796 	-0.000918434 	0.000186949
0.446515 	-0.00159397 	-0.000921205 	0.00018909
0.448034 	-0.00156328 	-0.000925327 	0.000190673
0.449553 	-0.00153034 	-0.000929057 	0.000192441
0.451072 	-0.00149741 	-0.000932786 	0.00019421
0.45259 	-0.00146448 	-0.000936516 	0.000195978
0.454109 	-0.00143155 	-0.000940245 	0.000197746
0.455628 	-0.00139861 	-0.000943975 	0.000199514
0.457147 	-0.00136568 	-0.000947705 	0.000201283
0.458665 	-0.00133275 	-0.000951434 	0.000203051
0.460184 	-0.00129981 	-0.000955164 	0.000204819
0.461703 	-0.00126688 	-0.000958893 	0.000206588
0.463222 	-0.00123395 	-0.000962623 	0.000208356
0.46474 	-0.00120102 	-0.000966353 	0.000210124
0.466259 	-0.00116767 	-0.000969955 	0.000211889
0.467778 	-0.00113218 	-0.000972907 	0.000213637
0.469297 	-0.00109999 	-0.000976979 	0.000215286
0.470815 	-0.00106626 	-0.000980715 	0.000216794
0.472334 	-0.00103221 	-0.00098438 	0.000218271
0.473853 	-0.000998161 	-0.000988046 	0.000219749
0.475372 	-0.000964109 	-0.000991712 	0.000221227
0.47689 	-0.000930057 	-0.000995378 	0.000222704
0.478409 	-0.000896006 	-0.000999043 	0.000224182
0.479928 	-0.000861954 	-0.00100271 	0.000225659
0.481447 	-0.000827902 	-0.00100637 	0.000227137
0.482965 	-0.00079385 	-0.00101004 	0.000228614
0.484484 	-0.000759799 	-0.00101371 	0.000230092
0.486003 	-0.000725747 	-0.00101737 	0.00023157
0.487522 	-0.000691695 	-0.00102104 	0.000233047
0.489041 	-0.000655986 	-0.00102421 	0.000234164
0.490559 	-0.000621051 	-0.00102759 	0.000235298
0.492078 	-0.000587547 	-0.00103138 	0.00023658
0.493597 	-0.000552756 	-0.00103493 	0.000237698
0.495116 	-0.000517965 	-0.00103848 	0.000238817
0.496634 	-0.000483173 	-0.00104203 	0.000239935
0.498153 	-0.000448382 	-0.00104558 	0.000241054
0.499672 	-0.000413591 	-0.00104913 	0.000242172
0.501191 	-0.0003788 	-0.00105268 	0.000243291
0.502709 	-0.000344009 	-0.00105622 	0.000244409
0.504228 	-0.000309218 	-0.00105977 	0.000245528
0.505747 	-0.000274427 	-0.00106332 	0.000246646
0.507266 	-0.000239635 	-0.00106687 	0.000247765
0.508784 	-0.000204844 	-0.00107042 	0.000248883
0.510303 	-0.000170053 	-0.00107397 	0.000250001
0.511822 	-0.000133595 	-0.00107712 	0.000250696
0.513341 	-9.81027e-05 	-0.00108041 	0.000251366
0.514859 	-6.41975e-05 	-0.00108399 	0.000252097
0.516378 	-2.86983e-05 	-0.00108742 	0.000252718
0.517897 	6.86184e-06 	-0.00109085 	0.000253334
0.519416 	4.24219e-05 	-0.00109428 	0.00025395
0.520934 	7.79821e-05 	-0.0010977 	0.000254566
0.522453 	0.000113542 	-0.00110113 	0.000255182
0.523972 	0.000149102 	-0.00110456 	0.000255799
0.525491 	0.000184662 	-0.00110798 	0.000256415
0.52701 	0.000220222 	-0.00111141 	0.000257031
0.528528 	0.000255783 	-0.00111484 	0.000257647
0.530047 	0.000291343 	-0.00111826 	0.000258264
0.531566 	0.000326903 	-0.00112169 	0.00025888
0.533085 	0.000362463 	-0.00112511 	0.000259496
0.534603 	0.000399081 	-0.00112841 	0.000260017
0.536122 	0.000436672 	-0.00113159 	0.000260452
0.537641 	0.000471658 	-0.00113502 	0.000260702
0.53916 	0.000507097 	-0.00113844 	0.000260858
0.540678 	0.000543699 	-0.00114183 	0.000260837
0.542197 	0.000580301 	-0.00114522 	0.000260817
0.543716 	0.000616903 	-0.00114862 	0.000260796
0.545235 	0.000653504 	-0.00115201 	0.000260776
0.546753 	0.000690106 	-0.0011554 	0.000260755
0.548272 	0.000726708 	-0.00115879 	0.000260735
0.549791 	0.000763309 	-0.00116218 	0.000260714
0.55131 	0.000799911 	-0.00116558 	0.000260694
0.552828 	0.000836513 	-0.00116897 	0.000260673
0.554347 	0.000873114 	-0.00117236 	0.000260652
0.555866 	0.000909716 	-0.00117575 	0.000260632
0.557385 	0.000946318 	-0.00117915 	0.000260611
0.558903 	0.000984404 	-0.00118248 	0.000260518
0.560422 	0.00102302 	-0.00118579 	0.000260399
0.561941 	0.00105924 	-0.00118927 	0.000260389
0.56346 	0.00109581 	-0.00119274 	0.000260274
0.564978 	0.00113361 	-0.00119613 	0.000259788
0.566497 	0.00117141 	-0.00119952 	0.000259301
0.568016 	0.00120921 	-0.00120292 	0.000258815
0.569535 	0.00124701 	-0.00120631 	0.000258328
0.571054 	0.00128481 	-0.0012097 	0.000257842
0.572572 	0.00132261 	-0.0012131 	0.000257355
0.574091 	0.0013604 	-0.00121649 	0.000256868
0.57561 	0.0013982 	-0.00121989 	0.000256382
0.577129 	0.001436 	-0.00122328 	0.000255895
0.578647 	0.0014738 	-0.00122667 	0.000255409
0.580166 	0.0015116 	-0.00123007 	0.000254922
0.581685 	0.0015494 	-0.00123346 	0.000254436
0.583204 	0.00158814 	-0.00123678 	0.000253907
0.584722 	0.00162792 	-0.00124002 	0.000253333
0.586241 	0.00166627 	-0.00124328 	0.000252915
0.58776 	0.00170366 	-0.00124657 	0.000252603
0.589279 	0.00174216 	-0.00124991 	0.000252138
0.590797 	0.00178129 	-0.00125327 	0.000251586
0.592316 	0.00182042 	-0.00125664 	0.000251034
0.593835 	0.00185954 	-0.00126001 	0.000250482
0.595354 	0.00189867 	-0.00126338 	0.00024993
0.596872 	0.0019378 	-0.00126675 	0.000249378
0.598391 	0.00197693 	-0.00127012 	0.000248825
0.59991 	0.00201605 	-0.00127349 	0.000248273
0.601429 	0.00205518 	-0.00127685 	0.000247721
0.602947 	0.00209431 	-0.00128022 	0.000247169
0.604466 	0.00213343 	-0.00128359 	0.000246617
0.605985 	0.00217256 	-0.00128696 	0.000246065
0.607504 	0.00221169 	-0.00129033 	0.000245513
0.609023 	0.00225242 	-0.00129368 	0.000245065
0.610541 	0.00229365 	-0.00129703 	0.00024465
0.61206 	0.00233297 	-0.00130015 	0.000244234
0.613579 	0.00237154 	-0.00130318 	0.000243819
0.615098 	0.00241126 	-0.00130644 	0.000243377
0.616616 	0.00245183 	-0.00130988 	0.000242916
0.618135 	0.00249239 	-0.00131332 	0.000242454
0.619654 	0.00253295 	-0.00131675 	0.000241993
0.621173 	0.00257351 	-0.00132019 	0.000241531
0.622691 	0.00261408 	-0.00132363 	0.00024107
0.62421 	0.00265464 	-0.00132707 	0.000240608
0.625729 	0.0026952 	-0.0013305 	0.000240147
0.627248 	0.00273577 	-0.00133394 	0.000239685
0.628766 	0.00277633 	-0.00133738 	0.000239224
0.630285 	0.00281689 	-0.00134082 	0.000238762
0.631804 	0.00285745 	-0.00134425 	0.000238301
0.633323 	0.00289802 	-0.00134769 	0.000237839
0.634841 	0.00293993 	-0.00135129 	0.00023735
0.63636 	0.00298278 	-0.00135501 	0.000236842
0.637879 	0.00302466 	-0.00135848 	0.000236425
0.639398 	0.00306491 	-0.00136154 	0.000236163
0.640916 	0.00310527 	-0.00136463 	0.0002359
0.642435 	0.00314754 	-0.00136809 	0.000235625
0.643954 	0.00318981 	-0.00137156 	0.000235351
0.645473 	0.00323207 	-0.00137503 	0.000235076
0.646991 	0.00327434 	-0.0013785 	0.000234801
0.64851 	0.00331661 	-0.00138196 	0.000234526
0.650029 	0.00335888 	-0.00138543 	0.000234251
0.651548 	0.00340115 	-0.0013889 	0.000233977
0.653067 	0.00344342 	-0.00139237 	0.000233702
0.654585 	0.00348569 	-0.00139584 	0.000233427
0.656104 	0.00352796 	-0.0013993 	0.000233152
0.657623 	0.00357023 	-0.00140277 	0.000232878
0.659142 	0.0036125 	-0.00140624 	0.000232603
0.66066 	0.00365476 	-0.00140971 	0.000232328
0.662179 	0.00369929 	-0.00141344 	0.000231565
0.663698 	0.0037439 	-0.00141719 	0.000230784
0.665217 	0.00378731 	-0.00142056 	0.000230487
0.666735 	0.00382977 	-0.00142363 	0.000230569
0.668254 	0.00387232 	-0.00142672 	0.000230634
0.669773 	0.00391624 	-0.00143006 	0.000230409
0.671292 	0.00396015 	-0.0014334 	0.000230183
0.67281 	0.00400407 	-0.00143674 	0.000229958
0.674329 	0.00404798 	-0.00144008 	0.000229732
0.675848 	0.0040919 	-0.00144342 	0.000229507
0.677367 	0.00413581 	-0.00144676 	0.000229281
0.678885 	0.00417973 	-0.00145011 	0.000229056
0.680404 	0.00422364 	-0.00145345 	0.00022883
0.681923 	0.00426756 	-0.00145679 	0.000228605
0.683442 	0.00431147 	-0.00146013 	0.000228379
0.68496 	0.00435539 	-0.00146347 	0.000228154
0.686479 	0.00439931 	-0.00146681 	0.000227928
0.687998 	0.00444322 	-0.00147016 	0.000227702
0.689517 	0.00448883 	-0.00147377 	0.000226493
0.691036 	0.00453466 	-0.00147743 	0.000225148
0.692554 	0.00457999 	-0.00148098 	0.000224257
0.694073 	0.00462406 	-0.00148427 	0.000224479
0.695592 	0.00466813 	-0.00148755 	0.000224701
0.697111 	0.00471288 	-0.00149076 	0.000224411
0.698629 	0.00475809 	-0.00149391 	0.000223775
0.700148 	0.0048033 	-0.00149705 	0.00022314
0.701667 	0.00484851 	-0.0015002 	0.000222505
0.703186 	0.00489371 	-0.00150335 	0.00022187
0.704704 	0.00493892 	-0.0015065 	0.000221235
0.706223 	0.00498413 	-0.00150964 	0.0002206
0.707742 	0.00502934 	-0.00151279 	0.000219965
0.709261 	0.00507454 	-0.00151594 	0.00021933
0.710779 	0.00511975 	-0.00151908 	0.000218694
0.712298 	0.00516496 	-0.00152223 	0.000218059
0.713817 	0.00521017 	-0.00152538 	0.000217424
0.715336 	0.00525537 	-0.00152853 	0.000216789
0.716854 	0.00530123 	-0.00153171 	0.000215642
0.718373 	0.00534833 	-0.00153498 	0.000213517
0.719892 	0.00539543 	-0.00153824 	0.000211391
0.721411 	0.00544163 	-0.00154146 	0.000210384
0.722929 	0.00548712 	-0.00154464 	0.000210244
0.724448 	0.00553261 	-0.00154783 	0.000210105
0.725967 	0.00557868 	-0.00155086 	0.000209289
0.727486 	0.00562504 	-0.00155383 	0.00020815
0.729005 	0.00567139 	-0.0015568 	0.000207011
0.730523 	0.00571775 	-0.00155977 	0.000205873
0.732042 	0.00576411 	-0.00156274 	0.000204734
0.733561 	0.00581046 	-0.0015657 	0.000203595
0.73508 	0.00585682 	-0.00156867 	0.000202456
0.736598 	0.00590317 	-0.00157164 	0.000201318
0.738117 	0.00594953 	-0.00157461 	0.000200179
0.739636 	0.00599588 	-0.00157758 	0.00019904
0.741155 	0.00604224 	-0.00158054 	0.000197901
0.742673 	0.00608859 	-0.00158351 	0.000196763
0.744192 	0.00613495 	-0.00158648 	0.000195624
0.745711 	0.00618191 	-0.00158947 	0.000194032
0.74723 	0.00622994 	-0.00159252 	0.000191635
0.748748 	0.00627798 	-0.00159556 	0.000189238
0.750267 	0.00632533 	-0.00159851 	0.000187713
0.751786 	0.00637158 	-0.00160131 	0.000187572
0.753305 	0.00641782 	-0.00160412 	0.00018743
0.754823 	0.00646438 	-0.00160693 	0.000186841
0.756342 	0.00651166 	-0.00160978 	0.000185233
0.757861 	0.00655893 	-0.00161262 	0.000183624
0.75938 	0.0066062 	-0.00161547 	0.000182016
0.760898 	0.00665347 	-0.00161832 	0.000180407
0.762417 	0.00670075 	-0.00162116 	0.000178799
0.763936 	0.00674802 	-0.00162401 	0.00017719
0.765455 	0.00679529 	-0.00162685 	0.000175582
0.766973 	0.00684256 	-0.0016297 	0.000173974
0.768492 	0.00688984 	-0.00163255 	0.000172365
0.770011 	0.00693711 	-0.00163539 	0.000170757
0.77153 	0.00698438 	-0.00163824 	0.000169148
0.773049 	0.00703165 	-0.00164108 	0.00016754
0.774567 	0.00707893 	-0.00164393 	0.000165931
0.776086 	0.00712765 	-0.001647 	0.000162844
0.777605 	0.00717646 	-0.00165009 	0.000159657
0.779124 	0.00722528 	-0.00165318 	0.00015647
0.780642 	0.00727265 	-0.00165589 	0.000154664
0.782161 	0.0073196 	-0.00165848 	0.000153275
0.78368 	0.00736654 	-0.00166108 	0.000151885
0.785199 	0.007414 	-0.00166377 	0.000150138
0.786717 	0.00746201 	-0.00166657 	0.000148018
0.788236 	0.00751002 	-0.00166937 	0.000145898
0.789755 	0.00755803 	-0.00167217 	0.000143778
0.791274 	0.00760604 	-0.00167497 	0.000141658
0.792792 	0.00765405 	-0.00167777 	0.000139537
0.794311 	0.00770206 	-0.00168056 	0.000137417
0.79583 	0.00775007 	-0.00168336 	0.000135297
0.797349 	0.00779808 	-0.00168616 	0.000133177
0.798867 	0.00784609 	-0.00168896 	0.000131057
0.800386 	0.0078941 	-0.00169176 	0.000128936
0.801905 	0.00794211 	-0.00169456 	0.000126816
0.803424 	0.00799012 	-0.00169736 	0.000124696
0.804942 	0.00803825 	-0.00170018 	0.000122517
0.806461 	0.00808773 	-0.00170327 	0.000119682
0.80798 	0.00813721 	-0.00170636 	0.000116846
0.809499 	0.00818669 	-0.00170945 	0.000114011
0.811018 	0.00823478 	-0.00171216 	0.000111244
0.812536 	0.00828232 	-0.00171473 	0.000108503
0.814055 	0.00832986 	-0.00171729 	0.000105763
0.815574 	0.00837774 	-0.00171991 	0.000103146
0.817093 	0.00842671 	-0.00172269 	0.000100925
0.818611 	0.00847569 	-0.00172546 	9.87051e-05
0.82013 	0.00852466 	-0.00172824 	9.64847e-05
0.821649 	0.00857364 	-0.00173101 	9.42644e-05
0.823168 	0.00862262 	-0.00173379 	9.2044e-05
0.824686 	0.00867159 	-0.00173657 	8.98237e-05
0.826205 	0.00872057 	-0.00173934 	8.76033e-05
0.827724 	0.00876954 	-0.00174212 	8.5383e-05
0.829243 	0.00881852 	-0.00174489 	8.31626e-05
0.830761 	0.00886749 	-0.00174767 	8.09423e-05
0.83228 	0.00891647 	-0.00175044 	7.8722e-05
0.833799 	0.00896545 	-0.00175322 	7.65016e-05
0.835318 	0.00901442 	-0.00175599 	7.42813e-05
0.836836 	0.00906493 	-0.0017589 	7.27266e-05
0.838355 	0.00911583 	-0.00176183 	7.13365e-05
0.839874 	0.00916672 	-0.00176476 	6.99465e-05
0.841393 	0.009217 	-0.0017676 	6.8227e-05
0.842911 	0.00926533 	-0.00177013 	6.54668e-05
0.84443 	0.00931367 	-0.00177266 	6.27066e-05
0.845949 	0.009362 	-0.00177518 	5.99464e-05
0.847468 	0.00941133 	-0.0017778 	5.76993e-05
0.848986 	0.00946143 	-0.00178047 	5.58505e-05
0.850505 	0.00951154 	-0.00178315 	5.40017e-05
0.852024 	0.00956164 	-0.00178583 	5.21529e-05
0.853543 	0.00961174 	-0.00178851 	5.03041e-05
0.855062 	0.00966184 	-0.00179119 	4.84553e-05
0.85658 	0.00971194 	-0.00179387 	4.66064e-05
0.858099 	0.00976204 	-0.00179654 	4.47576e-05
0.859618 	0.00981215 	-0.00179922 	4.29088e-05
0.861137 	0.00986225 	-0.0018019 	4.106e-05
0.862655 	0.00991235 	-0.00180458 	3.92112e-05
0.864174 	0.00996245 	-0.00180726 	3.73624e-05
0.865693 	0.0100126 	-0.00180994 	3.55136e-05
0.867212 	0.0100629 	-0.00181262 	3.38228e-05
0.86873 	0.0101154 	-0.00181531 	3.34336e-05
0.870249 	0.0101679 	-0.00181801 	3.30444e-05
0.871768 	0.0102204 	-0.0018207 	3.26552e-05
0.873287 	0.0102719 	-0.00182339 	3.16701e-05
0.874805 	0.0103216 	-0.00182605 	2.95864e-05
0.876324 	0.0103713 	-0.00182871 	2.75028e-05
0.877843 	0.0104209 	-0.00183137 	2.54191e-05
0.879362 	0.0104711 	-0.00183392 	2.3747e-05
0.88088 	0.0105218 	-0.00183638 	2.25238e-05
0.882399 	0.0105726 	-0.00183883 	2.13005e-05
0.883918 	0.0106233 	-0.00184128 	2.00772e-05
0.885437 	0.010674 	-0.00184373 	1.88539e-05
0.886955 	0.0107248 	-0.00184618 	1.76307e-05
0.888474 	0.0107755 	-0.00184863 	1.64074e-05
0.889993 	0.0108262 	-0.00185108 	1.51841e-05
0.891512 	0.0108769 	-0.00185353 	1.39609e-05
0.893031 	0.0109277 	-0.00185598 	1.27376e-05
0.894549 	0.0109784 	-0.00185843 	1.15143e-05
0.896068 	0.0110291 	-0.00186088 	1.0291e-05
0.897587 	0.0110798 	-0.00186333 	9.06776e-06
0.899106 	0.0111306 	-0.00186578 	7.86112e-06
0.900624 	0.0111833 	-0.00186788 	7.98998e-06
0.902143 	0.0112361 	-0.00186998 	8.11884e-06
0.903662 	0.0112888 	-0.00187209 	8.24771e-06
0.905181 	0.0113414 	-0.00187422 	8.30628e-06
0.906699 	0.0113914 	-0.00187689 	7.31811e-06
0.908218 	0.0114415 	-0.00187955 	6.32995e-06
0.909737 	0.0114915 	-0.00188221 	5.34179e-06
0.911256 	0.0115415 	-0.00188487 	4.35362e-06
0.912774 	0.0115924 	-0.00188688 	3.67063e-06
0.914293 	0.0116433 	-0.00188889 	2.98852e-06
0.915812 	0.0116942 	-0.0018909 	2.30641e-06
0.917331 	0.0117451 	-0.00189291 	1.62431e-06
0.918849 	0.0117961 	-0.00189492 	9.42201e-07
0.920368 	0.011847 	-0.00189693 	2.60095e-07
0.921887 	0.0118979 	-0.00189894 	-4.22011e-07
0.923406 	0.0119488 	-0.00190095 	-1.10412e-06
0.924924 	0.0119997 	-0.00190297 	-1.78622e-06
0.926443 	0.0120506 	-0.00190498 	-2.46833e-06
0.927962 	0.0121015 	-0.00190699 	-3.15044e-06
0.929481 	0.0121524 	-0.001909 	-3.83254e-06
0.930999 	0.0122034 	-0.00191101 	-4.51465e-06
0.932518 	0.0122554 	-0.00191264 	-4.95297e-06
0.934037 	0.0123085 	-0.00191392 	-5.17204e-06
0.935556 	0.0123616 	-0.00191521 	-5.3911e-06
0.937075 	0.0124146 	-0.0019165 	-5.61017e-06
0.938593 	0.0124667 	-0.00191815 	-5.91934e-06
0.940112 	0.0125172 	-0.00192036 	-6.37054e-06
0.941631 	0.0125677 	-0.00192257 	-6.82173e-06
0.94315 	0.0126182 	-0.00192478 	-7.27292e-06
0.944668 	0.0126687 	-0.00192689 	-7.7611e-06
0.946187 	0.0127196 	-0.00192833 	-8.48711e-06
0.947706 	0.0127705 	-0.00192977 	-9.21311e-06
0.949225 	0.0128214 	-0.00193122 	-9.93912e-06
0.950743 	0.0128722 	-0.00193266 	-1.06651e-05
0.952262 	0.0129231 	-0.0019341 	-1.13911e-05
0.953781 	0.012974 	-0.00193555 	-1.21171e-05
0.9553 	0.0130249 	-0.00193699 	-1.28432e-05
0.956818 	0.0130757 	-0.00193843 	-1.35692e-05
0.958337 	0.0131266 	-0.00193988 	-1.42952e-05
0.959856 	0.0131775 	-0.00194132 	-1.50212e-05
0.961375 	0.0132284 	-0.00194276 	-1.57472e-05
0.962893 	0.0132792 	-0.00194421 	-1.64732e-05
0.964412 	0.0133301 	-0.00194565 	-1.71992e-05
0.965931 	0.0133822 	-0.00194658 	-1.8229e-05
0.96745 	0.0134348 	-0.00194725 	-1.94119e-05
0.968968 	0.0134875 	-0.00194792 	-2.05949e-05
0.970487 	0.0135401 	-0.00194858 	-2.17778e-05
0.972006 	0.013592 	-0.0019496 	-2.28819e-05
0.973525 	0.0136426 	-0.00195127 	-2.38349e-05
0.975044 	0.0136931 	-0.00195294 	-2.47878e-05
0.976562 	0.0137436 	-0.00195461 	-2.57407e-05
0.978081 	0.0137941 	-0.00195628 	-2.66937e-05
0.9796 	0.0138448 	-0.00195724 	-2.761e-05
0.981119 	0.0138955 	-0.00195813 	-2.85226e-05
0.982637 	0.0139463 	-0.00195902 	-2.94352e-05
0.984156 	0.013997 	-0.0019599 	-3.03477e-05
0.985675 	0.0140478 	-0.00196079 	-3.12603e-05
0.987194 	0.0140985 	-0.00196168 	-3.21729e-05
0.988712 	0.0141492 	-0.00196257 	-3.30855e-05
0.990231 	0.0142 	-0.00196346 	-3.39981e-05
0.99175 	0.0142507 	-0.00196434 	-3.49107e-05
0.993269 	0.0143015 	-0.00196523 	-3.58233e-05
0.994787 	0.0143522 	-0.00196612 	-3.67359e-05
0.996306 	0.014403 	-0.00196701 	-3.76484e-05
0.997825 	0.0144537 	-0.00196789 	-3.8561e-05
0.999344 	0.0145051 	-0.00196844 	-3.95126e-05
1.00086 	0.0145574 	-0.00196855 	-4.05133e-05
1.00238 	0.0146096 	-0.00196866 	-4.1514e-05
1.0039 	0.0146619 	-0.00196877 	-4.25146e-05
1.00542 	0.0147141 	-0.00196888 	-4.35153e-05
1.00694 	0.0147648 	-0.00196979 	-4.43284e-05
1.00846 	0.0148153 	-0.00197076 	-4.51301e-05
1.00997 	0.0148659 	-0.00197172 	-4.59317e-05
1.01149 	0.0149165 	-0.00197268 	-4.67334e-05
1.01301 	0.0149671 	-0.00197345 	-4.75436e-05
1.01453 	0.0150178 	-0.00197383 	-4.83708e-05
1.01605 	0.0150685 	-0.00197422 	-4.91979e-05
1.01757 	0.0151193 	-0.0019746 	-5.00251e-05
1.01909 	0.01517 	-0.00197498 	-5.08523e-05
1.02061 	0.0152207 	-0.00197537 	-5.16795e-05
1.02213 	0.0152714 	-0.00197575 	-5.25067e-05
1.02364 	0.0153222 	-0.00197613 	-5.33339e-05
1.02516 	0.0153729 	-0.00197652 	-5.4161e-05
1.02668 	0.0154236 	-0.0019769 	-5.49882e-05
1.0282 	0.0154743 	-0.00197729 	-5.58154e-05
1.02972 	0.0155251 	-0.00197767 	-5.66426e-05
1.03124 	0.0155758 	-0.00197805 	-5.74698e-05
1.03276 	0.0156265 	-0.00197844 	-5.8297e-05
1.03428 	0.0156783 	-0.00197834 	-5.91e-05
1.03579 	0.0157303 	-0.00197817 	-5.98996e-05
1.03731 	0.0157823 	-0.00197801 	-6.06992e-05
1.03883 	0.0158342 	-0.00197784 	-6.14987e-05
1.04035 	0.0158859 	-0.00197781 	-6.22927e-05
1.04187 	0.0159363 	-0.00197831 	-6.30652e-05
1.04339 	0.0159867 	-0.0019788 	-6.38377e-05
1.04491 	0.0160371 	-0.00197929 	-6.46102e-05
1.04643 	0.0160874 	-0.00197979 	-6.53826e-05
1.04794 	0.0161379 	-0.00198004 	-6.60664e-05
1.04946 	0.0161884 	-0.00197996 	-6.66337e-05
1.05098 	0.0162389 	-0.00197989 	-6.7201e-05
1.0525 	0.0162894 	-0.00197982 	-6.77683e-05
1.05402 	0.01634 	-0.00197975 	-6.83356e-05
1.05554 	0.0163905 	-0.00197968 	-6.89029e-05
1.05706 	0.016441 	-0.00197961 	-6.94702e-05
1.05858 	0.0164915 	-0.00197953 	-7.00375e-05
1.06009 	0.016542 	-0.00197946 	-7.06048e-05
1.06161 	0.0165925 	-0.00197939 	-7.11721e-05
1.06313 	0.016643 	-0.00197932 	-7.17394e-05
1.06465 	0.0166936 	-0.00197925 	-7.23067e-05
1.06617 	0.0167441 	-0.00197918 	-7.28739e-05
1.06769 	0.0167946 	-0.0019791 	-7.34412e-05
1.06921 	0.016846 	-0.00197855 	-7.37816e-05
1.07073 	0.0168975 	-0.00197798 	-7.41175e-05
1.07224 	0.016949 	-0.00197741 	-7.44535e-05
1.07376 	0.0170005 	-0.00197684 	-7.47895e-05
1.07528 	0.0170517 	-0.00197637 	-7.51857e-05
1.0768 	0.0171016 	-0.00197642 	-7.59159e-05
1.07832 	0.0171515 	-0.00197647 	-7.66462e-05
1.07984 	0.0172013 	-0.00197653 	-7.73765e-05
1.08136 	0.0172512 	-0.00197658 	-7.81068e-05
1.08288 	0.017301 	-0.0019765 	-7.86822e-05
1.08439 	0.0173505 	-0.00197598 	-7.87204e-05
1.08591 	0.0174 	-0.00197546 	-7.87586e-05
1.08743 	0.0174495 	-0.00197495 	-7.87968e-05
1.08895 	0.017499 	-0.00197443 	-7.88349e-05
1.09047 	0.0175485 	-0.00197391 	-7.88731e-05
1.09199 	0.017598 	-0.00197339 	-7.89113e-05
1.09351 	0.0176474 	-0.00197287 	-7.89495e-05
1.09503 	0.0176969 	-0.00197235 	-7.89877e-05
1.09654 	0.0177464 	-0.00197183 	-7.90258e-05
1.09806 	0.0177959 	-0.00197131 	-7.9064e-05
1.09958 	0.0178454 	-0.00197079 	-7.91022e-05
1.1011 	0.0178949 	-0.00197027 	-7.91404e-05
1.10262 	0.0179444 	-0.00196975 	-7.91786e-05
1.10414 	0.017994 	-0.00196888 	-7.86129e-05
1.10566 	0.0180436 	-0.00196791 	-7.78761e-05
1.10718 	0.0180932 	-0.00196694 	-7.71393e-05
1.10869 	0.0181428 	-0.00196596 	-7.64024e-05
1.11021 	0.0181924 	-0.00196499 	-7.56656e-05
1.11173 	0.0182409 	-0.00196442 	-7.53209e-05
1.11325 	0.0182893 	-0.00196394 	-7.50736e-05
1.11477 	0.0183376 	-0.00196347 	-7.48263e-05
1.11629 	0.0183859 	-0.00196299 	-7.45791e-05
1.11781 	0.0184342 	-0.00196252 	-7.43318e-05
1.11933 	0.0184819 	-0.00196171 	-7.39514e-05
1.12084 	0.0185293 	-0.00196078 	-7.35217e-05
1.12236 	0.0185767 	-0.00195986 	-7.3092e-05
1.12388 	0.0186241 	-0.00195893 	-7.26622e-05
1.1254 	0.0186715 	-0.001958 	-7.22325e-05
1.12692 	0.0187189 	-0.00195708 	-7.18027e-05
1.12844 	0.0187663 	-0.00195615 	-7.1373e-05
1.12996 	0.0188138 	-0.00195522 	-7.09433e-05
1.13148 	0.0188612 	-0.00195429 	-7.05135e-05
1.13299 	0.0189086 	-0.00195337 	-7.00838e-05
1.13451 	0.018956 	-0.00195244 	-6.9654e-05
1.13603 	0.0190034 	-0.00195151 	-6.92243e-05
1.13755 	0.0190508 	-0.00195058 	-6.87946e-05
1.13907 	0.0190981 	-0.00194956 	-6.82778e-05
1.14059 	0.0191449 	-0.0019483 	-6.75464e-05
1.14211 	0.0191918 	-0.00194703 	-6.6815e-05
1.14363 	0.0192386 	-0.00194577 	-6.60836e-05
1.14514 	0.0192855 	-0.0019445 	-6.53522e-05
1.14666 	0.0193322 	-0.00194331 	-6.46509e-05
1.14818 	0.0193779 	-0.00194242 	-6.40934e-05
1.1497 	0.0194237 	-0.00194153 	-6.3536e-05
1.15122 	0.0194694 	-0.00194064 	-6.29786e-05
1.15274 	0.0195152 	-0.00193976 	-6.24212e-05
1.15426 	0.0195609 	-0.00193887 	-6.18637e-05
1.15578 	0.0196058 	-0.0019376 	-6.1331e-05
1.15729 	0.0196506 	-0.00193633 	-6.0799e-05
1.15881 	0.0196954 	-0.00193506 	-6.02671e-05
1.16033 	0.0197402 	-0.00193378 	-5.97351e-05
1.16185 	0.0197851 	-0.00193251 	-5.92031e-05
1.16337 	0.0198299 	-0.00193123 	-5.86711e-05
1.16489 	0.0198747 	-0.00192996 	-5.81392e-05
1.16641 	0.0199195 	-0.00192868 	-5.76072e-05
1.16793 	0.0199643 	-0.00192741 	-5.70752e-05
1.16944 	0.0200091 	-0.00192613 	-5.65432e-05
1.17096 	0.020054 	-0.00192486 	-5.60113e-05
1.17248 	0.0200988 	-0.00192358 	-5.54793e-05
1.174 	0.0201436 	-0.00192231 	-5.49473e-05
1.17552 	0.0201881 	-0.00192085 	-5.44305e-05
1.17704 	0.0202322 	-0.00191923 	-5.39272e-05
1.17856 	0.0202764 	-0.00191761 	-5.34239e-05
1.18008 	0.0203205 	-0.00191598 	-5.29205e-05
1.18159 	0.0203647 	-0.00191436 	-5.24172e-05
1.18311 	0.0204085 	-0.00191285 	-5.19179e-05
1.18463 	0.0204514 	-0.0019116 	-5.14287e-05
1.18615 	0.0204944 	-0.00191036 	-5.09394e-05
1.18767 	0.0205373 	-0.00190911 	-5.04502e-05
1.18919 	0.0205803 	-0.00190787 	-4.99609e-05
1.19071 	0.0206232 	-0.00190662 	-4.94717e-05
1.19223 	0.0206651 	-0.00190501 	-4.90296e-05
1.19374 	0.0207069 	-0.00190339 	-4.8589e-05
1.19526 	0.0207488 	-0.00190177 	-4.81483e-05
1.19678 	0.0207906 	-0.00190015 	-4.77077e-05
1.1983 	0.0208325 	-0.00189853 	-4.7267e-05
1.19982 	0.0208743 	-0.00189691 	-4.68263e-05
1.20134 	0.0209162 	-0.00189529 	-4.63857e-05
1.20286 	0.020958 	-0.00189367 	-4.5945e-05
1.20438 	0.0209999 	-0.00189205 	-4.55044e-05
1.20589 	0.0210417 	-0.00189042 	-4.50637e-05
1.20741 	0.0210836 	-0.0018888 	-4.4623e-05
1.20893 	0.0211254 	-0.00188718 	-4.41824e-05
1.21045 	0.0211673 	-0.00188556 	-4.37417e-05
1.21197 	0.0212086 	-0.00188374 	-4.33865e-05
1.21349 	0.0212494 	-0.00188173 	-4.3108e-05
1.21501 	0.0212902 	-0.00187972 	-4.28296e-05
1.21653 	0.021331 	-0.00187771 	-4.25511e-05
1.21805 	0.0213718 	-0.0018757 	-4.22727e-05
1.21956 	0.0214124 	-0.00187375 	-4.19869e-05
1.22108 	0.0214522 	-0.0018721 	-4.16672e-05
1.2226 	0.0214919 	-0.00187045 	-4.13474e-05
1.22412 	0.0215317 	-0.0018688 	-4.10276e-05
1.22564 	0.0215714 	-0.00186715 	-4.07079e-05
1.22716 	0.0216111 	-0.0018655 	-4.03881e-05
1.22868 	0.0216499 	-0.00186364 	-4.00485e-05
1.2302 	0.0216883 	-0.00186171 	-3.97026e-05
1.23171 	0.0217267 	-0.00185978 	-3.93566e-05
1.23323 	0.0217652 	-0.00185785 	-3.90107e-05
1.23475 	0.0218036 	-0.00185592 	-3.86647e-05
1.23627 	0.021842 	-0.00185399 	-3.83188e-05
1.23779 	0.0218805 	-0.00185205 	-3.79729e-05
1.23931 	0.0219189 	-0.00185012 	-3.76269e-05
1.24083 	0.0219573 	-0.00184819 	-3.7281e-05
1.24235 	0.0219957 	-0.00184626 	-3.6935e-05
1.24386 	0.0220342 	-0.00184433 	-3.65891e-05
1.24538 	0.0220726 	-0.0018424 	-3.62431e-05
1.2469 	0.022111 	-0.00184047 	-3.58972e-05
1.24842 	0.022149 	-0.00183845 	-3.55686e-05
1.24994 	0.0221859 	-0.00183623 	-3.52805e-05
1.25146 	0.0222228 	-0.00183401 	-3.49924e-05
1.25298 	0.0222596 	-0.00183179 	-3.47042e-05
1.2545 	0.0222965 	-0.00182958 	-3.44161e-05
1.25601 	0.0223334 	-0.00182736 	-3.4128e-05
1.25753 	0.0223697 	-0.00182543 	-3.38151e-05
1.25905 	0.0224058 	-0.00182356 	-3.34979e-05
1.26057 	0.0224419 	-0.00182169 	-3.31808e-05
1.26209 	0.0224781 	-0.00181982 	-3.28636e-05
1.26361 	0.0225142 	-0.00181795 	-3.25464e-05
1.26513 	0.0225499 	-0.00181597 	-3.2181e-05
1.26665 	0.0225846 	-0.00181382 	-3.17254e-05
1.26816 	0.0226194 	-0.00181166 	-3.12697e-05
1.26968 	0.0226542 	-0.00180951 	-3.08141e-05
1.2712 	0.0226889 	-0.00180735 	-3.03585e-05
1.27272 	0.0227237 	-0.00180519 	-2.99028e-05
1.27424 	0.0227585 	-0.00180304 	-2.94472e-05
1.27576 	0.0227933 	-0.00180088 	-2.89916e-05
1.27728 	0.022828 	-0.00179873 	-2.85359e-05
1.2788 	0.0228628 	-0.00179657 	-2.80803e-05
1.28031 	0.0228976 	-0.00179441 	-2.76246e-05
1.28183 	0.0229323 	-0.00179226 	-2.7169e-05
1.28335 	0.0229671 	-0.0017901 	-2.67134e-05
1.28487 	0.0230019 	-0.00178795 	-2.62577e-05
1.28639 	0.0230351 	-0.00178554 	-2.57501e-05
1.28791 	0.0230682 	-0.00178309 	-2.5235e-05
1.28943 	0.0231012 	-0.00178064 	-2.47199e-05
1.29095 	0.0231342 	-0.0017782 	-2.42048e-05
1.29246 	0.0231672 	-0.00177575 	-2.36897e-05
1.29398 	0.0232 	-0.00177344 	-2.31429e-05
1.2955 	0.0232324 	-0.00177137 	-2.25369e-05
1.29702 	0.0232647 	-0.00176931 	-2.19309e-05
1.29854 	0.023297 	-0.00176724 	-2.13249e-05
1.30006 	0.0233293 	-0.00176518 	-2.07188e-05
1.30158 	0.0233617 	-0.00176311 	-2.01128e-05
1.3031 	0.023393 	-0.00176085 	-1.96618e-05
1.30461 	0.023424 	-0.00175853 	-1.9256e-05
1.30613 	0.0234551 	-0.00175621 	-1.88502e-05
1.30765 	0.0234861 	-0.00175389 	-1.84445e-05
1.30917 	0.0235172 	-0.00175158 	-1.80387e-05
1.31069 	0.0235482 	-0.00174926 	-1.76329e-05
1.31221 	0.0235792 	-0.00174694 	-1.72272e-05
1.31373 	0.0236103 	-0.00174462 	-1.68214e-05
1.31525 	0.0236413 	-0.0017423 	-1.64157e-05
1.31676 	0.0236724 	-0.00173998 	-1.60099e-05
1.31828 	0.0237034 	-0.00173767 	-1.56041e-05
1.3198 	0.0237344 	-0.00173535 	-1.51984e-05
1.32132 	0.0237655 	-0.00173303 	-1.47926e-05
1.32284 	0.023796 	-0.00173064 	-1.4493e-05
1.32436 	0.0238252 	-0.00172807 	-1.44773e-05
1.32588 	0.0238544 	-0.0017255 	-1.44615e-05
1.3274 	0.0238837 	-0.00172293 	-1.44458e-05
1.32891 	0.0239129 	-0.00172036 	-1.443e-05
1.33043 	0.0239421 	-0.00171779 	-1.44143e-05
1.33195 	0.023971 	-0.00171544 	-1.43288e-05
1.33347 	0.0239997 	-0.0017132 	-1.42112e-05
1.33499 	0.0240284 	-0.00171096 	-1.40936e-05
1.33651 	0.0240571 	-0.00170872 	-1.39761e-05
1.33803 	0.0240858 	-0.00170648 	-1.38585e-05
1.33955 	0.0241145 	-0.00170423 	-1.3744e-05
1.34106 	0.0241419 	-0.00170182 	-1.36808e-05
1.34258 	0.0241694 	-0.0016994 	-1.36177e-05
1.3441 	0.0241969 	-0.00169699 	-1.35545e-05
1.34562 	0.0242243 	-0.00169458 	-1.34913e-05
1.34714 	0.0242518 	-0.00169217 	-1.34281e-05
1.34866 	0.0242793 	-0.00168976 	-1.33649e-05
1.35018 	0.0243067 	-0.00168734 	-1.33018e-05
1.3517 	0.0243342 	-0.00168493 	-1.32386e-05
1.35321 	0.0243617 	-0.00168252 	-1.31754e-05
1.35473 	0.0243892 	-0.00168011 	-1.31122e-05
1.35625 	0.0244166 	-0.0016777 	-1.3049e-05
1.35777 	0.0244441 	-0.00167528 	-1.29859e-05
1.35929 	0.0244716 	-0.00167287 	-1.29227e-05
1.36081 	0.024498 	-0.0016704 	-1.29443e-05
1.36233 	0.0245236 	-0.00166786 	-1.30438e-05
1.36385 	0.0245492 	-0.00166533 	-1.31433e-05
1.36536 	0.0245748 	-0.00166279 	-1.32429e-05
1.36688 	0.0246004 	-0.00166026 	-1.33424e-05
1.3684 	0.024626 	-0.00165772 	-1.34419e-05
1.36992 	0.0246514 	-0.00165537 	-1.35383e-05
1.37144 	0.0246767 	-0.00165303 	-1.36343e-05
1.37296 	0.0247021 	-0.0016507 	-1.37302e-05
1.37448 	0.0247275 	-0.00164837 	-1.38262e-05
1.376 	0.0247529 	-0.00164603 	-1.39222e-05
1.37751 	0.024778 	-0.00164368 	-1.40173e-05
1.37903 	0.0248024 	-0.00164127 	-1.41098e-05
1.38055 	0.0248267 	-0.00163886 	-1.42023e-05
1.38207 	0.0248511 	-0.00163645 	-1.42947e-05
1.38359 	0.0248755 	-0.00163404 	-1.43872e-05
1.38511 	0.0248998 	-0.00163163 	-1.44796e-05
1.38663 	0.0249242 	-0.00162921 	-1.45721e-05
1.38815 	0.0249486 	-0.0016268 	-1.46645e-05
1.38966 	0.0249729 	-0.00162439 	-1.4757e-05
1.39118 	0.0249973 	-0.00162198 	-1.48494e-05
1.3927 	0.0250216 	-0.00161957 	-1.49419e-05
1.39422 	0.025046 	-0.00161716 	-1.50343e-05
1.39574 	0.0250704 	-0.00161475 	-1.51268e-05
1.39726 	0.0250947 	-0.00161234 	-1.52192e-05
1.39878 	0.025118 	-0.00160994 	-1.52687e-05
1.4003 	0.0251406 	-0.00160754 	-1.52944e-05
1.40181 	0.0251632 	-0.00160515 	-1.53202e-05
1.40333 	0.0251858 	-0.00160276 	-1.53459e-05
1.40485 	0.0252084 	-0.00160037 	-1.53717e-05
1.40637 	0.025231 	-0.00159797 	-1.53975e-05
1.40789 	0.0252536 	-0.00159574 	-1.54774e-05
1.40941 	0.0252762 	-0.00159351 	-1.55583e-05
1.41093 	0.0252988 	-0.00159128 	-1.56391e-05
1.41245 	0.0253214 	-0.00158905 	-1.57199e-05
1.41396 	0.025344 	-0.00158682 	-1.58007e-05
1.41548 	0.0253662 	-0.00158456 	-1.59273e-05
1.417 	0.0253878 	-0.00158223 	-1.6157e-05
1.41852 	0.0254094 	-0.0015799 	-1.63867e-05
1.42004 	0.0254309 	-0.00157758 	-1.66164e-05
1.42156 	0.0254525 	-0.00157525 	-1.68461e-05
1.42308 	0.0254741 	-0.00157292 	-1.70758e-05
1.4246 	0.0254956 	-0.00157059 	-1.73055e-05
1.42612 	0.0255172 	-0.00156827 	-1.75351e-05
1.42763 	0.0255388 	-0.00156594 	-1.77648e-05
1.42915 	0.0255603 	-0.00156361 	-1.79945e-05
1.43067 	0.0255819 	-0.00156128 	-1.82242e-05
1.43219 	0.0256035 	-0.00155896 	-1.84539e-05
1.43371 	0.025625 	-0.00155663 	-1.86836e-05
1.43523 	0.0256466 	-0.0015543 	-1.89132e-05
1.43675 	0.025667 	-0.00155198 	-1.91858e-05
1.43827 	0.0256867 	-0.00154967 	-1.94792e-05
1.43978 	0.0257065 	-0.00154736 	-1.97727e-05
1.4413 	0.0257262 	-0.00154505 	-2.00661e-05
1.44282 	0.025746 	-0.00154273 	-2.03596e-05
1.44434 	0.0257658 	-0.00154042 	-2.06531e-05
1.44586 	0.0257856 	-0.00153832 	-2.10401e-05
1.44738 	0.0258054 	-0.00153622 	-2.1427e-05
1.4489 	0.0258251 	-0.00153411 	-2.1814e-05
1.45042 	0.0258449 	-0.00153201 	-2.2201e-05
1.45193 	0.0258647 	-0.00152991 	-2.25879e-05
1.45345 	0.0258842 	-0.00152777 	-2.29855e-05
1.45497 	0.0259031 	-0.00152554 	-2.34052e-05
1.45649 	0.0259219 	-0.00152332 	-2.38249e-05
1.45801 	0.0259407 	-0.0015211 	-2.42446e-05
1.45953 	0.0259596 	-0.00151888 	-2.46643e-05
1.46105 	0.0259784 	-0.00151665 	-2.5084e-05
1.46257 	0.0259973 	-0.00151443 	-2.55037e-05
1.46408 	0.0260161 	-0.00151221 	-2.59234e-05
1.4656 	0.0260349 	-0.00150999 	-2.63431e-05
1.46712 	0.0260538 	-0.00150776 	-2.67628e-05
1.46864 	0.0260726 	-0.00150554 	-2.71825e-05
1.47016 	0.0260915 	-0.00150332 	-2.76022e-05
1.47168 	0.0261103 	-0.0015011 	-2.80219e-05
1.4732 	0.0261291 	-0.00149887 	-2.84416e-05
1.47472 	0.0261469 	-0.00149664 	-2.88838e-05
1.47623 	0.0261641 	-0.0014944 	-2.93395e-05
1.47775 	0.0261813 	-0.00149216 	-2.97952e-05
1.47927 	0.0261985 	-0.00148993 	-3.02509e-05
1.48079 	0.0262156 	-0.00148769 	-3.07066e-05
1.48231 	0.0262328 	-0.00148545 	-3.11623e-05
1.48383 	0.02625 	-0.00148345 	-3.15934e-05
1.48535 	0.0262673 	-0.00148146 	-3.20236e-05
1.48687 	0.0262845 	-0.00147947 	-3.24538e-05
1.48838 	0.0263017 	-0.00147748 	-3.28839e-05
1.4899 	0.0263189 	-0.0014755 	-3.33141e-05
1.49142 	0.0263358 	-0.00147346 	-3.37575e-05
1.49294 	0.0263521 	-0.00147132 	-3.42303e-05
1.49446 	0.0263685 	-0.00146918 	-3.47032e-05
1.49598 	0.0263848 	-0.00146704 	-3.51761e-05
1.4975 	0.0264011 	-0.0014649 	-3.5649e-05
1.49902 	0.0264174 	-0.00146276 	-3.61219e-05
1.50053 	0.0264337 	-0.00146062 	-3.65948e-05
1.50205 	0.02645 	-0.00145848 	-3.70676e-05
1.50357 	0.0264663 	-0.00145634 	-3.75405e-05
1.50509 	0.0264826 	-0.0014542 	-3.80134e-05
1.50661 	0.0264989 	-0.00145206 	-3.84863e-05
1.50813 	0.0265152 	-0.00144992 	-3.89592e-05
1.50965 	0.0265315 	-0.00144778 	-3.94321e-05
1.51117 	0.0265478 	-0.00144564 	-3.99049e-05
1.51268 	0.0265633 	-0.00144348 	-4.0418e-05
1.5142 	0.0265781 	-0.00144129 	-4.09658e-05
1.51572 	0.0265929 	-0.0014391 	-4.15137e-05
1.51724 	0.0266077 	-0.00143691 	-4.20615e-05
1.51876 	0.0266224 	-0.00143472 	-4.26094e-05
1.52028 	0.0266372 	-0.00143253 	-4.31573e-05
1.5218 	0.0266521 	-0.00143057 	-4.36083e-05
1.52332 	0.026667 	-0.00142863 	-4.40485e-05
1.52483 	0.0266819 	-0.00142669 	-4.44887e-05
1.52635 	0.0266968 	-0.00142475 	-4.49288e-05
1.52787 	0.0267117 	-0.00142281 	-4.5369e-05
1.52939 	0.0267264 	-0.00142084 	-4.57889e-05
1.53091 	0.0267406 	-0.00141879 	-4.61567e-05
1.53243 	0.0267548 	-0.00141674 	-4.65244e-05
1.53395 	0.026769 	-0.00141469 	-4.68922e-05
1.53547 	0.0267832 	-0.00141265 	-4.72599e-05
1.53698 	0.0267974 	-0.0014106 	-4.76277e-05
1.5385 	0.0268115 	-0.00140855 	-4.79955e-05
1.54002 	0.0268257 	-0.0014065 	-4.83632e-05
1.54154 	0.0268399 	-0.00140445 	-4.8731e-05
1.54306 	0.0268541 	-0.0014024 	-4.90988e-05
1.54458 	0.0268683 	-0.00140035 	-4.94665e-05
1.5461 	0.0268825 	-0.0013983 	-4.98343e-05
1.54762 	0.0268967 	-0.00139626 	-5.02021e-05
1.54913 	0.0269108 	-0.00139421 	-5.05698e-05
1.55065 	0.0269245 	-0.00139216 	-5.09203e-05
1.55217 	0.0269373 	-0.00139012 	-5.12478e-05
1.55369 	0.0269502 	-0.00138809 	-5.15753e-05
1.55521 	0.026963 	-0.00138605 	-5.19027e-05
1.55673 	0.0269758 	-0.00138401 	-5.22302e-05
1.55825 	0.0269887 	-0.00138197 	-5.25577e-05
1.55977 	0.0270017 	-0.00138011 	-5.28255e-05
1.56128 	0.0270148 	-0.00137828 	-5.30816e-05
1.5628 	0.0270279 	-0.00137645 	-5.33376e-05
1.56432 	0.0270409 	-0.00137463 	-5.35937e-05
1.56584 	0.027054 	-0.0013728 	-5.38497e-05
1.56736 	0.0270669 	-0.00137095 	-5.41083e-05
1.56888 	0.0270795 	-0.00136904 	-5.43738e-05
1.5704 	0.0270921 	-0.00136712 	-5.46392e-05
1.57192 	0.0271047 	-0.00136521 	-5.49047e-05
1.57343 	0.0271172 	-0.0013633 	-5.51702e-05
1.57495 	0.0271298 	-0.00136139 	-5.54357e-05
1.57647 	0.0271424 	-0.00135948 	-5.57012e-05
1.57799 	0.027155 	-0.00135756 	-5.59666e-05
1.57951 	0.0271675 	-0.00135565 	-5.62321e-05
1.58103 	0.0271801 	-0.00135374 	-5.64976e-05
1.58255 	0.0271927 	-0.00135183 	-5.67631e-05
1.58407 	0.0272053 	-0.00134992 	-5.70286e-05
1.58558 	0.0272178 	-0.001348 	-5.72941e-05
1.5871 	0.0272304 	-0.00134609 	-5.75595e-05
1.58862 	0.0272426 	-0.0013442 	-5.78344e-05
1.59014 	0.0272541 	-0.00134234 	-5.81282e-05
1.59166 	0.0272656 	-0.00134048 	-5.84221e-05
1.59318 	0.0272771 	-0.00133862 	-5.8716e-05
1.5947 	0.0272886 	-0.00133676 	-5.90098e-05
1.59622 	0.0273001 	-0.0013349 	-5.93037e-05
1.59773 	0.0273118 	-0.00133319 	-5.95773e-05
1.59925 	0.0273235 	-0.00133151 	-5.98457e-05
1.60077 	0.0273353 	-0.00132984 	-6.0114e-05
1.60229 	0.027347 	-0.00132816 	-6.03824e-05
1.60381 	0.0273588 	-0.00132649 	-6.06508e-05
1.60533 	0.0273704 	-0.00132478 	-6.09372e-05
1.60685 	0.0273816 	-0.00132301 	-6.1265e-05
1.60837 	0.0273929 	-0.00132123 	-6.15929e-05
1.60988 	0.0274041 	-0.00131946 	-6.19207e-05
1.6114 	0.0274154 	-0.00131768 	-6.22486e-05
1.61292 	0.0274266 	-0.00131591 	-6.25764e-05
1.61444 	0.0274379 	-0.00131413 	-6.29043e-05
1.61596 	0.0274491 	-0.00131236 	-6.32321e-05
1.61748 	0.0274603 	-0.00131059 	-6.356e-05
1.619 	0.0274716 	-0.00130881 	-6.38878e-05
1.62052 	0.0274828 	-0.00130704 	-6.42157e-05
1.62204 	0.0274941 	-0.00130526 	-6.45435e-05
1.62355 	0.0275053 	-0.00130349 	-6.48714e-05
1.62507 	0.0275166 	-0.00130171 	-6.51992e-05
1.62659 	0.0275276 	-0.00129995 	-6.55313e-05
1.62811 	0.0275378 	-0.0012982 	-6.58751e-05
1.62963 	0.0275481 	-0.00129646 	-6.62189e-05
1.63115 	0.0275584 	-0.00129472 	-6.65627e-05
1.63267 	0.0275686 	-0.00129298 	-6.69065e-05
1.63419 	0.0275789 	-0.00129123 	-6.72502e-05
1.6357 	0.0275893 	-0.00128964 	-6.76319e-05
1.63722 	0.0275998 	-0.00128809 	-6.80225e-05
1.63874 	0.0276103 	-0.00128653 	-6.84131e-05
1.64026 	0.0276208 	-0.00128498 	-6.88037e-05
1.64178 	0.0276313 	-0.00128342 	-6.91942e-05
1.6433 	0.0276417 	-0.00128182 	-6.95592e-05
1.64482 	0.0276518 	-0.00128017 	-6.98864e-05
1.64634 	0.027662 	-0.00127851 	-7.02136e-05
1.64785 	0.0276721 	-0.00127685 	-7.05407e-05
1.64937 	0.0276823 	-0.00127519 	-7.08679e-05
1.65089 	0.0276924 	-0.00127354 	-7.11951e-05
1.65241 	0.0277026 	-0.00127188 	-7.15222e-05
1.65393 	0.0277127 	-0.00127022 	-7.18494e-05
1.65545 	0.0277228 	-0.00126856 	-7.21766e-05
1.65697 	0.027733 	-0.00126691 	-7.25037e-05
1.65849 	0.0277431 	-0.00126525 	-7.28309e-05
1.66 	0.0277533 	-0.00126359 	-7.31581e-05
1.66152 	0.0277634 	-0.00126193 	-7.34852e-05
1.66304 	0.0277736 	-0.00126028 	-7.38124e-05
1.66456 	0.0277835 	-0.00125862 	-7.41017e-05
1.66608 	0.0277929 	-0.00125698 	-7.4287e-05
1.6676 	0.0278024 	-0.00125533 	-7.44722e-05
1.66912 	0.0278118 	-0.00125369 	-7.46575e-05
1.67064 	0.0278212 	-0.00125204 	-7.48428e-05
1.67215 	0.0278306 	-0.0012504 	-7.50281e-05
1.67367 	0.0278402 	-0.00124894 	-7.53045e-05
1.67519 	0.0278498 	-0.00124749 	-7.55907e-05
1.67671 	0.0278594 	-0.00124605 	-7.58769e-05
1.67823 	0.027869 	-0.00124461 	-7.61631e-05
1.67975 	0.0278786 	-0.00124317 	-7.64493e-05
1.68127 	0.0278881 	-0.00124166 	-7.66151e-05
1.68279 	0.0278975 	-0.0012401 	-7.67002e-05
1.6843 	0.027907 	-0.00123855 	-7.67854e-05
1.68582 	0.0279164 	-0.00123699 	-7.68705e-05
1.68734 	0.0279258 	-0.00123543 	-7.69557e-05
1.68886 	0.0279353 	-0.00123388 	-7.70409e-05
1.69038 	0.0279447 	-0.00123232 	-7.7126e-05
1.6919 	0.0279541 	-0.00123077 	-7.72112e-05
1.69342 	0.0279636 	-0.00122921 	-7.72963e-05
1.69494 	0.027973 	-0.00122766 	-7.73815e-05
1.69645 	0.0279824 	-0.0012261 	-7.74666e-05
1.69797 	0.0279919 	-0.00122455 	-7.75518e-05
1.69949 	0.0280013 	-0.00122299 	-7.76369e-05
1.70101 	0.0280107 	-0.00122144 	-7.77221e-05
1.70253 	0.02802 	-0.00121988 	-7.77101e-05
1.70405 	0.028029 	-0.00121832 	-7.75232e-05
1.70557 	0.028038 	-0.00121676 	-7.73364e-05
1.70709 	0.028047 	-0.0012152 	-7.71496e-05
1.7086 	0.0280559 	-0.00121364 	-7.69627e-05
1.71012 	0.0280649 	-0.0012121 	-7.67831e-05
1.71164 	0.0280741 	-0.00121073 	-7.66671e-05
1.71316 	0.0280833 	-0.00120935 	-7.65511e-05
1.71468 	0.0280925 	-0.00120798 	-7.64351e-05
1.7162 	0.0281017 	-0.0012066 	-7.63191e-05
1.71772 	0.0281109 	-0.00120523 	-7.6203e-05
1.71924 	0.0281198 	-0.00120376 	-7.60437e-05
1.72075 	0.0281288 	-0.00120228 	-7.58803e-05
1.72227 	0.0281378 	-0.0012008 	-7.57168e-05
1.72379 	0.0281468 	-0.00119932 	-7.55534e-05
1.72531 	0.0281557 	-0.00119784 	-7.539e-05
1.72683 	0.0281647 	-0.00119636 	-7.52266e-05
1.72835 	0.0281737 	-0.00119488 	-7.50631e-05
1.72987 	0.0281826 	-0.0011934 	-7.48997e-05
1.73139 	0.0281916 	-0.00119192 	-7.47363e-05
1.7329 	0.0282006 	-0.00119044 	-7.45729e-05
1.73442 	0.0282095 	-0.00118896 	-7.44094e-05
1.73594 	0.0282185 	-0.00118748 	-7.4246e-05
1.73746 	0.0282275 	-0.001186 	-7.40826e-05
1.73898 	0.0282364 	-0.00118452 	-7.39191e-05
1.7405 	0.0282452 	-0.00118304 	-7.37242e-05
1.74202 	0.0282537 	-0.00118157 	-7.3505e-05
1.74354 	0.0282623 	-0.0011801 	-7.32857e-05
1.74505 	0.0282708 	-0.00117862 	-7.30665e-05
1.74657 	0.0282794 	-0.00117715 	-7.28472e-05
1.74809 	0.028288 	-0.00117574 	-7.26159e-05
1.74961 	0.0282968 	-0.00117441 	-7.23686e-05
1.75113 	0.0283056 	-0.00117308 	-7.21213e-05
1.75265 	0.0283144 	-0.00117174 	-7.1874e-05
1.75417 	0.0283232 	-0.00117041 	-7.16267e-05
1.75569 	0.0283319 	-0.00116905 	-7.1394e-05
1.7572 	0.0283405 	-0.00116761 	-7.11862e-05
1.75872 	0.028349 	-0.00116618 	-7.09784e-05
1.76024 	0.0283576 	-0.00116475 	-7.07705e-05
1.76176 	0.0283662 	-0.00116332 	-7.05627e-05
1.76328 	0.0283748 	-0.00116189 	-7.03548e-05
1.7648 	0.0283833 	-0.00116046 	-7.0147e-05
1.76632 	0.0283919 	-0.00115903 	-6.99392e-05
1.76784 	0.0284005 	-0.0011576 	-6.97313e-05
1.76935 	0.028409 	-0.00115617 	-6.95235e-05
1.77087 	0.0284176 	-0.00115474 	-6.93156e-05
1.77239 	0.0284262 	-0.00115331 	-6.91078e-05
1.77391 	0.0284347 	-0.00115188 	-6.89e-05
1.77543 	0.0284433 	-0.00115045 	-6.86921e-05
1.77695 	0.0284519 	-0.00114901 	-6.84843e-05
1.77847 	0.0284601 	-0.0011476 	-6.83651e-05
1.77999 	0.0284683 	-0.00114619 	-6.82543e-05
1.7815 	0.0284765 	-0.00114477 	-6.81436e-05
1.78302 	0.0284847 	-0.00114336 	-6.80329e-05
1.78454 	0.0284929 	-0.00114195 	-6.79221e-05
1.78606 	0.0285013 	-0.00114064 	-6.77766e-05
1.78758 	0.0285098 	-0.00113935 	-6.76279e-05
1.7891 	0.0285182 	-0.00113806 	-6.74792e-05
1.79062 	0.0285267 	-0.00113676 	-6.73304e-05
1.79214 	0.0285351 	-0.00113547 	-6.71817e-05
1.79365 	0.0285434 	-0.00113408 	-6.6879e-05
1.79517 	0.0285517 	-0.0011327 	-6.65758e-05
1.79669 	0.02856 	-0.00113131 	-6.62727e-05
1.79821 	0.0285683 	-0.00112992 	-6.59695e-05
1.79973 	0.0285766 	-0.00112853 	-6.56663e-05
1.80125 	0.0285849 	-0.00112715 	-6.53632e-05
1.80277 	0.0285932 	-0.00112576 	-6.506e-05
1.80429 	0.0286015 	-0.00112437 	-6.47569e-05
1.8058 	0.0286097 	-0.00112298 	-6.44537e-05
1.80732 	0.028618 	-0.0011216 	-6.41505e-05
1.80884 	0.0286263 	-0.00112021 	-6.38474e-05
1.81036 	0.0286346 	-0.00111882 	-6.35442e-05
1.81188 	0.0286429 	-0.00111743 	-6.32411e-05
1.8134 	0.0286512 	-0.00111605 	-6.29379e-05
1.81492 	0.0286594 	-0.00111467 	-6.25923e-05
1.81644 	0.0286674 	-0.0011133 	-6.21901e-05
1.81795 	0.0286754 	-0.00111193 	-6.1788e-05
1.81947 	0.0286835 	-0.00111057 	-6.13858e-05
1.82099 	0.0286915 	-0.0011092 	-6.09836e-05
1.82251 	0.0286996 	-0.00110791 	-6.05842e-05
1.82403 	0.0287078 	-0.00110668 	-6.01867e-05
1.82555 	0.0287161 	-0.00110544 	-5.97892e-05
1.82707 	0.0287243 	-0.00110421 	-5.93917e-05
1.82859 	0.0287325 	-0.00110297 	-5.89942e-05
1.83011 	0.0287407 	-0.00110165 	-5.85637e-05
1.83162 	0.028749 	-0.0011003 	-5.81257e-05
1.83314 	0.0287572 	-0.00109896 	-5.76876e-05
1.83466 	0.0287654 	-0.00109761 	-5.72495e-05
1.83618 	0.0287737 	-0.00109627 	-5.68114e-05
1.8377 	0.0287819 	-0.00109492 	-5.63733e-05
1.83922 	0.0287901 	-0.00109357 	-5.59352e-05
1.84074 	0.0287984 	-0.00109223 	-5.54972e-05
1.84226 	0.0288066 	-0.00109088 	-5.50591e-05
1.84377 	0.0288148 	-0.00108954 	-5.4621e-05
1.84529 	0.0288231 	-0.00108819 	-5.41829e-05
1.84681 	0.0288313 	-0.00108685 	-5.37448e-05
1.84833 	0.0288395 	-0.0010855 	-5.33068e-05
1.84985 	0.0288478 	-0.00108415 	-5.28687e-05
1.85137 	0.028856 	-0.0010828 	-5.24252e-05
1.85289 	0.0288642 	-0.00108144 	-5.19479e-05
1.85441 	0.0288724 	-0.00108007 	-5.14706e-05
1.85592 	0.0288806 	-0.0010787 	-5.09932e-05
1.85744 	0.0288888 	-0.00107733 	-5.05159e-05
1.85896 	0.0288971 	-0.00107603 	-5.00416e-05
1.86048 	0.0289055 	-0.00107481 	-4.95711e-05
1.862 	0.0289138 	-0.00107358 	-4.91005e-05
1.86352 	0.0289222 	-0.00107236 	-4.863e-05
1.86504 	0.0289305 	-0.00107113 	-4.81595e-05
1.86656 	0.0289387 	-0.00106982 	-4.77236e-05
1.86807 	0.028947 	-0.00106849 	-4.72943e-05
1.86959 	0.0289552 	-0.00106716 	-4.68649e-05
1.87111 	0.0289634 	-0.00106583 	-4.64356e-05
1.87263 	0.0289716 	-0.0010645 	-4.60063e-05
1.87415 	0.0289798 	-0.00106318 	-4.5577e-05
1.87567 	0.028988 	-0.00106185 	-4.51477e-05
1.87719 	0.0289962 	-0.00106052 	-4.47184e-05
1.87871 	0.0290044 	-0.00105919 	-4.4289e-05
1.88022 	0.0290126 	-0.00105786 	-4.38597e-05
1.88174 	0.0290208 	-0.00105653 	-4.34304e-05
1.88326 	0.029029 	-0.0010552 	-4.30011e-05
1.88478 	0.0290372 	-0.00105387 	-4.25718e-05
1.8863 	0.0290454 	-0.00105255 	-4.21425e-05
1.88782 	0.0290536 	-0.00105122 	-4.17141e-05
1.88934 	0.0290616 	-0.00104987 	-4.12998e-05
1.89086 	0.0290697 	-0.00104852 	-4.08855e-05
1.89237 	0.0290777 	-0.00104717 	-4.04712e-05
1.89389 	0.0290857 	-0.00104582 	-4.0057e-05
1.89541 	0.0290938 	-0.00104453 	-3.96418e-05
1.89693 	0.0291021 	-0.00104331 	-3.9226e-05
1.89845 	0.0291103 	-0.00104209 	-3.88101e-05
1.89997 	0.0291185 	-0.00104087 	-3.83942e-05
1.90149 	0.0291268 	-0.00103964 	-3.7982e-05
1.90301 	0.0291349 	-0.00103833 	-3.76023e-05
1.90452 	0.0291431 	-0.00103701 	-3.72225e-05
1.90604 	0.0291512 	-0.0010357 	-3.68427e-05
1.90756 	0.0291594 	-0.00103438 	-3.6463e-05
1.90908 	0.0291675 	-0.00103306 	-3.60832e-05
1.9106 	0.0291757 	-0.00103175 	-3.57035e-05
1.91212 	0.0291838 	-0.00103043 	-3.53237e-05
1.91364 	0.029192 	-0.00102911 	-3.49439e-05
1.91516 	0.0292001 	-0.0010278 	-3.45642e-05
1.91667 	0.0292083 	-0.00102648 	-3.41844e-05
1.91819 	0.0292164 	-0.00102517 	-3.38047e-05
1.91971 	0.0292246 	-0.00102385 	-3.34249e-05
1.92123 	0.0292328 	-0.00102253 	-3.30451e-05
1.92275 	0.0292409 	-0.00102122 	-3.26654e-05
1.92427 	0.029249 	-0.0010199 	-3.22872e-05
1.92579 	0.0292571 	-0.00101858 	-3.19143e-05
1.92731 	0.0292651 	-0.00101726 	-3.15414e-05
1.92882 	0.0292731 	-0.00101594 	-3.11685e-05
1.93034 	0.0292811 	-0.00101462 	-3.07957e-05
1.93186 	0.0292893 	-0.0010134 	-3.0439e-05
1.93338 	0.0292976 	-0.00101221 	-3.00848e-05
1.9349 	0.0293058 	-0.00101101 	-2.97305e-05
1.93642 	0.029314 	-0.00100981 	-2.93763e-05
1.93794 	0.0293222 	-0.00100856 	-2.89824e-05
1.93946 	0.0293304 	-0.00100727 	-2.85639e-05
1.94097 	0.0293386 	-0.00100599 	-2.81453e-05
1.94249 	0.0293468 	-0.0010047 	-2.77268e-05
1.94401 	0.029355 	-0.00100342 	-2.73082e-05
1.94553 	0.0293632 	-0.00100213 	-2.68897e-05
1.94705 	0.0293713 	-0.00100084 	-2.64711e-05
1.94857 	0.0293795 	-0.000999558 	-2.60525e-05
1.95009 	0.0293877 	-0.000998272 	-2.5634e-05
1.95161 	0.0293959 	-0.000996986 	-2.52154e-05
1.95312 	0.0294041 	-0.0009957 	-2.47969e-05
1.95464 	0.0294123 	-0.000994414 	-2.43783e-05
1.95616 	0.0294205 	-0.000993128 	-2.39597e-05
1.95768 	0.0294286 	-0.000991842 	-2.35412e-05
1.9592 	0.0294368 	-0.000990556 	-2.31226e-05
1.96072 	0.0294449 	-0.00098927 	-2.26186e-05
1.96224 	0.029453 	-0.000987983 	-2.20682e-05
1.96376 	0.0294611 	-0.000986697 	-2.15178e-05
1.96527 	0.0294691 	-0.00098541 	-2.09674e-05
1.96679 	0.0294773 	-0.000984178 	-2.04345e-05
1.96831 	0.0294856 	-0.000983005 	-1.99209e-05
1.96983 	0.0294939 	-0.000981832 	-1.94074e-05
1.97135 	0.0295022 	-0.000980659 	-1.88938e-05
1.97287 	0.0295104 	-0.000979452 	-1.83827e-05
1.97439 	0.0295185 	-0.000978193 	-1.78754e-05
1.97591 	0.0295267 	-0.000976935 	-1.7368e-05
1.97742 	0.0295348 	-0.000975676 	-1.68606e-05
1.97894 	0.0295429 	-0.000974418 	-1.63532e-05
1.98046 	0.0295511 	-0.000973159 	-1.58459e-05
1.98198 	0.0295592 	-0.000971901 	-1.53385e-05
1.9835 	0.0295673 	-0.000970642 	-1.48311e-05
1.98502 	0.0295755 	-0.000969384 	-1.43237e-05
1.98654 	0.0295836 	-0.000968126 	-1.38163e-05
1.98806 	0.0295917 	-0.000966867 	-1.3309e-05
1.98957 	0.0295999 	-0.000965609 	-1.28016e-05
1.99109 	0.029608 	-0.00096435 	-1.22942e-05
1.99261 	0.0296162 	-0.000963092 	-1.17868e-05
1.99413 	0.0296243 	-0.000961833 	-1.12794e-05
1.99565 	0.0296323 	-0.000960576 	-1.07611e-05
1.99717 	0.0296403 	-0.000959321 	-1.02227e-05
1.99869 	0.0296482 	-0.000958066 	-9.68429e-06
2.00021 	0.0296561 	-0.000956811 	-9.14589e-06
2.00172 	0.0296641 	-0.000955599 	-8.59849e-06
2.00324 	0.0296722 	-0.000954459 	-8.03572e-06
2.00476 	0.0296804 	-0.00095332 	-7.47295e-06
2.00628 	0.0296885 	-0.000952181 	-6.91018e-06
2.0078 	0.0296966 	-0.00095099 	-6.39071e-06
2.00932 	0.0297046 	-0.000949745 	-5.91718e-06
2.01084 	0.0297125 	-0.000948499 	-5.44365e-06
2.01236 	0.0297205 	-0.000947254 	-4.97011e-06
2.01387 	0.0297285 	-0.000946009 	-4.49658e-06
2.01539 	0.0297364 	-0.000944763 	-4.02304e-06
2.01691 	0.0297444 	-0.000943518 	-3.54951e-06
2.01843 	0.0297524 	-0.000942272 	-3.07598e-06
2.01995 	0.0297603 	-0.000941027 	-2.60244e-06
2.02147 	0.0297683 	-0.000939782 	-2.12891e-06
2.02299 	0.0297762 	-0.000938536 	-1.65538e-06
2.02451 	0.0297842 	-0.000937291 	-1.18184e-06
2.02603 	0.0297922 	-0.000936046 	-7.08311e-07
2.02754 	0.0298001 	-0.0009348 	-2.34777e-07
2.02906 	0.0298081 	-0.000933555 	2.38756e-07
2.03058 	0.029816 	-0.000932301 	6.61559e-07
2.0321 	0.0298237 	-0.000931033 	9.9481e-07
2.03362 	0.0298315 	-0.000929766 	1.32806e-06
2.03514 	0.0298392 	-0.000928498 	1.66131e-06
2.03666 	0.0298471 	-0.000927303 	2.02143e-06
2.03818 	0.0298551 	-0.000926164 	2.40196e-06
2.03969 	0.029863 	-0.000925025 	2.7825e-06
2.04121 	0.029871 	-0.000923886 	3.16303e-06
2.04273 	0.0298788 	-0.000922653 	3.56023e-06
2.04425 	0.0298866 	-0.000921406 	3.95979e-06
2.04577 	0.0298943 	-0.00092016 	4.35936e-06
2.04729 	0.0299021 	-0.000918914 	4.75893e-06
2.04881 	0.0299099 	-0.000917668 	5.15849e-06
2.05033 	0.0299176 	-0.000916422 	5.55806e-06
2.05184 	0.0299254 	-0.000915175 	5.95763e-06
2.05336 	0.0299332 	-0.000913929 	6.35719e-06
2.05488 	0.0299409 	-0.000912683 	6.75676e-06
2.0564 	0.0299487 	-0.000911437 	7.15632e-06
2.05792 	0.0299565 	-0.00091019 	7.55589e-06
2.05944 	0.0299642 	-0.000908944 	7.95546e-06
2.06096 	0.029972 	-0.000907698 	8.35502e-06
2.06248 	0.0299798 	-0.000906452 	8.75459e-06
2.06399 	0.0299875 	-0.000905205 	9.15416e-06
2.06551 	0.0299952 	-0.000903939 	9.56278e-06
2.06703 	0.0300027 	-0.000902664 	9.97546e-06
2.06855 	0.0300103 	-0.000901388 	1.03881e-05
2.07007 	0.0300178 	-0.000900123 	1.07989e-05
2.07159 	0.0300256 	-0.000898961 	1.11908e-05
2.07311 	0.0300334 	-0.0008978 	1.15826e-05
2.07463 	0.0300411 	-0.000896638 	1.19745e-05
2.07614 	0.0300488 	-0.000895427 	1.23359e-05
2.07766 	0.0300563 	-0.000894183 	1.26761e-05
2.07918 	0.0300639 	-0.000892939 	1.30164e-05
2.0807 	0.0300714 	-0.000891695 	1.33567e-05
2.08222 	0.0300789 	-0.000890451 	1.3697e-05
2.08374 	0.0300865 	-0.000889207 	1.40373e-05
2.08526 	0.030094 	-0.000887962 	1.43776e-05
2.08678 	0.0301016 	-0.000886718 	1.47179e-05
2.08829 	0.0301091 	-0.000885474 	1.50581e-05
2.08981 	0.0301166 	-0.00088423 	1.53984e-05
2.09133 	0.0301242 	-0.000882986 	1.57387e-05
2.09285 	0.0301317 	-0.000881742 	1.6079e-05
2.09437 	0.0301393 	-0.000880498 	1.64193e-05
2.09589 	0.0301468 	-0.000879254 	1.67596e-05
2.09741 	0.0301544 	-0.000878009 	1.70998e-05
2.09893 	0.0301618 	-0.000876764 	1.7444e-05
2.10044 	0.0301691 	-0.000875515 	1.77953e-05
2.10196 	0.0301763 	-0.000874266 	1.81465e-05
2.10348 	0.0301836 	-0.000873017 	1.84977e-05
2.105 	0.0301911 	-0.000871868 	1.88102e-05
2.10652 	0.0301986 	-0.000870724 	1.91209e-05
2.10804 	0.0302061 	-0.000869581 	1.94315e-05
2.10956 	0.0302135 	-0.000868378 	1.9685e-05
2.11108 	0.0302208 	-0.000867142 	1.99074e-05
2.11259 	0.0302281 	-0.000865907 	2.01299e-05
2.11411 	0.0302354 	-0.000864672 	2.03524e-05
2.11563 	0.0302428 	-0.000863436 	2.05748e-05
2.11715 	0.0302501 	-0.000862201 	2.07973e-05
2.11867 	0.0302574 	-0.000860966 	2.10198e-05
2.12019 	0.0302648 	-0.000859731 	2.12422e-05
2.12171 	0.0302721 	-0.000858495 	2.14647e-05
2.12323 	0.0302794 	-0.00085726 	2.16872e-05
2.12474 	0.0302867 	-0.000856025 	2.19096e-05
2.12626 	0.0302941 	-0.000854789 	2.21321e-05
2.12778 	0.0303014 	-0.000853554 	2.23546e-05
2.1293 	0.0303087 	-0.000852319 	2.2577e-05
2.13082 	0.0303161 	-0.000851083 	2.27995e-05
2.13234 	0.0303233 	-0.000849839 	2.29976e-05
2.13386 	0.0303305 	-0.000848579 	2.3156e-05
2.13538 	0.0303376 	-0.000847319 	2.33144e-05
2.13689 	0.0303448 	-0.00084608 	2.34716e-05
2.13841 	0.0303521 	-0.000844936 	2.36236e-05
2.13993 	0.0303595 	-0.000843792 	2.37756e-05
2.14145 	0.0303668 	-0.000842643 	2.39236e-05
2.14297 	0.030374 	-0.000841408 	2.40126e-05
2.14449 	0.0303812 	-0.000840174 	2.41015e-05
2.14601 	0.0303884 	-0.000838939 	2.41904e-05
2.14753 	0.0303956 	-0.000837705 	2.42794e-05
2.14904 	0.0304028 	-0.00083647 	2.43683e-05
2.15056 	0.03041 	-0.000835235 	2.44572e-05
2.15208 	0.0304172 	-0.000834001 	2.45462e-05
2.1536 	0.0304244 	-0.000832766 	2.46351e-05
2.15512 	0.0304316 	-0.000831532 	2.4724e-05
2.15664 	0.0304388 	-0.000830297 	2.4813e-05
2.15816 	0.030446 	-0.000829062 	2.49019e-05
2.15968 	0.0304531 	-0.000827828 	2.49908e-05
2.16119 	0.0304603 	-0.000826593 	2.50798e-05
2.16271 	0.0304675 	-0.000825359 	2.51687e-05
2.16423 	0.0304747 	-0.000824124 	2.52576e-05
2.16575 	0.0304818 	-0.000822872 	2.52601e-05
2.16727 	0.0304888 	-0.000821616 	2.52374e-05
2.16879 	0.0304958 	-0.00082036 	2.52147e-05
2.17031 	0.030503 	-0.000819186 	2.52028e-05
2.17183 	0.0305103 	-0.000818038 	2.51943e-05
2.17334 	0.0305176 	-0.000816889 	2.51858e-05
2.17486 	0.0305246 	-0.000815669 	2.51434e-05
2.17638 	0.0305316 	-0.000814435 	2.50948e-05
2.1779 	0.0305387 	-0.000813201 	2.50461e-05
2.17942 	0.0305457 	-0.000811968 	2.49974e-05
2.18094 	0.0305527 	-0.000810734 	2.49488e-05
2.18246 	0.0305598 	-0.0008095 	2.49001e-05
2.18398 	0.0305668 	-0.000808266 	2.48515e-05
2.18549 	0.0305738 	-0.000807032 	2.48028e-05
2.18701 	0.0305809 	-0.000805799 	2.47542e-05
2.18853 	0.0305879 	-0.000804565 	2.47055e-05
2.19005 	0.0305949 	-0.000803331 	2.46568e-05
2.19157 	0.0306019 	-0.000802097 	2.46082e-05
2.19309 	0.030609 	-0.000800863 	2.45595e-05
2.19461 	0.030616 	-0.000799629 	2.45109e-05
2.19613 	0.030623 	-0.000798396 	2.44622e-05
2.19764 	0.0306299 	-0.000797159 	2.43651e-05
2.19916 	0.0306366 	-0.000795919 	2.42288e-05
2.20068 	0.0306433 	-0.00079468 	2.40925e-05
2.2022 	0.0306503 	-0.00079351 	2.39689e-05
2.20372 	0.0306573 	-0.000792366 	2.385e-05
2.20524 	0.0306643 	-0.000791221 	2.37309e-05
2.20676 	0.0306711 	-0.000789998 	2.35748e-05
2.20828 	0.0306778 	-0.000788776 	2.34187e-05
2.20979 	0.0306845 	-0.000787553 	2.32625e-05
2.21131 	0.0306912 	-0.000786331 	2.31064e-05
2.21283 	0.030698 	-0.000785108 	2.29503e-05
2.21435 	0.0307047 	-0.000783886 	2.27941e-05
2.21587 	0.0307114 	-0.000782663 	2.2638e-05
2.21739 	0.0307182 	-0.000781441 	2.24819e-05
2.21891 	0.0307249 	-0.000780218 	2.23257e-05
2.22043 	0.0307316 	-0.000778996 	2.21696e-05
2.22194 	0.0307384 	-0.000777773 	2.20135e-05
2.22346 	0.0307451 	-0.000776551 	2.18573e-05
2.22498 	0.0307518 	-0.000775328 	2.17012e-05
2.2265 	0.0307586 	-0.000774105 	2.15451e-05
2.22802 	0.0307653 	-0.000772883 	2.13889e-05
2.22954 	0.0307717 	-0.000771665 	2.12039e-05
2.23106 	0.0307781 	-0.000770448 	2.1008e-05
2.23258 	0.0307845 	-0.00076924 	2.08131e-05
2.2341 	0.0307911 	-0.000768104 	2.06277e-05
2.23561 	0.0307978 	-0.000766969 	2.04423e-05
2.23713 	0.0308042 	-0.000765793 	2.02879e-05
2.23865 	0.0308106 	-0.000764586 	2.01578e-05
2.24017 	0.0308169 	-0.000763379 	2.00277e-05
2.24169 	0.0308233 	-0.000762172 	1.98976e-05
2.24321 	0.0308296 	-0.000760965 	1.97675e-05
2.24473 	0.0308359 	-0.000759758 	1.96374e-05
2.24625 	0.0308423 	-0.000758551 	1.95073e-05
2.24776 	0.0308486 	-0.000757344 	1.93772e-05
2.24928 	0.0308549 	-0.000756137 	1.92471e-05
2.2508 	0.0308613 	-0.00075493 	1.9117e-05
2.25232 	0.0308676 	-0.000753723 	1.8987e-05
2.25384 	0.0308739 	-0.000752516 	1.88569e-05
2.25536 	0.0308803 	-0.000751309 	1.87268e-05
2.25688 	0.0308866 	-0.000750101 	1.85967e-05
2.2584 	0.030893 	-0.000748894 	1.84666e-05
2.25991 	0.0308992 	-0.000747692 	1.83596e-05
2.26143 	0.0309051 	-0.000746498 	1.83037e-05
2.26295 	0.030911 	-0.000745305 	1.82479e-05
2.26447 	0.0309172 	-0.00074418 	1.81819e-05
2.26599 	0.0309234 	-0.000743066 	1.81144e-05
2.26751 	0.0309295 	-0.00074191 	1.80839e-05
2.26903 	0.0309354 	-0.000740715 	1.80881e-05
2.27055 	0.0309413 	-0.000739519 	1.80923e-05
2.27206 	0.0309473 	-0.000738324 	1.80965e-05
2.27358 	0.0309532 	-0.000737128 	1.81008e-05
2.2751 	0.0309591 	-0.000735933 	1.8105e-05
2.27662 	0.030965 	-0.000734738 	1.81092e-05
2.27814 	0.0309709 	-0.000733542 	1.81134e-05
2.27966 	0.0309769 	-0.000732347 	1.81176e-05
2.28118 	0.0309828 	-0.000731151 	1.81218e-05
2.2827 	0.0309887 	-0.000729956 	1.81261e-05
2.28421 	0.0309946 	-0.00072876 	1.81303e-05
2.28573 	0.0310006 	-0.000727565 	1.81345e-05
2.28725 	0.0310065 	-0.000726369 	1.81387e-05
2.28877 	0.0310124 	-0.000725174 	1.81429e-05
2.29029 	0.0310182 	-0.000723977 	1.81741e-05
2.29181 	0.0310238 	-0.000722777 	1.82643e-05
2.29333 	0.0310293 	-0.000721583 	1.83534e-05
2.29485 	0.0310351 	-0.000720472 	1.84248e-05
2.29636 	0.031041 	-0.000719361 	1.84961e-05
2.29788 	0.0310464 	-0.000718172 	1.86222e-05
2.2994 	0.0310519 	-0.000716972 	1.87556e-05
2.30092 	0.0310573 	-0.000715773 	1.8889e-05
2.30244 	0.0310628 	-0.000714574 	1.90225e-05
2.30396 	0.0310682 	-0.000713374 	1.91559e-05
2.30548 	0.0310737 	-0.000712175 	1.92893e-05
2.307 	0.0310791 	-0.000710975 	1.94228e-05
2.30851 	0.0310846 	-0.000709776 	1.95562e-05
2.31003 	0.03109 	-0.000708577 	1.96897e-05
2.31155 	0.0310955 	-0.000707377 	1.98231e-05
2.31307 	0.0311009 	-0.000706178 	1.99565e-05
2.31459 	0.0311064 	-0.000704978 	2.009e-05
2.31611 	0.0311118 	-0.000703779 	2.02234e-05
2.31763 	0.0311173 	-0.00070258 	2.03568e-05
2.31915 	0.0311227 	-0.00070138 	2.04903e-05
2.32066 	0.0311279 	-0.000700167 	2.06643e-05
2.32218 	0.031133 	-0.000698949 	2.08522e-05
2.3237 	0.0311382 	-0.000697787 	2.1042e-05
2.32522 	0.0311435 	-0.000696654 	2.12326e-05
2.32674 	0.0311486 	-0.000695465 	2.14362e-05
2.32826 	0.0311536 	-0.000694246 	2.16464e-05
2.32978 	0.0311586 	-0.000693028 	2.18566e-05
2.3313 	0.0311635 	-0.00069181 	2.20668e-05
2.33281 	0.0311685 	-0.000690591 	2.2277e-05
2.33433 	0.0311735 	-0.000689373 	2.24872e-05
2.33585 	0.0311785 	-0.000688155 	2.26974e-05
2.33737 	0.0311834 	-0.000686936 	2.29076e-05
2.33889 	0.0311884 	-0.000685718 	2.31178e-05
2.34041 	0.0311934 	-0.0006845 	2.3328e-05
2.34193 	0.0311983 	-0.000683281 	2.35382e-05
2.34345 	0.0312033 	-0.000682063 	2.37484e-05
2.34496 	0.0312083 	-0.000680845 	2.39586e-05
2.34648 	0.0312133 	-0.000679626 	2.41688e-05
2.348 	0.0312182 	-0.000678408 	2.4379e-05
2.34952 	0.031223 	-0.00067718 	2.45692e-05
2.35104 	0.0312276 	-0.000675947 	2.47465e-05
2.35256 	0.0312324 	-0.000674772 	2.49518e-05
2.35408 	0.0312373 	-0.000673622 	2.51689e-05
2.3556 	0.0312419 	-0.000672398 	2.53032e-05
2.35711 	0.0312464 	-0.000671164 	2.54251e-05
2.35863 	0.0312509 	-0.000669929 	2.5547e-05
2.36015 	0.0312555 	-0.000668695 	2.5669e-05
2.36167 	0.03126 	-0.000667461 	2.57909e-05
2.36319 	0.0312645 	-0.000666226 	2.59128e-05
2.36471 	0.0312691 	-0.000664992 	2.60347e-05
2.36623 	0.0312736 	-0.000663757 	2.61567e-05
2.36775 	0.0312781 	-0.000662523 	2.62786e-05
2.36926 	0.0312827 	-0.000661288 	2.64005e-05
2.37078 	0.0312872 	-0.000660054 	2.65225e-05
2.3723 	0.0312917 	-0.000658819 	2.66444e-05
2.37382 	0.0312963 	-0.000657585 	2.67663e-05
2.37534 	0.0313008 	-0.00065635 	2.68883e-05
2.37686 	0.0313054 	-0.000655116 	2.70102e-05
2.37838 	0.0313095 	-0.000653866 	2.69939e-05
2.3799 	0.0313138 	-0.00065263 	2.69685e-05
2.38141 	0.0313182 	-0.000651467 	2.69614e-05
2.38293 	0.0313224 	-0.000650262 	2.69154e-05
2.38445 	0.0313265 	-0.000649016 	2.68312e-05
2.38597 	0.0313306 	-0.00064777 	2.6747e-05
2.38749 	0.0313347 	-0.000646525 	2.66627e-05
2.38901 	0.0313388 	-0.000645279 	2.65785e-05
2.39053 	0.0313429 	-0.000644034 	2.64943e-05
2.39205 	0.0313469 	-0.000642788 	2.64101e-05
2.39356 	0.031351 	-0.000641543 	2.63259e-05
2.39508 	0.0313551 	-0.000640297 	2.62417e-05
2.3966 	0.0313592 	-0.000639051 	2.61575e-05
2.39812 	0.0313633 	-0.000637806 	2.60733e-05
2.39964 	0.0313674 	-0.00063656 	2.59891e-05
2.40116 	0.0313715 	-0.000635315 	2.59049e-05
2.40268 	0.0313755 	-0.000634069 	2.58206e-05
2.4042 	0.0313796 	-0.000632823 	2.57364e-05
2.40571 	0.0313835 	-0.000631568 	2.5607e-05
2.40723 	0.0313872 	-0.000630314 	2.54511e-05
2.40875 	0.0313912 	-0.000629134 	2.5258e-05
2.41027 	0.0313949 	-0.000627914 	2.50661e-05
2.41179 	0.0313985 	-0.000626663 	2.4875e-05
2.41331 	0.0314021 	-0.000625412 	2.46838e-05
2.41483 	0.0314056 	-0.000624161 	2.44927e-05
2.41635 	0.0314092 	-0.00062291 	2.43015e-05
2.41786 	0.0314128 	-0.000621659 	2.41104e-05
2.41938 	0.0314164 	-0.000620407 	2.39192e-05
2.4209 	0.0314199 	-0.000619156 	2.37281e-05
2.42242 	0.0314235 	-0.000617905 	2.3537e-05
2.42394 	0.0314271 	-0.000616654 	2.33458e-05
2.42546 	0.0314306 	-0.000615403 	2.31547e-05
2.42698 	0.0314342 	-0.000614152 	2.29635e-05
2.4285 	0.0314378 	-0.000612901 	2.27724e-05
2.43002 	0.0314414 	-0.00061165 	2.25812e-05
2.43153 	0.0314449 	-0.000610399 	2.23901e-05
2.43305 	0.0314481 	-0.000609149 	2.22534e-05
2.43457 	0.0314513 	-0.000607933 	2.20958e-05
2.43609 	0.0314547 	-0.000606751 	2.19063e-05
2.43761 	0.0314576 	-0.000605502 	2.17643e-05
2.43913 	0.0314605 	-0.000604253 	2.16223e-05
2.44065 	0.0314635 	-0.000603004 	2.14803e-05
2.44217 	0.0314664 	-0.000601756 	2.13383e-05
2.44368 	0.0314694 	-0.000600507 	2.11963e-05
2.4452 	0.0314723 	-0.000599258 	2.10543e-05
2.44672 	0.0314753 	-0.000598009 	2.09123e-05
2.44824 	0.0314782 	-0.00059676 	2.07703e-05
2.44976 	0.0314812 	-0.000595511 	2.06283e-05
2.45128 	0.0314841 	-0.000594262 	2.04864e-05
2.4528 	0.0314871 	-0.000593014 	2.03444e-05
2.45432 	0.03149 	-0.000591765 	2.02024e-05
2.45583 	0.031493 	-0.000590516 	2.00604e-05
2.45735 	0.0314959 	-0.000589267 	1.99184e-05
2.45887 	0.0314986 	-0.000588021 	1.98255e-05
2.46039 	0.031501 	-0.000586796 	1.97736e-05
2.46191 	0.0315037 	-0.000585625 	1.97096e-05
2.46343 	0.0315059 	-0.000584382 	1.96188e-05
2.46495 	0.0315081 	-0.000583138 	1.95279e-05
2.46647 	0.0315103 	-0.000581895 	1.94371e-05
2.46798 	0.0315125 	-0.000580652 	1.93463e-05
2.4695 	0.0315146 	-0.000579409 	1.92555e-05
2.47102 	0.0315168 	-0.000578165 	1.91647e-05
2.47254 	0.031519 	-0.000576922 	1.90739e-05
2.47406 	0.0315212 	-0.000575679 	1.8983e-05
2.47558 	0.0315234 	-0.000574436 	1.88922e-05
2.4771 	0.0315256 	-0.000573192 	1.88014e-05
2.47862 	0.0315277 	-0.000571949 	1.87106e-05
2.48013 	0.0315299 	-0.000570706 	1.86198e-05
2.48165 	0.0315321 	-0.000569462 	1.8529e-05
2.48317 	0.0315343 	-0.000568219 	1.84382e-05
2.48469 	0.031536 	-0.000566981 	1.83067e-05
2.48621 	0.0315377 	-0.00056578 	1.81735e-05
2.48773 	0.0315394 	-0.000564583 	1.80615e-05
2.48925 	0.0315407 	-0.000563343 	1.7949e-05
2.49077 	0.031542 	-0.000562102 	1.78366e-05
2.49228 	0.0315434 	-0.000560862 	1.77241e-05
2.4938 	0.0315447 	-0.000559621 	1.76116e-05
2.49532 	0.0315461 	-0.000558381 	1.74992e-05
2.49684 	0.0315474 	-0.00055714 	1.73867e-05
2.49836 	0.0315487 	-0.000555899 	1.72742e-05
2.49988 	0.0315501 	-0.000554659 	1.71617e-05
2.5014 	0.0315514 	-0.000553418 	1.70493e-05
2.50292 	0.0315528 	-0.000552178 	1.69368e-05
2.50443 	0.0315541 	-0.000550937 	1.68243e-05
2.50595 	0.0315554 	-0.000549697 	1.67119e-05
2.50747 	0.0315568 	-0.000548456 	1.65994e-05
2.50899 	0.031558 	-0.000547217 	1.64736e-05
2.51051 	0.0315588 	-0.000545995 	1.63013e-05
2.51203 	0.0315597 	-0.000544806 	1.6168e-05
2.51355 	0.0315603 	-0.000543566 	1.60661e-05
2.51507 	0.0315608 	-0.000542326 	1.59642e-05
2.51658 	0.0315614 	-0.000541086 	1.58622e-05
2.5181 	0.031562 	-0.000539845 	1.57603e-05
2.51962 	0.0315625 	-0.000538605 	1.56584e-05
2.52114 	0.0315631 	-0.000537365 	1.55565e-05
2.52266 	0.0315637 	-0.000536125 	1.54545e-05
2.52418 	0.0315642 	-0.000534885 	1.53526e-05
2.5257 	0.0315648 	-0.000533645 	1.52507e-05
2.52722 	0.0315654 	-0.000532405 	1.51487e-05
2.52873 	0.0315659 	-0.000531164 	1.50468e-05
2.53025 	0.0315665 	-0.000529924 	1.49449e-05
2.53177 	0.0315671 	-0.000528684 	1.48429e-05
2.53329 	0.0315675 	-0.000527447 	1.47425e-05
2.53481 	0.0315676 	-0.000526241 	1.46485e-05
2.53633 	0.0315677 	-0.000525042 	1.45583e-05
2.53785 	0.0315676 	-0.000523808 	1.44692e-05
2.53937 	0.0315674 	-0.000522574 	1.43801e-05
2.54088 	0.0315673 	-0.00052134 	1.4291e-05
2.5424 	0.0315672 	-0.000520106 	1.4202e-05
2.54392 	0.031567 	-0.000518872 	1.41129e-05
2.54544 	0.0315669 	-0.000517639 	1.40238e-05
2.54696 	0.0315668 	-0.000516405 	1.39347e-05
2.54848 	0.0315666 	-0.000515171 	1.38457e-05
2.55 	0.0315665 	-0.000513937 	1.37566e-05
2.55152 	0.0315663 	-0.000512703 	1.36675e-05
2.55303 	0.0315662 	-0.000511469 	1.35784e-05
2.55455 	0.0315661 	-0.000510235 	1.34893e-05
2.55607 	0.0315659 	-0.000509001 	1.34003e-05
2.55759 	0.0315654 	-0.000507773 	1.3321e-05
2.55911 	0.0315649 	-0.000506598 	1.32335e-05
2.56063 	0.031564 	-0.000505375 	1.31593e-05
2.56215 	0.0315632 	-0.000504151 	1.30851e-05
2.56367 	0.0315623 	-0.000502928 	1.30109e-05
2.56518 	0.0315615 	-0.000501704 	1.29367e-05
2.5667 	0.0315607 	-0.000500481 	1.28625e-05
2.56822 	0.0315598 	-0.000499257 	1.27883e-05
2.56974 	0.031559 	-0.000498033 	1.27141e-05
2.57126 	0.0315581 	-0.00049681 	1.26399e-05
2.57278 	0.0315573 	-0.000495586 	1.25657e-05
2.5743 	0.0315564 	-0.000494363 	1.24915e-05
2.57582 	0.0315556 	-0.000493139 	1.24173e-05
2.57733 	0.0315548 	-0.000491916 	1.23431e-05
2.57885 	0.0315539 	-0.000490692 	1.22689e-05
2.58037 	0.0315527 	-0.000489475 	1.22278e-05
2.58189 	0.0315515 	-0.000488298 	1.21932e-05
2.58341 	0.0315499 	-0.000487081 	1.21739e-05
2.58493 	0.0315483 	-0.000485864 	1.21546e-05
2.58645 	0.0315467 	-0.000484648 	1.21353e-05
2.58797 	0.0315451 	-0.000483431 	1.21159e-05
2.58948 	0.0315436 	-0.000482214 	1.20966e-05
2.591 	0.031542 	-0.000480997 	1.20773e-05
2.59252 	0.0315404 	-0.00047978 	1.2058e-05
2.59404 	0.0315388 	-0.000478563 	1.20387e-05
2.59556 	0.0315372 	-0.000477346 	1.20194e-05
2.59708 	0.0315356 	-0.00047613 	1.20001e-05
2.5986 	0.0315341 	-0.000474913 	1.19807e-05
2.60012 	0.0315325 	-0.000473696 	1.19614e-05
2.60163 	0.0315309 	-0.000472479 	1.19421e-05
2.60315 	0.0315289 	-0.000471298 	1.1961e-05
2.60467 	0.0315265 	-0.00047009 	1.19848e-05
2.60619 	0.0315242 	-0.000468876 	1.20096e-05
2.60771 	0.0315218 	-0.000467662 	1.20343e-05
2.60923 	0.0315194 	-0.000466448 	1.2059e-05
2.61075 	0.031517 	-0.000465235 	1.20837e-05
2.61227 	0.0315147 	-0.000464021 	1.21084e-05
2.61378 	0.0315123 	-0.000462807 	1.21331e-05
2.6153 	0.0315099 	-0.000461593 	1.21579e-05
2.61682 	0.0315075 	-0.000460379 	1.21826e-05
2.61834 	0.0315052 	-0.000459165 	1.22073e-05
2.61986 	0.0315028 	-0.000457951 	1.2232e-05
2.62138 	0.0315004 	-0.000456738 	1.22567e-05
2.6229 	0.0314981 	-0.000455524 	1.22814e-05
2.62442 	0.0314953 	-0.000454336 	1.23085e-05
2.62593 	0.0314921 	-0.000453129 	1.23401e-05
2.62745 	0.0314889 	-0.000451916 	1.23715e-05
2.62897 	0.0314857 	-0.000450704 	1.24029e-05
2.63049 	0.0314825 	-0.000449491 	1.24343e-05
2.63201 	0.0314793 	-0.000448278 	1.24656e-05
2.63353 	0.0314761 	-0.000447066 	1.2497e-05
2.63505 	0.0314729 	-0.000445853 	1.25284e-05
2.63657 	0.0314697 	-0.000444641 	1.25598e-05
2.63809 	0.0314665 	-0.000443428 	1.25912e-05
2.6396 	0.0314633 	-0.000442215 	1.26225e-05
2.64112 	0.0314601 	-0.000441003 	1.26539e-05
2.64264 	0.0314569 	-0.00043979 	1.26853e-05
2.64416 	0.0314537 	-0.000438577 	1.27152e-05
2.64568 	0.0314498 	-0.000437387 	1.27361e-05
2.6472 	0.0314458 	-0.000436172 	1.27767e-05
2.64872 	0.0314417 	-0.000434957 	1.28173e-05
2.65024 	0.0314376 	-0.000433742 	1.28578e-05
2.65175 	0.0314335 	-0.000432527 	1.28984e-05
2.65327 	0.0314295 	-0.000431312 	1.2939e-05
2.65479 	0.0314254 	-0.000430097 	1.29796e-05
2.65631 	0.0314213 	-0.000428882 	1.30201e-05
2.65783 	0.0314172 	-0.000427667 	1.30607e-05
2.65935 	0.0314132 	-0.000426451 	1.31013e-05
2.66087 	0.0314091 	-0.000425236 	1.31418e-05
2.66239 	0.031405 	-0.000424021 	1.31824e-05
2.6639 	0.0314009 	-0.000422806 	1.3223e-05
2.66542 	0.0313964 	-0.000421608 	1.32747e-05
2.66694 	0.0313914 	-0.00042039 	1.33305e-05
2.66846 	0.0313865 	-0.000419172 	1.33863e-05
2.66998 	0.0313815 	-0.000417955 	1.34421e-05
2.6715 	0.0313765 	-0.000416737 	1.34979e-05
2.67302 	0.0313716 	-0.000415519 	1.35538e-05
2.67454 	0.0313666 	-0.000414301 	1.36096e-05
2.67605 	0.0313616 	-0.000413083 	1.36654e-05
2.67757 	0.0313567 	-0.000411866 	1.37212e-05
2.67909 	0.0313517 	-0.000410648 	1.3777e-05
2.68061 	0.0313467 	-0.00040943 	1.38328e-05
2.68213 	0.0313418 	-0.000408212 	1.38887e-05
2.68365 	0.0313368 	-0.000406994 	1.39445e-05
2.68517 	0.0313312 	-0.000405791 	1.39921e-05
2.68669 	0.0313253 	-0.000404578 	1.40283e-05
2.6882 	0.0313194 	-0.000403365 	1.40645e-05
2.68972 	0.0313135 	-0.000402152 	1.41008e-05
2.69124 	0.0313076 	-0.000400939 	1.4137e-05
2.69276 	0.0313017 	-0.000399725 	1.41733e-05
2.69428 	0.0312958 	-0.000398512 	1.42095e-05
2.6958 	0.0312899 	-0.000397299 	1.42457e-05
2.69732 	0.031284 	-0.000396086 	1.4282e-05
2.69884 	0.0312781 	-0.000394873 	1.43182e-05
2.70035 	0.0312722 	-0.000393659 	1.43545e-05
2.70187 	0.0312663 	-0.000392446 	1.43907e-05
2.70339 	0.0312602 	-0.000391245 	1.44199e-05
2.70491 	0.0312532 	-0.00039004 	1.44298e-05
2.70643 	0.0312463 	-0.000388834 	1.44397e-05
2.70795 	0.0312394 	-0.000387629 	1.44495e-05
2.70947 	0.0312324 	-0.000386424 	1.44594e-05
2.71099 	0.0312255 	-0.000385218 	1.44693e-05
2.7125 	0.0312186 	-0.000384013 	1.44791e-05
2.71402 	0.0312117 	-0.000382807 	1.4489e-05
2.71554 	0.0312047 	-0.000381602 	1.44989e-05
2.71706 	0.0311978 	-0.000380396 	1.45087e-05
2.71858 	0.0311909 	-0.000379191 	1.45186e-05
2.7201 	0.031184 	-0.000377986 	1.45285e-05
2.72162 	0.0311767 	-0.000376787 	1.45359e-05
2.72314 	0.0311686 	-0.000375586 	1.45265e-05
2.72465 	0.0311605 	-0.000374385 	1.45171e-05
2.72617 	0.0311524 	-0.000373184 	1.45077e-05
2.72769 	0.0311443 	-0.000371983 	1.44983e-05
2.72921 	0.0311362 	-0.000370782 	1.44889e-05
2.73073 	0.0311281 	-0.000369581 	1.44795e-05
2.73225 	0.03112 	-0.00036838 	1.44701e-05
2.73377 	0.0311119 	-0.000367179 	1.44607e-05
2.73529 	0.0311038 	-0.000365978 	1.44513e-05
2.7368 	0.0310957 	-0.000364777 	1.44419e-05
2.73832 	0.0310876 	-0.000363576 	1.44325e-05
2.73984 	0.0310787 	-0.000362377 	1.44239e-05
2.74136 	0.0310693 	-0.000361178 	1.4415e-05
2.74288 	0.03106 	-0.000359979 	1.44061e-05
2.7444 	0.0310506 	-0.00035878 	1.43971e-05
2.74592 	0.0310413 	-0.000357581 	1.43881e-05
2.74744 	0.0310319 	-0.000356382 	1.43791e-05
2.74895 	0.0310226 	-0.000355183 	1.43701e-05
2.75047 	0.0310133 	-0.000353983 	1.43611e-05
2.75199 	0.0310039 	-0.000352784 	1.43521e-05
2.75351 	0.0309946 	-0.000351585 	1.43431e-05
2.75503 	0.0309852 	-0.000350386 	1.43341e-05
2.75655 	0.0309752 	-0.000349184 	1.43418e-05
2.75807 	0.0309645 	-0.000347984 	1.43675e-05
2.75959 	0.0309538 	-0.000346785 	1.43932e-05
2.7611 	0.0309431 	-0.000345586 	1.44189e-05
2.76262 	0.0309324 	-0.000344386 	1.44446e-05
2.76414 	0.0309218 	-0.000343187 	1.44703e-05
2.76566 	0.0309111 	-0.000341988 	1.4496e-05
2.76718 	0.0309004 	-0.000340788 	1.45217e-05
2.7687 	0.0308897 	-0.000339589 	1.45474e-05
2.77022 	0.030879 	-0.00033839 	1.45731e-05
2.77174 	0.0308683 	-0.00033719 	1.45987e-05
2.77325 	0.0308566 	-0.000335979 	1.46574e-05
2.77477 	0.0308444 	-0.000334772 	1.4727e-05
2.77629 	0.0308322 	-0.000333565 	1.47965e-05
2.77781 	0.03082 	-0.000332358 	1.48661e-05
2.77933 	0.0308078 	-0.000331151 	1.49357e-05
2.78085 	0.0307957 	-0.000329944 	1.50052e-05
2.78237 	0.0307835 	-0.000328737 	1.50748e-05
2.78389 	0.0307713 	-0.00032753 	1.51444e-05
2.7854 	0.0307591 	-0.000326323 	1.52139e-05
2.78692 	0.0307469 	-0.000325116 	1.52835e-05
2.78844 	0.0307343 	-0.000323893 	1.53617e-05
2.78996 	0.0307204 	-0.00032267 	1.54335e-05
2.79148 	0.0307066 	-0.000321447 	1.55054e-05
2.793 	0.0306927 	-0.000320223 	1.55773e-05
2.79452 	0.0306789 	-0.000319 	1.56491e-05
2.79604 	0.0306651 	-0.000317776 	1.5721e-05
2.79755 	0.0306512 	-0.000316553 	1.57929e-05
2.79907 	0.0306374 	-0.00031533 	1.58648e-05
2.80059 	0.0306235 	-0.000314106 	1.59366e-05
2.80211 	0.0306097 	-0.000312883 	1.60085e-05
2.80363 	0.0305954 	-0.000311641 	1.60741e-05
2.80515 	0.0305797 	-0.000310397 	1.61072e-05
2.80667 	0.030564 	-0.000309154 	1.61402e-05
2.80819 	0.0305482 	-0.00030791 	1.61733e-05
2.8097 	0.0305325 	-0.000306666 	1.62063e-05
2.81122 	0.0305168 	-0.000305422 	1.62394e-05
2.81274 	0.0305011 	-0.000304179 	1.62724e-05
2.81426 	0.0304854 	-0.000302935 	1.63055e-05
2.81578 	0.0304696 	-0.000301691 	1.63386e-05
2.8173 	0.0304539 	-0.000300447 	1.63716e-05
2.81882 	0.030437 	-0.000299173 	1.63926e-05
2.82034 	0.0304192 	-0.000297901 	1.64045e-05
2.82185 	0.0304013 	-0.000296629 	1.64163e-05
2.82337 	0.0303834 	-0.000295356 	1.64281e-05
2.82489 	0.0303656 	-0.000294084 	1.644e-05
2.82641 	0.0303477 	-0.000292812 	1.64518e-05
2.82793 	0.0303299 	-0.00029154 	1.64637e-05
2.82945 	0.030312 	-0.000290268 	1.64755e-05
2.83097 	0.0302941 	-0.000288995 	1.64873e-05
2.83249 	0.0302758 	-0.000287696 	1.6499e-05
2.83401 	0.0302554 	-0.000286387 	1.64981e-05
2.83552 	0.0302351 	-0.000285077 	1.6497e-05
2.83704 	0.0302147 	-0.000283767 	1.64958e-05
2.83856 	0.0301943 	-0.000282457 	1.64947e-05
2.84008 	0.030174 	-0.000281147 	1.64935e-05
2.8416 	0.0301536 	-0.000279837 	1.64924e-05
2.84312 	0.0301332 	-0.000278527 	1.64912e-05
2.84464 	0.0301129 	-0.000277217 	1.64901e-05
2.84616 	0.0300919 	-0.000275878 	1.6482e-05
2.84767 	0.0300686 	-0.000274521 	1.64311e-05
2.84919 	0.0300452 	-0.000273163 	1.63785e-05
2.85071 	0.0300219 	-0.000271806 	1.63259e-05
2.85223 	0.0299986 	-0.000270448 	1.62733e-05
2.85375 	0.0299752 	-0.000269091 	1.62207e-05
2.85527 	0.0299519 	-0.000267733 	1.61681e-05
2.85679 	0.0299285 	-0.000266376 	1.61155e-05
2.85831 	0.0299052 	-0.000265018 	1.60629e-05
2.85982 	0.0298799 	-0.000263605 	1.59648e-05
2.86134 	0.029853 	-0.000262187 	1.5837e-05
2.86286 	0.029826 	-0.000260769 	1.57092e-05
2.86438 	0.0297991 	-0.000259351 	1.55814e-05
2.8659 	0.0297721 	-0.000257933 	1.54536e-05
2.86742 	0.0297452 	-0.000256515 	1.53258e-05
2.86894 	0.0297182 	-0.000255097 	1.5198e-05
2.87046 	0.0296912 	-0.000253679 	1.50702e-05
2.87197 	0.0296632 	-0.000252216 	1.49222e-05
2.87349 	0.0296319 	-0.000250725 	1.4755e-05
2.87501 	0.0296004 	-0.000249233 	1.45878e-05
2.87653 	0.0295689 	-0.000247741 	1.44206e-05
2.87805 	0.0295375 	-0.000246249 	1.42534e-05
2.87957 	0.029506 	-0.000244757 	1.40862e-05
2.88109 	0.0294745 	-0.000243265 	1.39191e-05
2.88261 	0.029443 	-0.000241772 	1.37519e-05
2.88412 	0.0294102 	-0.000240231 	1.35865e-05
2.88564 	0.0293733 	-0.000238649 	1.34224e-05
2.88716 	0.0293361 	-0.000237063 	1.3258e-05
2.88868 	0.0292989 	-0.000235478 	1.30935e-05
2.8902 	0.0292617 	-0.000233892 	1.29291e-05
2.89172 	0.0292245 	-0.000232306 	1.27647e-05
2.89324 	0.0291873 	-0.000230721 	1.26002e-05
2.89476 	0.0291501 	-0.000229135 	1.24358e-05
2.89627 	0.0291096 	-0.000227462 	1.22784e-05
2.89779 	0.0290653 	-0.000225764 	1.21016e-05
2.89931 	0.029021 	-0.000224066 	1.19249e-05
2.90083 	0.0289766 	-0.000222368 	1.17482e-05
2.90235 	0.0289323 	-0.00022067 	1.15714e-05
2.90387 	0.028888 	-0.000218972 	1.13947e-05
2.90539 	0.0288437 	-0.000217274 	1.12179e-05
2.90691 	0.0287979 	-0.000215523 	1.10325e-05
2.90842 	0.0287457 	-0.000213703 	1.0814e-05
2.90994 	0.0286923 	-0.000211875 	1.05813e-05
2.91146 	0.028639 	-0.000210047 	1.03485e-05
2.91298 	0.0285857 	-0.000208219 	1.01158e-05
2.9145 	0.0285324 	-0.000206392 	9.88309e-06
2.91602 	0.0284791 	-0.000204564 	9.65036e-06
2.91754 	0.0284244 	-0.000202695 	9.40338e-06
2.91906 	0.0283616 	-0.000200726 	9.10642e-06
2.92057 	0.0282965 	-0.000198744 	8.79385e-06
2.92209 	0.0282315 	-0.000196763 	8.48128e-06
2.92361 	0.0281664 	-0.000194781 	8.16871e-06
2.92513 	0.0281014 	-0.000192799 	7.85614e-06
2.92665 	0.0280363 	-0.000190817 	7.54357e-06
2.92817 	0.0279683 	-0.000188771 	7.20838e-06
2.92969 	0.0278905 	-0.000186632 	6.83659e-06
2.93121 	0.0278111 	-0.000184484 	6.46466e-06
2.93272 	0.0277318 	-0.000182336 	6.09272e-06
2.93424 	0.0276525 	-0.000180189 	5.72078e-06
2.93576 	0.0275731 	-0.000178041 	5.34885e-06
2.93728 	0.0274938 	-0.000175893 	4.97691e-06
2.9388 	0.0274053 	-0.000173614 	4.58669e-06
2.94032 	0.0273069 	-0.000171276 	4.20623e-06
2.94184 	0.0272085 	-0.000168939 	3.82578e-06
2.94336 	0.0271101 	-0.000166601 	3.44533e-06
2.94487 	0.0270118 	-0.000164264 	3.06488e-06
2.94639 	0.0269134 	-0.000161926 	2.68442e-06
2.94791 	0.026808 	-0.00015949 	2.31447e-06
2.94943 	0.0266868 	-0.000156954 	1.92921e-06
2.95095 	0.0265646 	-0.000154415 	1.54502e-06
2.95247 	0.0264424 	-0.000151877 	1.16082e-06
2.95399 	0.0263202 	-0.000149338 	7.76626e-07
2.95551 	0.026198 	-0.000146799 	3.9243e-07
2.95702 	0.026069 	-0.000144178 	1.16577e-08
2.95854 	0.0259172 	-0.000141434 	-4.39632e-07
2.96006 	0.025763 	-0.000138681 	-8.98472e-07
2.96158 	0.0256088 	-0.000135929 	-1.35731e-06
2.9631 	0.0254546 	-0.000133176 	-1.81615e-06
2.96462 	0.0253004 	-0.000130424 	-2.27499e-06
2.96614 	0.025129 	-0.000127539 	-2.77368e-06
2.96766 	0.0249327 	-0.000124561 	-3.33815e-06
2.96917 	0.0247365 	-0.000121583 	-3.90262e-06
2.97069 	0.0245402 	-0.000118606 	-4.46708e-06
2.97221 	0.024344 	-0.000115628 	-5.03155e-06
2.97373 	0.0241435 	-0.000112621 	-5.60059e-06
2.97525 	0.0239082 	-0.000109462 	-6.18671e-06
2.97677 	0.0236612 	-0.000106283 	-6.7729e-06
2.97829 	0.0234141 	-0.000103104 	-7.35908e-06
2.97981 	0.0231671 	-9.99251e-05 	-7.94527e-06
2.98132 	0.02292 	-9.67461e-05 	-8.53146e-06
2.98284 	0.0226354 	-9.3429e-05 	-9.05367e-06
2.98436 	0.0223186 	-9.00754e-05 	-9.50797e-06
2.98588 	0.0220019 	-8.67218e-05 	-9.96226e-06
2.9874 	0.0216851 	-8.33681e-05 	-1.04166e-05
2.98892 	0.0213684 	-8.00145e-05 	-1.08709e-05
2.99044 	0.0210057 	-7.65783e-05 	-1.11904e-05
2.99196 	0.0205991 	-7.31226e-05 	-1.13818e-05
2.99347 	0.0201925 	-6.96668e-05 	-1.15732e-05
2.99499 	0.019786 	-6.62111e-05 	-1.17646e-05
2.99651 	0.0193773 	-6.2756e-05 	-1.19466e-05
2.99803 	0.0188989 	-5.92789e-05 	-1.19267e-05
2.99955 	0.0183893 	-5.58395e-05 	-1.18153e-05
3.00107 	0.0178797 	-5.24002e-05 	-1.1704e-05
3.00259 	0.0173701 	-4.89608e-05 	-1.15927e-05
3.00411 	0.0168362 	-4.55539e-05 	-1.14092e-05
3.00562 	0.0162198 	-4.22491e-05 	-1.10494e-05
3.00714 	0.0155977 	-3.89697e-05 	-1.06677e-05
3.00866 	0.0149755 	-3.56902e-05 	-1.02861e-05
3.01018 	0.014347 	-3.24457e-05 	-9.88366e-06
3.0117 	0.0136332 	-2.93938e-05 	-9.35871e-06
3.01322 	0.012901 	-2.64419e-05 	-8.80051e-06
3.01474 	0.0121687 	-2.349e-05 	-8.24231e-06
3.01626 	0.0114336 	-2.05791e-05 	-7.6788e-06
3.01777 	0.0106247 	-1.79923e-05 	-7.06656e-06
3.01929 	0.00980244 	-1.55258e-05 	-6.44685e-06
3.02081 	0.00898017 	-1.30593e-05 	-5.82714e-06
3.02233 	0.00815119 	-1.07184e-05 	-5.21314e-06
3.02385 	0.00726683 	-8.75857e-06 	-4.6055e-06
3.02537 	0.00638533 	-6.85897e-06 	-4.00229e-06
3.02689 	0.00550384 	-4.95937e-06 	-3.39908e-06
3.02841 	0.00460325 	-3.60836e-06 	-2.82838e-06
3.02992 	0.00369978 	-2.54572e-06 	-2.26263e-06
3.03144 	0.00279631 	-1.48307e-06 	-1.69687e-06
3.03296 	0.00187695 	-9.30808e-07 	-1.13817e-06
3.03448 	0.00093422 	-4.63651e-07 	-5.66061e-07
3.036 	2.63077e-16 	-1.31415e-19 	-1.58339e-19
