0.00151876 	-0.000359195 	-5.61323e-07 	-1.05621e-06
0.00303752 	-0.000735632 	-1.16638e-06 	-2.15652e-06
0.00455628 	-0.00111138 	-1.73755e-06 	-3.38842e-06
0.00607504 	-0.00143333 	-2.94882e-06 	-4.11467e-06
0.0075938 	-0.00172906 	-4.59236e-06 	-4.88087e-06
0.00911256 	-0.00199017 	-6.63556e-06 	-5.4099e-06
0.0106313 	-0.00224777 	-8.75231e-06 	-6.11485e-06
0.0121501 	-0.00246428 	-1.13394e-05 	-6.38403e-06
0.0136688 	-0.00267242 	-1.39562e-05 	-7.02695e-06
0.0151876 	-0.00283777 	-1.7197e-05 	-7.05484e-06
0.0167064 	-0.00300181 	-2.03494e-05 	-7.33282e-06
0.0182251 	-0.00315054 	-2.37582e-05 	-7.66524e-06
0.0197439 	-0.00327952 	-2.73497e-05 	-8.05596e-06
0.0212626 	-0.00340385 	-3.09435e-05 	-8.89386e-06
0.0227814 	-0.00349888 	-3.51382e-05 	-9.05348e-06
0.0243002 	-0.00359007 	-3.92633e-05 	-9.68952e-06
0.0258189 	-0.0036738 	-4.34847e-05 	-1.08052e-05
0.0273377 	-0.00374283 	-4.80315e-05 	-1.12661e-05
0.0288564 	-0.00381088 	-5.25026e-05 	-1.21467e-05
0.0303752 	-0.00387215 	-5.71093e-05 	-1.32421e-05
0.0318939 	-0.00392157 	-6.19126e-05 	-1.41596e-05
0.0334127 	-0.00397056 	-6.66864e-05 	-1.52667e-05
0.0349315 	-0.00401345 	-7.15683e-05 	-1.6806e-05
0.0364502 	-0.00404555 	-7.67468e-05 	-1.77281e-05
0.037969 	-0.00407693 	-8.18601e-05 	-1.90535e-05
0.0394877 	-0.00410529 	-8.6875e-05 	-2.14467e-05
0.0410065 	-0.00412497 	-9.24802e-05 	-2.18332e-05
0.0425253 	-0.00414374 	-9.7864e-05 	-2.3267e-05
0.044044 	-0.00416251 	-0.000103248 	-2.47009e-05
0.0455628 	-0.00417488 	-0.00010889 	-2.61796e-05
0.0470815 	-0.00418507 	-0.000114466 	-2.76523e-05
0.0486003 	-0.00419526 	-0.000120042 	-2.91249e-05
0.0501191 	-0.0042033 	-0.000125476 	-3.13136e-05
0.0516378 	-0.00420682 	-0.000131495 	-3.21346e-05
0.0531566 	-0.00420989 	-0.000137237 	-3.35877e-05
0.0546753 	-0.00421296 	-0.000142979 	-3.50408e-05
0.0561941 	-0.00421308 	-0.000148924 	-3.65338e-05
0.0577129 	-0.00421053 	-0.000154785 	-3.78999e-05
0.0592316 	-0.00420798 	-0.000160646 	-3.9266e-05
0.0607504 	-0.00420543 	-0.000166507 	-4.06321e-05
0.0622691 	-0.00419994 	-0.000172554 	-4.2023e-05
0.0637879 	-0.00419294 	-0.000178489 	-4.32609e-05
0.0653067 	-0.00418593 	-0.000184423 	-4.44989e-05
0.0668254 	-0.00417893 	-0.000190358 	-4.57368e-05
0.0683442 	-0.00416986 	-0.000196475 	-4.69723e-05
0.0698629 	-0.00415942 	-0.000202455 	-4.81009e-05
0.0713817 	-0.00414898 	-0.000208435 	-4.92296e-05
0.0729005 	-0.00413854 	-0.000214415 	-5.03583e-05
0.0744192 	-0.00412696 	-0.000220281 	-5.16449e-05
0.075938 	-0.00411413 	-0.000226557 	-5.25609e-05
0.0774567 	-0.00410104 	-0.000232551 	-5.35834e-05
0.0789755 	-0.00408796 	-0.000238545 	-5.46058e-05
0.0804942 	-0.00407405 	-0.000243769 	-5.5888e-05
0.082013 	-0.00406001 	-0.000250698 	-5.65407e-05
0.0835318 	-0.00404489 	-0.000256677 	-5.7424e-05
0.0850505 	-0.00402977 	-0.000262656 	-5.83073e-05
0.0865693 	-0.00401465 	-0.000268635 	-5.91906e-05
0.088088 	-0.00399874 	-0.000274301 	-6.01192e-05
0.0896068 	-0.00398253 	-0.00028071 	-6.07515e-05
0.0911256 	-0.00396586 	-0.000286657 	-6.14896e-05
0.0926443 	-0.0039492 	-0.000292603 	-6.22276e-05
0.0941631 	-0.00393253 	-0.000298549 	-6.29656e-05
0.0956818 	-0.0039154 	-0.000304639 	-6.35676e-05
0.0972006 	-0.00389756 	-0.000310547 	-6.41517e-05
0.0987194 	-0.00387971 	-0.000316455 	-6.47358e-05
0.100238 	-0.00386187 	-0.000322364 	-6.53199e-05
0.101757 	-0.00384402 	-0.000328272 	-6.5904e-05
0.103276 	-0.00382571 	-0.000334158 	-6.63554e-05
0.104794 	-0.00380715 	-0.000340146 	-6.67584e-05
0.106313 	-0.0037885 	-0.000346025 	-6.71929e-05
0.107832 	-0.00376985 	-0.000351904 	-6.76274e-05
0.109351 	-0.0037512 	-0.000357783 	-6.8062e-05
0.110869 	-0.00373185 	-0.000362937 	-6.86181e-05
0.112388 	-0.00371326 	-0.000369623 	-6.86084e-05
0.113907 	-0.00369415 	-0.000375488 	-6.89207e-05
0.115426 	-0.00367504 	-0.000381352 	-6.92331e-05
0.116944 	-0.00365593 	-0.000387217 	-6.95454e-05
0.118463 	-0.00363643 	-0.000392353 	-7.01343e-05
0.119982 	-0.00361745 	-0.00039903 	-6.99012e-05
0.121501 	-0.00359805 	-0.0004049 	-7.01512e-05
0.12302 	-0.00357865 	-0.00041077 	-7.04012e-05
0.124538 	-0.00355926 	-0.000416641 	-7.06512e-05
0.126057 	-0.00353986 	-0.000422511 	-7.09012e-05
0.127576 	-0.00351992 	-0.000427132 	-7.17266e-05
0.129095 	-0.00350072 	-0.000434372 	-7.1148e-05
0.130613 	-0.00348109 	-0.000440263 	-7.13645e-05
0.132132 	-0.00346146 	-0.000446155 	-7.15809e-05
0.133651 	-0.00344183 	-0.000452046 	-7.17974e-05
0.13517 	-0.0034222 	-0.000457938 	-7.20139e-05
0.136688 	-0.00340217 	-0.000462649 	-7.28506e-05
0.138207 	-0.00338257 	-0.00046984 	-7.22562e-05
0.139726 	-0.00336276 	-0.000475748 	-7.24293e-05
0.141245 	-0.00334296 	-0.000481656 	-7.26024e-05
0.142763 	-0.00332316 	-0.000487564 	-7.27754e-05
0.144282 	-0.00330335 	-0.000493472 	-7.29485e-05
0.145801 	-0.00328338 	-0.000498192 	-7.3801e-05
0.14732 	-0.00326345 	-0.000505397 	-7.32436e-05
0.148838 	-0.00324346 	-0.0005113 	-7.33349e-05
0.150357 	-0.00322347 	-0.000517203 	-7.34262e-05
0.151876 	-0.00320347 	-0.000523105 	-7.35175e-05
0.153395 	-0.00318348 	-0.000529008 	-7.36087e-05
0.154913 	-0.00316349 	-0.000534894 	-7.3709e-05
0.156432 	-0.00314334 	-0.000540299 	-7.41325e-05
0.157951 	-0.00312306 	-0.000546775 	-7.3828e-05
0.15947 	-0.0031028 	-0.000552665 	-7.37548e-05
0.160988 	-0.00308253 	-0.000558555 	-7.36817e-05
0.162507 	-0.00306227 	-0.000564445 	-7.36085e-05
0.164026 	-0.003042 	-0.000570336 	-7.35353e-05
0.165545 	-0.00302182 	-0.000575472 	-7.37801e-05
0.167064 	-0.00300128 	-0.000582189 	-7.34538e-05
0.168582 	-0.00298071 	-0.000588074 	-7.31008e-05
0.170101 	-0.00296015 	-0.000593959 	-7.27479e-05
0.17162 	-0.00293958 	-0.000599844 	-7.2395e-05
0.173139 	-0.00291902 	-0.000605729 	-7.20421e-05
0.174657 	-0.00289845 	-0.000611613 	-7.16892e-05
0.176176 	-0.00287805 	-0.000616756 	-7.15649e-05
0.177695 	-0.00285724 	-0.000623366 	-7.10375e-05
0.179214 	-0.0028364 	-0.00062935 	-7.03228e-05
0.180732 	-0.00281558 	-0.000635227 	-6.9625e-05
0.182251 	-0.00279475 	-0.000641103 	-6.89273e-05
0.18377 	-0.00277393 	-0.00064698 	-6.82296e-05
0.185289 	-0.00275311 	-0.000652856 	-6.75318e-05
0.186807 	-0.00273229 	-0.000658733 	-6.68341e-05
0.188326 	-0.00271179 	-0.000663521 	-6.63786e-05
0.189845 	-0.00269056 	-0.000670459 	-6.53216e-05
0.191364 	-0.0026695 	-0.000676312 	-6.43644e-05
0.192882 	-0.00264845 	-0.000682165 	-6.34071e-05
0.194401 	-0.0026274 	-0.000688018 	-6.24499e-05
0.19592 	-0.00260634 	-0.000693871 	-6.14926e-05
0.197439 	-0.00258529 	-0.000699724 	-6.05354e-05
0.198957 	-0.00256451 	-0.000704502 	-5.97075e-05
0.200476 	-0.00254332 	-0.000711172 	-5.87313e-05
0.201995 	-0.00252205 	-0.000717049 	-5.76614e-05
0.203514 	-0.0025008 	-0.000722849 	-5.65941e-05
0.205033 	-0.00247955 	-0.000728648 	-5.55268e-05
0.206551 	-0.0024583 	-0.000734448 	-5.44594e-05
0.20807 	-0.00243705 	-0.000740247 	-5.33921e-05
0.209589 	-0.0024158 	-0.000746047 	-5.23248e-05
0.211108 	-0.00239483 	-0.000750573 	-5.13052e-05
0.212626 	-0.00237363 	-0.000757301 	-5.02623e-05
0.214145 	-0.00235219 	-0.000763043 	-4.92065e-05
0.215664 	-0.00233074 	-0.000768785 	-4.81507e-05
0.217183 	-0.0023093 	-0.000774527 	-4.70949e-05
0.218701 	-0.00228786 	-0.000780268 	-4.60391e-05
0.22022 	-0.00226641 	-0.00078601 	-4.49833e-05
0.221739 	-0.00224497 	-0.000791752 	-4.39275e-05
0.223258 	-0.00222357 	-0.000796986 	-4.28566e-05
0.224776 	-0.00220244 	-0.000802346 	-4.17772e-05
0.226295 	-0.00218093 	-0.0008086 	-4.07616e-05
0.227814 	-0.00215925 	-0.000814303 	-3.97484e-05
0.229333 	-0.00213758 	-0.000820005 	-3.87351e-05
0.230851 	-0.0021159 	-0.000825708 	-3.77219e-05
0.23237 	-0.00209422 	-0.00083141 	-3.67086e-05
0.233889 	-0.00207254 	-0.000837112 	-3.56954e-05
0.235408 	-0.00205087 	-0.000842815 	-3.46821e-05
0.236926 	-0.002029 	-0.000847129 	-3.35519e-05
0.238445 	-0.00200781 	-0.000853897 	-3.23527e-05
0.239964 	-0.00198588 	-0.000859572 	-3.13417e-05
0.241483 	-0.00196396 	-0.000865247 	-3.03308e-05
0.243002 	-0.00194203 	-0.000870922 	-2.93198e-05
0.24452 	-0.0019201 	-0.000876597 	-2.83089e-05
0.246039 	-0.00189818 	-0.000882272 	-2.72979e-05
0.247558 	-0.00187625 	-0.000887948 	-2.62869e-05
0.249077 	-0.00185432 	-0.000893623 	-2.5276e-05
0.250595 	-0.00183192 	-0.000897945 	-2.42558e-05
0.252114 	-0.00181046 	-0.000904672 	-2.29063e-05
0.253633 	-0.00178829 	-0.000910274 	-2.18978e-05
0.255152 	-0.00176612 	-0.000915876 	-2.08892e-05
0.25667 	-0.00174396 	-0.000921478 	-1.98807e-05
0.258189 	-0.00172179 	-0.00092708 	-1.88721e-05
0.259708 	-0.00169962 	-0.000932683 	-1.78636e-05
0.261227 	-0.00167745 	-0.000938285 	-1.6855e-05
0.262745 	-0.00165528 	-0.000943887 	-1.58465e-05
0.264264 	-0.00163286 	-0.000948733 	-1.49479e-05
0.265783 	-0.00161082 	-0.000954554 	-1.37038e-05
0.267302 	-0.00158853 	-0.000960212 	-1.26554e-05
0.26882 	-0.00156615 	-0.000965692 	-1.16762e-05
0.270339 	-0.00154376 	-0.000971173 	-1.06969e-05
0.271858 	-0.00152138 	-0.000976653 	-9.71771e-06
0.273377 	-0.001499 	-0.000982134 	-8.73847e-06
0.274895 	-0.00147661 	-0.000987614 	-7.75923e-06
0.276414 	-0.00145423 	-0.000993094 	-6.77999e-06
0.277933 	-0.00143184 	-0.000998575 	-5.80076e-06
0.279452 	-0.00140924 	-0.00100292 	-5.19075e-06
0.28097 	-0.00138697 	-0.00100906 	-3.64192e-06
0.282489 	-0.00136434 	-0.00101445 	-2.69466e-06
0.284008 	-0.00134171 	-0.00101983 	-1.74741e-06
0.285527 	-0.00131908 	-0.00102522 	-8.00154e-07
0.287046 	-0.00129645 	-0.0010306 	1.47102e-07
0.288564 	-0.00127382 	-0.00103599 	1.09436e-06
0.290083 	-0.00125119 	-0.00104137 	2.04161e-06
0.291602 	-0.00122856 	-0.00104676 	2.98887e-06
0.293121 	-0.00120592 	-0.00105214 	3.93612e-06
0.294639 	-0.00118332 	-0.00105666 	4.05254e-06
0.296158 	-0.00116073 	-0.00106253 	5.89755e-06
0.297677 	-0.00113778 	-0.00106784 	6.73376e-06
0.299196 	-0.00111483 	-0.00107315 	7.56996e-06
0.300714 	-0.00109188 	-0.00107846 	8.40616e-06
0.302233 	-0.00106892 	-0.00108377 	9.24236e-06
0.303752 	-0.00104597 	-0.00108908 	1.00786e-05
0.305271 	-0.00102302 	-0.00109439 	1.09148e-05
0.306789 	-0.00100006 	-0.0010997 	1.1751e-05
0.308308 	-0.000977112 	-0.001105 	1.25872e-05
0.309827 	-0.000954194 	-0.00110999 	1.2638e-05
0.311346 	-0.000931288 	-0.00111527 	1.36291e-05
0.312864 	-0.000908066 	-0.00112065 	1.46126e-05
0.314383 	-0.000884743 	-0.0011259 	1.51568e-05
0.315902 	-0.00086142 	-0.00113114 	1.57011e-05
0.317421 	-0.000838098 	-0.00113639 	1.62453e-05
0.318939 	-0.000814775 	-0.00114164 	1.67895e-05
0.320458 	-0.000791453 	-0.00114688 	1.73337e-05
0.321977 	-0.00076813 	-0.00115213 	1.7878e-05
0.323496 	-0.000744807 	-0.00115738 	1.84222e-05
0.325015 	-0.000721485 	-0.00116262 	1.89664e-05
0.326533 	-0.000698168 	-0.00116753 	1.78911e-05
0.328052 	-0.000674794 	-0.00117293 	1.94379e-05
0.329571 	-0.000651004 	-0.00117815 	1.98032e-05
0.33109 	-0.00062719 	-0.00118336 	2.00453e-05
0.332608 	-0.000603375 	-0.00118857 	2.02875e-05
0.334127 	-0.000579561 	-0.00119378 	2.05296e-05
0.335646 	-0.000555746 	-0.00119899 	2.07717e-05
0.337165 	-0.000531932 	-0.00120419 	2.10138e-05
0.338683 	-0.000508117 	-0.0012094 	2.12559e-05
0.340202 	-0.000484302 	-0.00121461 	2.1498e-05
0.341721 	-0.000460488 	-0.00121982 	2.17401e-05
0.34324 	-0.000436574 	-0.00122488 	2.07135e-05
0.344758 	-0.000412678 	-0.00123009 	2.12378e-05
0.346277 	-0.000388266 	-0.0012353 	2.19012e-05
0.347796 	-0.000363643 	-0.00124046 	2.20094e-05
0.349315 	-0.00033902 	-0.00124562 	2.21175e-05
0.350833 	-0.000314397 	-0.00125078 	2.22257e-05
0.352352 	-0.000289774 	-0.00125593 	2.23338e-05
0.353871 	-0.000265151 	-0.00126109 	2.2442e-05
0.35539 	-0.000240528 	-0.00126625 	2.25501e-05
0.356908 	-0.000215904 	-0.00127141 	2.26583e-05
0.358427 	-0.000191281 	-0.00127656 	2.27664e-05
0.359946 	-0.000166658 	-0.00128172 	2.28746e-05
0.361465 	-0.000141494 	-0.00128674 	2.10623e-05
0.362983 	-0.000116841 	-0.00129199 	2.26976e-05
0.364502 	-9.12584e-05 	-0.00129707 	2.28139e-05
0.366021 	-6.56757e-05 	-0.00130214 	2.29303e-05
0.36754 	-4.00929e-05 	-0.00130721 	2.30466e-05
0.369059 	-1.45102e-05 	-0.00131228 	2.3163e-05
0.370577 	1.10726e-05 	-0.00131735 	2.32793e-05
0.372096 	3.66553e-05 	-0.00132243 	2.33957e-05
0.373615 	6.2238e-05 	-0.0013275 	2.3512e-05
0.375134 	8.78208e-05 	-0.00133257 	2.36284e-05
0.376652 	0.000113404 	-0.00133764 	2.37447e-05
0.378171 	0.000138986 	-0.00134272 	2.38611e-05
0.37969 	0.00016526 	-0.00134771 	2.2536e-05
0.381209 	0.000190504 	-0.00135286 	2.39088e-05
0.382727 	0.000216926 	-0.00135781 	2.40982e-05
0.384246 	0.000243347 	-0.00136277 	2.42875e-05
0.385765 	0.000269768 	-0.00136772 	2.44768e-05
0.387284 	0.000296189 	-0.00137267 	2.46661e-05
0.388802 	0.000322611 	-0.00137763 	2.48555e-05
0.390321 	0.000349032 	-0.00138258 	2.50448e-05
0.39184 	0.000375453 	-0.00138754 	2.52341e-05
0.393359 	0.000401875 	-0.00139249 	2.54235e-05
0.394877 	0.000428296 	-0.00139744 	2.56128e-05
0.396396 	0.000454717 	-0.0014024 	2.58021e-05
0.397915 	0.000481566 	-0.00140732 	2.54222e-05
0.399434 	0.000507835 	-0.00141229 	2.58591e-05
0.400952 	0.000534497 	-0.00141719 	2.65192e-05
0.402471 	0.000561772 	-0.00142201 	2.67491e-05
0.40399 	0.000589048 	-0.00142683 	2.69789e-05
0.405509 	0.000616324 	-0.00143165 	2.72088e-05
0.407028 	0.0006436 	-0.00143648 	2.74386e-05
0.408546 	0.000670876 	-0.0014413 	2.76684e-05
0.410065 	0.000698152 	-0.00144612 	2.78983e-05
0.411584 	0.000725428 	-0.00145094 	2.81281e-05
0.413103 	0.000752703 	-0.00145576 	2.83579e-05
0.414621 	0.000779979 	-0.00146058 	2.85878e-05
0.41614 	0.000807255 	-0.0014654 	2.88176e-05
0.417659 	0.000835309 	-0.00147017 	2.83856e-05
0.419178 	0.000862466 	-0.00147512 	2.9296e-05
0.420696 	0.000890341 	-0.00147991 	2.98604e-05
0.422215 	0.000918601 	-0.00148461 	3.01059e-05
0.423734 	0.000946861 	-0.00148932 	3.03513e-05
0.425253 	0.000975121 	-0.00149403 	3.05968e-05
0.426771 	0.00100338 	-0.00149874 	3.08422e-05
0.42829 	0.00103164 	-0.00150344 	3.10877e-05
0.429809 	0.0010599 	-0.00150815 	3.13331e-05
0.431328 	0.00108816 	-0.00151286 	3.15786e-05
0.432846 	0.00111642 	-0.00151757 	3.1824e-05
0.434365 	0.00114468 	-0.00152227 	3.20695e-05
0.435884 	0.00117294 	-0.00152698 	3.2315e-05
0.437403 	0.00120153 	-0.00153159 	3.21623e-05
0.438921 	0.00123035 	-0.00153629 	3.22817e-05
0.44044 	0.00125895 	-0.00154119 	3.33763e-05
0.441959 	0.00128813 	-0.00154578 	3.3667e-05
0.443478 	0.00131731 	-0.00155037 	3.39578e-05
0.444996 	0.0013465 	-0.00155495 	3.42486e-05
0.446515 	0.00137568 	-0.00155954 	3.45394e-05
0.448034 	0.00140486 	-0.00156413 	3.48302e-05
0.449553 	0.00143404 	-0.00156872 	3.51209e-05
0.451072 	0.00146322 	-0.0015733 	3.54117e-05
0.45259 	0.0014924 	-0.00157789 	3.57025e-05
0.454109 	0.00152158 	-0.00158248 	3.59933e-05
0.455628 	0.00155076 	-0.00158706 	3.62841e-05
0.457147 	0.00157994 	-0.00159165 	3.65748e-05
0.458665 	0.00160924 	-0.00159587 	3.61084e-05
0.460184 	0.00163845 	-0.00160051 	3.69697e-05
0.461703 	0.00166811 	-0.00160515 	3.7722e-05
0.463222 	0.00169802 	-0.00160961 	3.79374e-05
0.46474 	0.00172794 	-0.00161407 	3.81527e-05
0.466259 	0.00175785 	-0.00161853 	3.83681e-05
0.467778 	0.00178777 	-0.00162298 	3.85835e-05
0.469297 	0.00181768 	-0.00162744 	3.87989e-05
0.470815 	0.0018476 	-0.0016319 	3.90142e-05
0.472334 	0.00187751 	-0.00163636 	3.92296e-05
0.473853 	0.00190743 	-0.00164081 	3.9445e-05
0.475372 	0.00193734 	-0.00164527 	3.96604e-05
0.47689 	0.00196726 	-0.00164973 	3.98757e-05
0.478409 	0.00199717 	-0.00165419 	4.00911e-05
0.479928 	0.00202707 	-0.00165838 	3.97688e-05
0.481447 	0.00205685 	-0.00166257 	3.97802e-05
0.482965 	0.00208692 	-0.0016671 	4.06264e-05
0.484484 	0.00211742 	-0.0016714 	4.06066e-05
0.486003 	0.00214792 	-0.0016757 	4.05868e-05
0.487522 	0.00217842 	-0.00168 	4.0567e-05
0.489041 	0.00220892 	-0.0016843 	4.05472e-05
0.490559 	0.00223941 	-0.0016886 	4.05274e-05
0.492078 	0.00226991 	-0.0016929 	4.05076e-05
0.493597 	0.00230041 	-0.0016972 	4.04878e-05
0.495116 	0.00233091 	-0.0017015 	4.0468e-05
0.496634 	0.00236141 	-0.0017058 	4.04482e-05
0.498153 	0.00239191 	-0.0017101 	4.04284e-05
0.499672 	0.00242241 	-0.0017144 	4.04086e-05
0.501191 	0.0024529 	-0.0017187 	4.03888e-05
0.502709 	0.00248341 	-0.00172256 	3.95049e-05
0.504228 	0.00251363 	-0.00172678 	4.00151e-05
0.505747 	0.00254451 	-0.0017309 	4.01657e-05
0.507266 	0.00257558 	-0.00173496 	4.00817e-05
0.508784 	0.00260665 	-0.00173902 	3.99978e-05
0.510303 	0.00263773 	-0.00174308 	3.99138e-05
0.511822 	0.0026688 	-0.00174714 	3.98299e-05
0.513341 	0.00269987 	-0.0017512 	3.97459e-05
0.514859 	0.00273095 	-0.00175525 	3.9662e-05
0.516378 	0.00276202 	-0.00175931 	3.9578e-05
0.517897 	0.00279309 	-0.00176337 	3.9494e-05
0.519416 	0.00282416 	-0.00176743 	3.94101e-05
0.520934 	0.00285524 	-0.00177149 	3.93261e-05
0.522453 	0.00288631 	-0.00177555 	3.92422e-05
0.523972 	0.00291738 	-0.00177961 	3.91582e-05
0.525491 	0.00294853 	-0.00178339 	3.86789e-05
0.52701 	0.00297905 	-0.00178717 	3.90396e-05
0.528528 	0.00301027 	-0.00179098 	3.95614e-05
0.530047 	0.00304207 	-0.00179475 	3.98355e-05
0.531566 	0.00307386 	-0.00179851 	4.01096e-05
0.533085 	0.00310565 	-0.00180228 	4.03838e-05
0.534603 	0.00313745 	-0.00180604 	4.06579e-05
0.536122 	0.00316924 	-0.00180981 	4.0932e-05
0.537641 	0.00320104 	-0.00181358 	4.12062e-05
0.53916 	0.00323283 	-0.00181734 	4.14803e-05
0.540678 	0.00326462 	-0.00182111 	4.17544e-05
0.542197 	0.00329642 	-0.00182487 	4.20285e-05
0.543716 	0.00332821 	-0.00182864 	4.23027e-05
0.545235 	0.00336001 	-0.00183241 	4.25768e-05
0.546753 	0.0033918 	-0.00183617 	4.28509e-05
0.548272 	0.00342359 	-0.00183994 	4.31251e-05
0.549791 	0.00345623 	-0.00184356 	4.29864e-05
0.55131 	0.00348694 	-0.00184706 	4.43866e-05
0.552828 	0.00351957 	-0.00185056 	4.49329e-05
0.554347 	0.0035522 	-0.00185407 	4.54791e-05
0.555866 	0.00358482 	-0.00185758 	4.60254e-05
0.557385 	0.00361745 	-0.00186108 	4.65716e-05
0.558903 	0.00365008 	-0.00186459 	4.71179e-05
0.560422 	0.00368271 	-0.0018681 	4.76642e-05
0.561941 	0.00371534 	-0.0018716 	4.82104e-05
0.56346 	0.00374796 	-0.00187511 	4.87567e-05
0.564978 	0.00378059 	-0.00187862 	4.93029e-05
0.566497 	0.00381322 	-0.00188212 	4.98492e-05
0.568016 	0.00384585 	-0.00188563 	5.03954e-05
0.569535 	0.00387848 	-0.00188914 	5.09417e-05
0.571054 	0.0039111 	-0.00189264 	5.1488e-05
0.572572 	0.00394373 	-0.00189615 	5.20342e-05
0.574091 	0.00397782 	-0.00189984 	5.18084e-05
0.57561 	0.00400963 	-0.00190299 	5.30531e-05
0.577129 	0.00404311 	-0.0019064 	5.33173e-05
0.578647 	0.0040766 	-0.00190981 	5.35739e-05
0.580166 	0.0041101 	-0.00191323 	5.38305e-05
0.581685 	0.00414359 	-0.00191664 	5.40871e-05
0.583204 	0.00417708 	-0.00192005 	5.43436e-05
0.584722 	0.00421058 	-0.00192346 	5.46002e-05
0.586241 	0.00424407 	-0.00192688 	5.48568e-05
0.58776 	0.00427756 	-0.00193029 	5.51133e-05
0.589279 	0.00431106 	-0.0019337 	5.53699e-05
0.590797 	0.00434455 	-0.00193712 	5.56265e-05
0.592316 	0.00437804 	-0.00194053 	5.5883e-05
0.593835 	0.00441154 	-0.00194394 	5.61396e-05
0.595354 	0.00444503 	-0.00194735 	5.63962e-05
0.596872 	0.00447852 	-0.00195077 	5.66527e-05
0.598391 	0.00451262 	-0.00195438 	5.65638e-05
0.59991 	0.00454672 	-0.00195789 	5.64844e-05
0.601429 	0.00458025 	-0.00196109 	5.67589e-05
0.602947 	0.00461451 	-0.00196451 	5.66326e-05
0.604466 	0.00464877 	-0.00196793 	5.65064e-05
0.605985 	0.00468303 	-0.00197135 	5.63801e-05
0.607504 	0.00471729 	-0.00197477 	5.62539e-05
0.609023 	0.00475155 	-0.00197819 	5.61276e-05
0.610541 	0.00478581 	-0.00198161 	5.60013e-05
0.61206 	0.00482007 	-0.00198503 	5.58751e-05
0.613579 	0.00485433 	-0.00198845 	5.57488e-05
0.615098 	0.00488859 	-0.00199187 	5.56226e-05
0.616616 	0.00492285 	-0.0019953 	5.54963e-05
0.618135 	0.00495711 	-0.00199872 	5.537e-05
0.619654 	0.00499137 	-0.00200214 	5.52438e-05
0.621173 	0.00502563 	-0.00200556 	5.51175e-05
0.622691 	0.00505989 	-0.00200898 	5.49913e-05
0.62421 	0.00509461 	-0.0020126 	5.46504e-05
0.625729 	0.00512928 	-0.00201616 	5.43385e-05
0.627248 	0.00516354 	-0.00201935 	5.42767e-05
0.628766 	0.00519861 	-0.00202273 	5.39173e-05
0.630285 	0.00523368 	-0.0020261 	5.35578e-05
0.631804 	0.00526874 	-0.00202947 	5.31983e-05
0.633323 	0.00530381 	-0.00203285 	5.28389e-05
0.634841 	0.00533888 	-0.00203622 	5.24794e-05
0.63636 	0.00537394 	-0.00203959 	5.212e-05
0.637879 	0.00540901 	-0.00204297 	5.17605e-05
0.639398 	0.00544408 	-0.00204634 	5.1401e-05
0.640916 	0.00547914 	-0.00204971 	5.10416e-05
0.642435 	0.00551421 	-0.00205309 	5.06821e-05
0.643954 	0.00554928 	-0.00205646 	5.03226e-05
0.645473 	0.00558434 	-0.00205983 	4.99632e-05
0.646991 	0.00561941 	-0.00206321 	4.96037e-05
0.64851 	0.00565448 	-0.00206658 	4.92442e-05
0.650029 	0.00568954 	-0.00206995 	4.88848e-05
0.651548 	0.00572568 	-0.00207367 	4.81547e-05
0.653067 	0.00576021 	-0.00207685 	4.7609e-05
0.654585 	0.00579638 	-0.00208009 	4.70626e-05
0.656104 	0.00583259 	-0.00208333 	4.65159e-05
0.657623 	0.0058688 	-0.00208658 	4.59693e-05
0.659142 	0.00590501 	-0.00208982 	4.54226e-05
0.66066 	0.00594122 	-0.00209306 	4.4876e-05
0.662179 	0.00597743 	-0.0020963 	4.43293e-05
0.663698 	0.00601364 	-0.00209954 	4.37827e-05
0.665217 	0.00604985 	-0.00210278 	4.3236e-05
0.666735 	0.00608606 	-0.00210602 	4.26894e-05
0.668254 	0.00612227 	-0.00210926 	4.21427e-05
0.669773 	0.00615848 	-0.0021125 	4.15961e-05
0.671292 	0.00619469 	-0.00211574 	4.10494e-05
0.67281 	0.0062309 	-0.00211898 	4.05028e-05
0.674329 	0.00626711 	-0.00212223 	3.99561e-05
0.675848 	0.00630332 	-0.00212547 	3.94095e-05
0.677367 	0.00633953 	-0.00212871 	3.88628e-05
0.678885 	0.00637703 	-0.0021321 	3.823e-05
0.680404 	0.0064129 	-0.00213537 	3.71197e-05
0.681923 	0.00645042 	-0.00213847 	3.64897e-05
0.683442 	0.00648794 	-0.00214157 	3.58596e-05
0.68496 	0.00652545 	-0.00214466 	3.52296e-05
0.686479 	0.00656297 	-0.00214776 	3.45996e-05
0.687998 	0.00660049 	-0.00215086 	3.39696e-05
0.689517 	0.006638 	-0.00215395 	3.33396e-05
0.691036 	0.00667552 	-0.00215705 	3.27095e-05
0.692554 	0.00671304 	-0.00216015 	3.20795e-05
0.694073 	0.00675055 	-0.00216325 	3.14495e-05
0.695592 	0.00678807 	-0.00216634 	3.08195e-05
0.697111 	0.00682559 	-0.00216944 	3.01895e-05
0.698629 	0.0068631 	-0.00217254 	2.95594e-05
0.700148 	0.00690062 	-0.00217563 	2.89294e-05
0.701667 	0.00693814 	-0.00217873 	2.82994e-05
0.703186 	0.00697566 	-0.00218183 	2.76694e-05
0.704704 	0.00701317 	-0.00218493 	2.70394e-05
0.706223 	0.00705128 	-0.00218799 	2.65225e-05
0.707742 	0.00708897 	-0.0021913 	2.54829e-05
0.709261 	0.00712705 	-0.00219444 	2.45149e-05
0.710779 	0.00716576 	-0.00219736 	2.38607e-05
0.712298 	0.00720448 	-0.00220028 	2.32065e-05
0.713817 	0.0072432 	-0.0022032 	2.25523e-05
0.715336 	0.00728192 	-0.00220612 	2.18981e-05
0.716854 	0.00732063 	-0.00220904 	2.12439e-05
0.718373 	0.00735935 	-0.00221196 	2.05897e-05
0.719892 	0.00739807 	-0.00221488 	1.99355e-05
0.721411 	0.00743678 	-0.0022178 	1.92813e-05
0.722929 	0.0074755 	-0.00222072 	1.86271e-05
0.724448 	0.00751422 	-0.00222364 	1.79729e-05
0.725967 	0.00755293 	-0.00222656 	1.73187e-05
0.727486 	0.00759165 	-0.00222948 	1.66645e-05
0.729005 	0.00763037 	-0.0022324 	1.60103e-05
0.730523 	0.00766908 	-0.00223532 	1.53561e-05
0.732042 	0.0077078 	-0.00223824 	1.47019e-05
0.733561 	0.00774652 	-0.00224116 	1.40477e-05
0.73508 	0.00778586 	-0.00224377 	1.3672e-05
0.736598 	0.00782453 	-0.00224683 	1.2396e-05
0.738117 	0.00786374 	-0.00224968 	1.14972e-05
0.739636 	0.00790327 	-0.00225238 	1.08698e-05
0.741155 	0.00794279 	-0.00225507 	1.02425e-05
0.742673 	0.00798232 	-0.00225777 	9.61516e-06
0.744192 	0.00802184 	-0.00226046 	8.98782e-06
0.745711 	0.00806137 	-0.00226316 	8.36048e-06
0.74723 	0.0081009 	-0.00226585 	7.73314e-06
0.748748 	0.00814042 	-0.00226855 	7.1058e-06
0.750267 	0.00817995 	-0.00227124 	6.47847e-06
0.751786 	0.00821948 	-0.00227394 	5.85113e-06
0.753305 	0.008259 	-0.00227663 	5.22379e-06
0.754823 	0.00829853 	-0.00227932 	4.59645e-06
0.756342 	0.00833806 	-0.00228202 	3.96911e-06
0.757861 	0.00837758 	-0.00228471 	3.34177e-06
0.75938 	0.00841711 	-0.00228741 	2.71443e-06
0.760898 	0.00845663 	-0.0022901 	2.08709e-06
0.762417 	0.00849616 	-0.0022928 	1.45975e-06
0.763936 	0.00853585 	-0.00229533 	1.02377e-06
0.765455 	0.00857559 	-0.00229773 	5.44164e-07
0.766973 	0.00861507 	-0.00230046 	-4.11897e-07
0.768492 	0.00865512 	-0.00230297 	-6.98841e-07
0.770011 	0.00869517 	-0.00230548 	-9.85785e-07
0.77153 	0.00873523 	-0.00230799 	-1.27273e-06
0.773049 	0.00877528 	-0.00231049 	-1.55967e-06
0.774567 	0.00881533 	-0.002313 	-1.84662e-06
0.776086 	0.00885539 	-0.00231551 	-2.13356e-06
0.777605 	0.00889544 	-0.00231802 	-2.42051e-06
0.779124 	0.0089355 	-0.00232053 	-2.70745e-06
0.780642 	0.00897555 	-0.00232304 	-2.99439e-06
0.782161 	0.0090156 	-0.00232555 	-3.28134e-06
0.78368 	0.00905566 	-0.00232806 	-3.56828e-06
0.785199 	0.00909571 	-0.00233057 	-3.85523e-06
0.786717 	0.00913576 	-0.00233308 	-4.14217e-06
0.788236 	0.00917582 	-0.00233558 	-4.42911e-06
0.789755 	0.00921587 	-0.00233809 	-4.71606e-06
0.791274 	0.00925592 	-0.0023406 	-5.003e-06
0.792792 	0.00929598 	-0.00234311 	-5.28995e-06
0.794311 	0.00933621 	-0.00234544 	-5.07793e-06
0.79583 	0.00937615 	-0.00234774 	-5.01067e-06
0.797349 	0.00941635 	-0.0023501 	-5.05304e-06
0.798867 	0.00945689 	-0.00235243 	-4.8644e-06
0.800386 	0.00949743 	-0.00235477 	-4.67576e-06
0.801905 	0.00953797 	-0.0023571 	-4.48713e-06
0.803424 	0.00957851 	-0.00235943 	-4.29849e-06
0.804942 	0.00961905 	-0.00236177 	-4.10986e-06
0.806461 	0.00965959 	-0.0023641 	-3.92122e-06
0.80798 	0.00970012 	-0.00236643 	-3.73258e-06
0.809499 	0.00974066 	-0.00236877 	-3.54395e-06
0.811018 	0.0097812 	-0.0023711 	-3.35531e-06
0.812536 	0.00982174 	-0.00237343 	-3.16668e-06
0.814055 	0.00986228 	-0.00237577 	-2.97804e-06
0.815574 	0.00990282 	-0.0023781 	-2.7894e-06
0.817093 	0.00994336 	-0.00238043 	-2.60077e-06
0.818611 	0.00998389 	-0.00238276 	-2.41213e-06
0.82013 	0.0100244 	-0.0023851 	-2.2235e-06
0.821649 	0.010065 	-0.00238743 	-2.03486e-06
0.823168 	0.0101055 	-0.00238976 	-1.84622e-06
0.824686 	0.0101461 	-0.00239206 	-1.47528e-06
0.826205 	0.0101866 	-0.00239419 	-7.13316e-07
0.827724 	0.0102269 	-0.00239628 	-4.31774e-07
0.829243 	0.0102676 	-0.00239836 	-1.18728e-07
0.830761 	0.0103082 	-0.00240043 	1.94317e-07
0.83228 	0.0103489 	-0.00240251 	5.07362e-07
0.833799 	0.0103896 	-0.00240458 	8.20408e-07
0.835318 	0.0104303 	-0.00240666 	1.13345e-06
0.836836 	0.010471 	-0.00240873 	1.4465e-06
0.838355 	0.0105116 	-0.00241081 	1.75954e-06
0.839874 	0.0105523 	-0.00241288 	2.07259e-06
0.841393 	0.010593 	-0.00241496 	2.38563e-06
0.842911 	0.0106337 	-0.00241703 	2.69868e-06
0.84443 	0.0106744 	-0.00241911 	3.01173e-06
0.845949 	0.0107151 	-0.00242118 	3.32477e-06
0.847468 	0.0107557 	-0.00242326 	3.63782e-06
0.848986 	0.0107964 	-0.00242533 	3.95086e-06
0.850505 	0.0108371 	-0.00242741 	4.26391e-06
0.852024 	0.0108778 	-0.00242948 	4.57695e-06
0.853543 	0.0109185 	-0.00243156 	4.89e-06
0.855062 	0.0109591 	-0.00243363 	5.20304e-06
0.85658 	0.0109998 	-0.0024356 	5.61656e-06
0.858099 	0.01104 	-0.00243753 	6.05408e-06
0.859618 	0.0110805 	-0.00243931 	6.3113e-06
0.861137 	0.0111212 	-0.00244106 	6.52526e-06
0.862655 	0.0111619 	-0.0024428 	6.73923e-06
0.864174 	0.0112026 	-0.00244454 	6.95319e-06
0.865693 	0.0112433 	-0.00244628 	7.16716e-06
0.867212 	0.011284 	-0.00244803 	7.38112e-06
0.86873 	0.0113247 	-0.00244977 	7.59509e-06
0.870249 	0.0113654 	-0.00245151 	7.80905e-06
0.871768 	0.0114061 	-0.00245325 	8.02302e-06
0.873287 	0.0114469 	-0.002455 	8.23698e-06
0.874805 	0.0114876 	-0.00245674 	8.45095e-06
0.876324 	0.0115283 	-0.00245848 	8.66491e-06
0.877843 	0.011569 	-0.00246022 	8.87888e-06
0.879362 	0.0116097 	-0.00246196 	9.09284e-06
0.88088 	0.0116504 	-0.00246371 	9.30681e-06
0.882399 	0.0116911 	-0.00246545 	9.52077e-06
0.883918 	0.0117318 	-0.00246719 	9.73474e-06
0.885437 	0.0117725 	-0.00246893 	9.9487e-06
0.886955 	0.0118132 	-0.00247068 	1.01627e-05
0.888474 	0.0118538 	-0.00247226 	1.0278e-05
0.889993 	0.011894 	-0.00247389 	1.05461e-05
0.891512 	0.0119345 	-0.00247536 	1.07718e-05
0.893031 	0.0119752 	-0.00247669 	1.08851e-05
0.894549 	0.0120159 	-0.00247802 	1.09984e-05
0.896068 	0.0120566 	-0.00247934 	1.11118e-05
0.897587 	0.0120973 	-0.00248067 	1.12251e-05
0.899106 	0.012138 	-0.002482 	1.13384e-05
0.900624 	0.0121787 	-0.00248332 	1.14518e-05
0.902143 	0.0122194 	-0.00248465 	1.15651e-05
0.903662 	0.0122601 	-0.00248597 	1.16784e-05
0.905181 	0.0123008 	-0.0024873 	1.17918e-05
0.906699 	0.0123415 	-0.00248863 	1.19051e-05
0.908218 	0.0123822 	-0.00248995 	1.20184e-05
0.909737 	0.0124229 	-0.00249128 	1.21318e-05
0.911256 	0.0124636 	-0.0024926 	1.22451e-05
0.912774 	0.0125043 	-0.00249393 	1.23584e-05
0.914293 	0.012545 	-0.00249526 	1.24718e-05
0.915812 	0.0125857 	-0.00249658 	1.25851e-05
0.917331 	0.0126264 	-0.00249791 	1.26984e-05
0.918849 	0.0126671 	-0.00249923 	1.28118e-05
0.920368 	0.0127078 	-0.00250056 	1.29251e-05
0.921887 	0.0127483 	-0.00250141 	1.2674e-05
0.923406 	0.0127879 	-0.00250279 	1.29932e-05
0.924924 	0.0128284 	-0.0025036 	1.30252e-05
0.926443 	0.0128689 	-0.00250441 	1.30571e-05
0.927962 	0.0129094 	-0.00250522 	1.30891e-05
0.929481 	0.01295 	-0.00250603 	1.3121e-05
0.930999 	0.0129905 	-0.00250684 	1.3153e-05
0.932518 	0.013031 	-0.00250765 	1.31849e-05
0.934037 	0.0130715 	-0.00250846 	1.32168e-05
0.935556 	0.013112 	-0.00250927 	1.32488e-05
0.937075 	0.0131525 	-0.00251008 	1.32807e-05
0.938593 	0.0131931 	-0.00251089 	1.33127e-05
0.940112 	0.0132336 	-0.0025117 	1.33446e-05
0.941631 	0.0132741 	-0.00251251 	1.33765e-05
0.94315 	0.0133146 	-0.00251332 	1.34085e-05
0.944668 	0.0133551 	-0.00251413 	1.34404e-05
0.946187 	0.0133957 	-0.00251494 	1.34724e-05
0.947706 	0.0134362 	-0.00251575 	1.35043e-05
0.949225 	0.0134767 	-0.00251656 	1.35363e-05
0.950743 	0.0135172 	-0.00251737 	1.35682e-05
0.952262 	0.0135577 	-0.00251818 	1.36001e-05
0.953781 	0.0135982 	-0.00251899 	1.36321e-05
0.9553 	0.0136385 	-0.00251928 	1.34297e-05
0.956818 	0.0136781 	-0.00252008 	1.36749e-05
0.958337 	0.0137184 	-0.00252044 	1.37555e-05
0.959856 	0.0137586 	-0.0025208 	1.38362e-05
0.961375 	0.0137989 	-0.00252116 	1.39168e-05
0.962893 	0.0138392 	-0.00252152 	1.39975e-05
0.964412 	0.0138794 	-0.00252188 	1.40781e-05
0.965931 	0.0139197 	-0.00252224 	1.41588e-05
0.96745 	0.0139599 	-0.0025226 	1.42394e-05
0.968968 	0.0140002 	-0.00252296 	1.43201e-05
0.970487 	0.0140405 	-0.00252332 	1.44007e-05
0.972006 	0.0140807 	-0.00252368 	1.44814e-05
0.973525 	0.014121 	-0.00252404 	1.4562e-05
0.975044 	0.0141613 	-0.0025244 	1.46427e-05
0.976562 	0.0142015 	-0.00252476 	1.47233e-05
0.978081 	0.0142418 	-0.00252512 	1.4804e-05
0.9796 	0.014282 	-0.00252548 	1.48846e-05
0.981119 	0.0143223 	-0.00252584 	1.49653e-05
0.982637 	0.0143626 	-0.0025262 	1.50459e-05
0.984156 	0.0144028 	-0.00252656 	1.51266e-05
0.985675 	0.0144431 	-0.00252692 	1.52072e-05
0.987194 	0.0144834 	-0.00252728 	1.52879e-05
0.988712 	0.0145236 	-0.00252723 	1.5286e-05
0.990231 	0.014563 	-0.00252765 	1.54992e-05
0.99175 	0.0146026 	-0.00252765 	1.56696e-05
0.993269 	0.0146423 	-0.00252765 	1.584e-05
0.994787 	0.0146819 	-0.00252766 	1.60104e-05
0.996306 	0.0147216 	-0.00252766 	1.61808e-05
0.997825 	0.0147612 	-0.00252766 	1.63512e-05
0.999344 	0.0148009 	-0.00252766 	1.65216e-05
1.00086 	0.0148405 	-0.00252766 	1.6692e-05
1.00238 	0.0148801 	-0.00252766 	1.68624e-05
1.0039 	0.0149198 	-0.00252766 	1.70328e-05
1.00542 	0.0149594 	-0.00252767 	1.72032e-05
1.00694 	0.0149991 	-0.00252767 	1.73735e-05
1.00846 	0.0150387 	-0.00252767 	1.75439e-05
1.00997 	0.0150784 	-0.00252767 	1.77143e-05
1.01149 	0.015118 	-0.00252767 	1.78847e-05
1.01301 	0.0151576 	-0.00252767 	1.80551e-05
1.01453 	0.0151973 	-0.00252768 	1.82255e-05
1.01605 	0.0152369 	-0.00252768 	1.83959e-05
1.01757 	0.0152766 	-0.00252768 	1.85663e-05
1.01909 	0.0153162 	-0.00252768 	1.87367e-05
1.02061 	0.0153559 	-0.00252768 	1.89071e-05
1.02213 	0.0153955 	-0.00252768 	1.90778e-05
1.02364 	0.0154345 	-0.00252728 	1.92536e-05
1.02516 	0.015473 	-0.0025272 	1.94476e-05
1.02668 	0.0155118 	-0.0025268 	1.97537e-05
1.0282 	0.0155505 	-0.00252641 	2.00598e-05
1.02972 	0.0155893 	-0.00252601 	2.03659e-05
1.03124 	0.0156281 	-0.00252562 	2.06721e-05
1.03276 	0.0156668 	-0.00252522 	2.09782e-05
1.03428 	0.0157056 	-0.00252483 	2.12843e-05
1.03579 	0.0157443 	-0.00252444 	2.15904e-05
1.03731 	0.0157831 	-0.00252404 	2.18965e-05
1.03883 	0.0158219 	-0.00252365 	2.22026e-05
1.04035 	0.0158606 	-0.00252325 	2.25087e-05
1.04187 	0.0158994 	-0.00252286 	2.28148e-05
1.04339 	0.0159381 	-0.00252246 	2.31209e-05
1.04491 	0.0159769 	-0.00252207 	2.3427e-05
1.04643 	0.0160157 	-0.00252167 	2.37332e-05
1.04794 	0.0160544 	-0.00252128 	2.40393e-05
1.04946 	0.0160932 	-0.00252088 	2.43454e-05
1.05098 	0.0161319 	-0.00252049 	2.46515e-05
1.0525 	0.0161707 	-0.00252009 	2.49576e-05
1.05402 	0.0162095 	-0.0025197 	2.52637e-05
1.05554 	0.0162482 	-0.0025193 	2.55698e-05
1.05706 	0.016287 	-0.00251891 	2.58759e-05
1.05858 	0.016325 	-0.00251806 	2.63543e-05
1.06009 	0.0163628 	-0.00251749 	2.67146e-05
1.06161 	0.0164009 	-0.00251667 	2.71299e-05
1.06313 	0.016439 	-0.00251586 	2.75452e-05
1.06465 	0.0164771 	-0.00251505 	2.79606e-05
1.06617 	0.0165152 	-0.00251424 	2.83759e-05
1.06769 	0.0165533 	-0.00251343 	2.87912e-05
1.06921 	0.0165914 	-0.00251262 	2.92065e-05
1.07073 	0.0166295 	-0.00251181 	2.96218e-05
1.07224 	0.0166677 	-0.002511 	3.00371e-05
1.07376 	0.0167058 	-0.00251019 	3.04524e-05
1.07528 	0.0167439 	-0.00250938 	3.08677e-05
1.0768 	0.016782 	-0.00250857 	3.1283e-05
1.07832 	0.0168201 	-0.00250776 	3.16984e-05
1.07984 	0.0168582 	-0.00250695 	3.21137e-05
1.08136 	0.0168963 	-0.00250613 	3.2529e-05
1.08288 	0.0169344 	-0.00250532 	3.29443e-05
1.08439 	0.0169725 	-0.00250451 	3.33596e-05
1.08591 	0.0170107 	-0.0025037 	3.37749e-05
1.08743 	0.0170488 	-0.00250289 	3.41902e-05
1.08895 	0.0170869 	-0.00250208 	3.46055e-05
1.09047 	0.017125 	-0.00250127 	3.50208e-05
1.09199 	0.0171631 	-0.00250046 	3.54361e-05
1.09351 	0.0172011 	-0.00249935 	3.59065e-05
1.09503 	0.0172384 	-0.00249841 	3.61749e-05
1.09654 	0.0172757 	-0.00249729 	3.6415e-05
1.09806 	0.0173129 	-0.00249617 	3.66551e-05
1.09958 	0.0173502 	-0.00249505 	3.68951e-05
1.1011 	0.0173875 	-0.00249392 	3.71352e-05
1.10262 	0.0174247 	-0.0024928 	3.73753e-05
1.10414 	0.017462 	-0.00249168 	3.76153e-05
1.10566 	0.0174993 	-0.00249056 	3.78554e-05
1.10718 	0.0175365 	-0.00248944 	3.80955e-05
1.10869 	0.0175738 	-0.00248831 	3.83355e-05
1.11021 	0.0176111 	-0.00248719 	3.85756e-05
1.11173 	0.0176483 	-0.00248607 	3.88157e-05
1.11325 	0.0176856 	-0.00248495 	3.90557e-05
1.11477 	0.0177228 	-0.00248383 	3.92958e-05
1.11629 	0.0177601 	-0.0024827 	3.95359e-05
1.11781 	0.0177974 	-0.00248158 	3.97759e-05
1.11933 	0.0178346 	-0.00248046 	4.0016e-05
1.12084 	0.0178719 	-0.00247934 	4.02561e-05
1.12236 	0.0179092 	-0.00247822 	4.04961e-05
1.12388 	0.0179464 	-0.00247709 	4.07362e-05
1.1254 	0.0179837 	-0.00247597 	4.09763e-05
1.12692 	0.018021 	-0.00247485 	4.12163e-05
1.12844 	0.0180582 	-0.00247373 	4.14564e-05
1.12996 	0.0180949 	-0.00247238 	4.16346e-05
1.13148 	0.0181309 	-0.00247114 	4.16186e-05
1.13299 	0.0181668 	-0.00246982 	4.154e-05
1.13451 	0.0182026 	-0.00246851 	4.14613e-05
1.13603 	0.0182385 	-0.00246719 	4.13826e-05
1.13755 	0.0182743 	-0.00246587 	4.13039e-05
1.13907 	0.0183102 	-0.00246456 	4.12252e-05
1.14059 	0.0183461 	-0.00246324 	4.11465e-05
1.14211 	0.0183819 	-0.00246193 	4.10678e-05
1.14363 	0.0184178 	-0.00246061 	4.09891e-05
1.14514 	0.0184537 	-0.0024593 	4.09105e-05
1.14666 	0.0184895 	-0.00245798 	4.08318e-05
1.14818 	0.0185254 	-0.00245666 	4.07531e-05
1.1497 	0.0185612 	-0.00245535 	4.06744e-05
1.15122 	0.0185971 	-0.00245403 	4.05957e-05
1.15274 	0.018633 	-0.00245272 	4.0517e-05
1.15426 	0.0186688 	-0.0024514 	4.04383e-05
1.15578 	0.0187047 	-0.00245009 	4.03597e-05
1.15729 	0.0187405 	-0.00244877 	4.0281e-05
1.15881 	0.0187764 	-0.00244745 	4.02023e-05
1.16033 	0.0188123 	-0.00244614 	4.01236e-05
1.16185 	0.0188481 	-0.00244482 	4.00449e-05
1.16337 	0.018884 	-0.00244351 	3.99662e-05
1.16489 	0.0189198 	-0.00244218 	3.98877e-05
1.16641 	0.0189548 	-0.00244076 	3.98509e-05
1.16793 	0.0189892 	-0.00243934 	3.97091e-05
1.16944 	0.0190235 	-0.00243782 	3.94478e-05
1.17096 	0.0190578 	-0.0024363 	3.91865e-05
1.17248 	0.0190921 	-0.00243478 	3.89251e-05
1.174 	0.0191264 	-0.00243326 	3.86638e-05
1.17552 	0.0191606 	-0.00243174 	3.84025e-05
1.17704 	0.0191949 	-0.00243022 	3.81412e-05
1.17856 	0.0192292 	-0.0024287 	3.78798e-05
1.18008 	0.0192635 	-0.00242719 	3.76185e-05
1.18159 	0.0192978 	-0.00242567 	3.73572e-05
1.18311 	0.0193321 	-0.00242415 	3.70959e-05
1.18463 	0.0193663 	-0.00242263 	3.68345e-05
1.18615 	0.0194006 	-0.00242111 	3.65732e-05
1.18767 	0.0194349 	-0.00241959 	3.63119e-05
1.18919 	0.0194692 	-0.00241807 	3.60506e-05
1.19071 	0.0195035 	-0.00241655 	3.57892e-05
1.19223 	0.0195378 	-0.00241503 	3.55279e-05
1.19374 	0.0195721 	-0.00241351 	3.52666e-05
1.19526 	0.0196063 	-0.00241199 	3.50052e-05
1.19678 	0.0196406 	-0.00241047 	3.47439e-05
1.1983 	0.0196749 	-0.00240895 	3.44826e-05
1.19982 	0.0197092 	-0.00240743 	3.42213e-05
1.20134 	0.0197435 	-0.00240591 	3.39599e-05
1.20286 	0.0197771 	-0.00240422 	3.36571e-05
1.20438 	0.01981 	-0.00240264 	3.34401e-05
1.20589 	0.0198426 	-0.00240086 	3.31338e-05
1.20741 	0.0198753 	-0.00239908 	3.28275e-05
1.20893 	0.019908 	-0.00239731 	3.25212e-05
1.21045 	0.0199406 	-0.00239553 	3.22149e-05
1.21197 	0.0199733 	-0.00239375 	3.19086e-05
1.21349 	0.020006 	-0.00239198 	3.16023e-05
1.21501 	0.0200386 	-0.0023902 	3.1296e-05
1.21653 	0.0200713 	-0.00238843 	3.09897e-05
1.21805 	0.020104 	-0.00238665 	3.06834e-05
1.21956 	0.0201366 	-0.00238487 	3.03771e-05
1.22108 	0.0201693 	-0.0023831 	3.00708e-05
1.2226 	0.020202 	-0.00238132 	2.97645e-05
1.22412 	0.0202346 	-0.00237954 	2.94582e-05
1.22564 	0.0202673 	-0.00237777 	2.91519e-05
1.22716 	0.0203 	-0.00237599 	2.88456e-05
1.22868 	0.0203326 	-0.00237421 	2.85393e-05
1.2302 	0.0203653 	-0.00237244 	2.8233e-05
1.23171 	0.020398 	-0.00237066 	2.79267e-05
1.23323 	0.0204306 	-0.00236888 	2.76204e-05
1.23475 	0.0204633 	-0.00236711 	2.7314e-05
1.23627 	0.020496 	-0.00236533 	2.70077e-05
1.23779 	0.0205286 	-0.00236355 	2.67014e-05
1.23931 	0.020561 	-0.00236165 	2.63683e-05
1.24083 	0.0205923 	-0.00235983 	2.60267e-05
1.24235 	0.0206232 	-0.00235779 	2.58372e-05
1.24386 	0.0206541 	-0.00235575 	2.56477e-05
1.24538 	0.020685 	-0.00235371 	2.54582e-05
1.2469 	0.0207159 	-0.00235168 	2.52687e-05
1.24842 	0.0207468 	-0.00234964 	2.50792e-05
1.24994 	0.0207777 	-0.0023476 	2.48897e-05
1.25146 	0.0208086 	-0.00234556 	2.47001e-05
1.25298 	0.0208395 	-0.00234353 	2.45106e-05
1.2545 	0.0208704 	-0.00234149 	2.43211e-05
1.25601 	0.0209013 	-0.00233945 	2.41316e-05
1.25753 	0.0209322 	-0.00233741 	2.39421e-05
1.25905 	0.020963 	-0.00233537 	2.37526e-05
1.26057 	0.0209939 	-0.00233334 	2.35631e-05
1.26209 	0.0210248 	-0.0023313 	2.33735e-05
1.26361 	0.0210557 	-0.00232926 	2.3184e-05
1.26513 	0.0210866 	-0.00232722 	2.29945e-05
1.26665 	0.0211175 	-0.00232519 	2.2805e-05
1.26816 	0.0211484 	-0.00232315 	2.26155e-05
1.26968 	0.0211793 	-0.00232111 	2.2426e-05
1.2712 	0.0212102 	-0.00231907 	2.22365e-05
1.27272 	0.0212411 	-0.00231703 	2.2047e-05
1.27424 	0.021272 	-0.002315 	2.18574e-05
1.27576 	0.0213029 	-0.00231296 	2.16679e-05
1.27728 	0.0213331 	-0.00231074 	2.15817e-05
1.2788 	0.0213624 	-0.00230867 	2.1535e-05
1.28031 	0.0213913 	-0.00230646 	2.1587e-05
1.28183 	0.0214201 	-0.00230425 	2.1639e-05
1.28335 	0.021449 	-0.00230205 	2.1691e-05
1.28487 	0.0214778 	-0.00229984 	2.1743e-05
1.28639 	0.0215067 	-0.00229764 	2.17949e-05
1.28791 	0.0215355 	-0.00229543 	2.18469e-05
1.28943 	0.0215643 	-0.00229323 	2.18989e-05
1.29095 	0.0215932 	-0.00229102 	2.19509e-05
1.29246 	0.021622 	-0.00228881 	2.20029e-05
1.29398 	0.0216509 	-0.00228661 	2.20549e-05
1.2955 	0.0216797 	-0.0022844 	2.21069e-05
1.29702 	0.0217086 	-0.0022822 	2.21589e-05
1.29854 	0.0217374 	-0.00227999 	2.22109e-05
1.30006 	0.0217662 	-0.00227778 	2.22629e-05
1.30158 	0.0217951 	-0.00227558 	2.23149e-05
1.3031 	0.0218239 	-0.00227337 	2.23669e-05
1.30461 	0.0218528 	-0.00227117 	2.24189e-05
1.30613 	0.0218816 	-0.00226896 	2.24709e-05
1.30765 	0.0219104 	-0.00226676 	2.25229e-05
1.30917 	0.0219393 	-0.00226455 	2.25749e-05
1.31069 	0.0219681 	-0.00226234 	2.26269e-05
1.31221 	0.021997 	-0.00226014 	2.26789e-05
1.31373 	0.0220258 	-0.00225793 	2.27308e-05
1.31525 	0.0220536 	-0.00225561 	2.28908e-05
1.31676 	0.0220807 	-0.00225338 	2.29994e-05
1.31828 	0.0221074 	-0.00225104 	2.31043e-05
1.3198 	0.0221341 	-0.00224871 	2.32093e-05
1.32132 	0.0221608 	-0.00224637 	2.33142e-05
1.32284 	0.0221875 	-0.00224403 	2.34191e-05
1.32436 	0.0222142 	-0.00224169 	2.35241e-05
1.32588 	0.0222409 	-0.00223935 	2.3629e-05
1.3274 	0.0222676 	-0.00223702 	2.37339e-05
1.32891 	0.0222943 	-0.00223468 	2.38389e-05
1.33043 	0.022321 	-0.00223234 	2.39438e-05
1.33195 	0.0223477 	-0.00223 	2.40487e-05
1.33347 	0.0223745 	-0.00222766 	2.41536e-05
1.33499 	0.0224012 	-0.00222532 	2.42586e-05
1.33651 	0.0224279 	-0.00222299 	2.43635e-05
1.33803 	0.0224546 	-0.00222065 	2.44684e-05
1.33955 	0.0224813 	-0.00221831 	2.45734e-05
1.34106 	0.022508 	-0.00221597 	2.46783e-05
1.34258 	0.0225347 	-0.00221363 	2.47832e-05
1.3441 	0.0225614 	-0.0022113 	2.48882e-05
1.34562 	0.0225881 	-0.00220896 	2.49931e-05
1.34714 	0.0226148 	-0.00220662 	2.5098e-05
1.34866 	0.0226415 	-0.00220428 	2.52029e-05
1.35018 	0.0226682 	-0.00220194 	2.53079e-05
1.3517 	0.0226949 	-0.0021996 	2.54128e-05
1.35321 	0.0227207 	-0.00219713 	2.54381e-05
1.35473 	0.0227457 	-0.00219475 	2.54375e-05
1.35625 	0.0227703 	-0.00219228 	2.54408e-05
1.35777 	0.0227949 	-0.00218982 	2.5444e-05
1.35929 	0.0228196 	-0.00218736 	2.54472e-05
1.36081 	0.0228442 	-0.00218489 	2.54505e-05
1.36233 	0.0228689 	-0.00218243 	2.54537e-05
1.36385 	0.0228935 	-0.00217997 	2.54569e-05
1.36536 	0.0229181 	-0.0021775 	2.54602e-05
1.36688 	0.0229428 	-0.00217504 	2.54634e-05
1.3684 	0.0229674 	-0.00217258 	2.54666e-05
1.36992 	0.0229921 	-0.00217011 	2.54699e-05
1.37144 	0.0230167 	-0.00216765 	2.54731e-05
1.37296 	0.0230414 	-0.00216518 	2.54763e-05
1.37448 	0.023066 	-0.00216272 	2.54796e-05
1.376 	0.0230906 	-0.00216026 	2.54828e-05
1.37751 	0.0231153 	-0.00215779 	2.5486e-05
1.37903 	0.0231399 	-0.00215533 	2.54893e-05
1.38055 	0.0231646 	-0.00215287 	2.54925e-05
1.38207 	0.0231892 	-0.0021504 	2.54957e-05
1.38359 	0.0232139 	-0.00214794 	2.5499e-05
1.38511 	0.0232385 	-0.00214548 	2.55022e-05
1.38663 	0.0232631 	-0.00214301 	2.55054e-05
1.38815 	0.0232878 	-0.00214055 	2.55087e-05
1.38966 	0.0233124 	-0.00213809 	2.55119e-05
1.39118 	0.0233364 	-0.00213554 	2.54193e-05
1.3927 	0.0233595 	-0.00213313 	2.52618e-05
1.39422 	0.0233821 	-0.00213064 	2.50035e-05
1.39574 	0.0234048 	-0.00212815 	2.47452e-05
1.39726 	0.0234274 	-0.00212566 	2.44868e-05
1.39878 	0.0234501 	-0.00212318 	2.42285e-05
1.4003 	0.0234727 	-0.00212069 	2.39702e-05
1.40181 	0.0234954 	-0.0021182 	2.37118e-05
1.40333 	0.023518 	-0.00211571 	2.34535e-05
1.40485 	0.0235407 	-0.00211323 	2.31951e-05
1.40637 	0.0235633 	-0.00211074 	2.29368e-05
1.40789 	0.023586 	-0.00210825 	2.26785e-05
1.40941 	0.0236086 	-0.00210576 	2.24201e-05
1.41093 	0.0236313 	-0.00210328 	2.21618e-05
1.41245 	0.0236539 	-0.00210079 	2.19035e-05
1.41396 	0.0236766 	-0.0020983 	2.16451e-05
1.41548 	0.0236992 	-0.00209581 	2.13868e-05
1.417 	0.0237219 	-0.00209333 	2.11285e-05
1.41852 	0.0237445 	-0.00209084 	2.08701e-05
1.42004 	0.0237672 	-0.00208835 	2.06118e-05
1.42156 	0.0237899 	-0.00208586 	2.03535e-05
1.42308 	0.0238125 	-0.00208337 	2.00951e-05
1.4246 	0.0238352 	-0.00208089 	1.98368e-05
1.42612 	0.0238578 	-0.0020784 	1.95785e-05
1.42763 	0.0238805 	-0.00207591 	1.93201e-05
1.42915 	0.0239027 	-0.00207336 	1.89121e-05
1.43067 	0.0239242 	-0.00207095 	1.84586e-05
1.43219 	0.023945 	-0.00206849 	1.79591e-05
1.43371 	0.0239658 	-0.00206603 	1.74597e-05
1.43523 	0.0239866 	-0.00206357 	1.69602e-05
1.43675 	0.0240074 	-0.00206111 	1.64607e-05
1.43827 	0.0240282 	-0.00205866 	1.59613e-05
1.43978 	0.0240489 	-0.0020562 	1.54618e-05
1.4413 	0.0240697 	-0.00205374 	1.49623e-05
1.44282 	0.0240905 	-0.00205128 	1.44628e-05
1.44434 	0.0241113 	-0.00204882 	1.39634e-05
1.44586 	0.0241321 	-0.00204637 	1.34639e-05
1.44738 	0.0241529 	-0.00204391 	1.29644e-05
1.4489 	0.0241737 	-0.00204145 	1.2465e-05
1.45042 	0.0241945 	-0.00203899 	1.19655e-05
1.45193 	0.0242152 	-0.00203653 	1.1466e-05
1.45345 	0.024236 	-0.00203407 	1.09666e-05
1.45497 	0.0242568 	-0.00203162 	1.04671e-05
1.45649 	0.0242776 	-0.00202916 	9.96762e-06
1.45801 	0.0242984 	-0.0020267 	9.46815e-06
1.45953 	0.0243192 	-0.00202424 	8.96868e-06
1.46105 	0.02434 	-0.00202178 	8.46921e-06
1.46257 	0.0243608 	-0.00201932 	7.96974e-06
1.46408 	0.0243815 	-0.00201687 	7.47027e-06
1.4656 	0.0244023 	-0.00201441 	6.9708e-06
1.46712 	0.0244229 	-0.00201193 	6.45967e-06
1.46864 	0.0244429 	-0.00200951 	5.95764e-06
1.47016 	0.0244619 	-0.0020071 	5.59334e-06
1.47168 	0.0244808 	-0.00200469 	5.24006e-06
1.4732 	0.0244997 	-0.00200228 	4.88679e-06
1.47472 	0.0245185 	-0.00199986 	4.53352e-06
1.47623 	0.0245374 	-0.00199745 	4.18024e-06
1.47775 	0.0245563 	-0.00199503 	3.82697e-06
1.47927 	0.0245752 	-0.00199262 	3.4737e-06
1.48079 	0.0245941 	-0.00199021 	3.12043e-06
1.48231 	0.024613 	-0.00198779 	2.76715e-06
1.48383 	0.0246318 	-0.00198538 	2.41388e-06
1.48535 	0.0246507 	-0.00198297 	2.06061e-06
1.48687 	0.0246696 	-0.00198055 	1.70733e-06
1.48838 	0.0246885 	-0.00197814 	1.35406e-06
1.4899 	0.0247074 	-0.00197573 	1.00079e-06
1.49142 	0.0247263 	-0.00197331 	6.47514e-07
1.49294 	0.0247451 	-0.0019709 	2.94241e-07
1.49446 	0.024764 	-0.00196849 	-5.90322e-08
1.49598 	0.0247829 	-0.00196607 	-4.12305e-07
1.4975 	0.0248018 	-0.00196366 	-7.65578e-07
1.49902 	0.0248207 	-0.00196124 	-1.11885e-06
1.50053 	0.0248396 	-0.00195883 	-1.47212e-06
1.50205 	0.0248584 	-0.00195642 	-1.8254e-06
1.50357 	0.0248773 	-0.001954 	-2.17867e-06
1.50509 	0.0248962 	-0.00195159 	-2.53194e-06
1.50661 	0.0249144 	-0.00194917 	-2.77223e-06
1.50813 	0.0249318 	-0.00194685 	-3.01854e-06
1.50965 	0.0249488 	-0.00194448 	-3.35704e-06
1.51117 	0.0249659 	-0.00194211 	-3.69554e-06
1.51268 	0.0249829 	-0.00193974 	-4.03404e-06
1.5142 	0.025 	-0.00193737 	-4.37254e-06
1.51572 	0.025017 	-0.001935 	-4.71104e-06
1.51724 	0.0250341 	-0.00193263 	-5.04954e-06
1.51876 	0.0250511 	-0.00193026 	-5.38804e-06
1.52028 	0.0250681 	-0.00192789 	-5.72654e-06
1.5218 	0.0250852 	-0.00192552 	-6.06504e-06
1.52332 	0.0251022 	-0.00192315 	-6.40354e-06
1.52483 	0.0251193 	-0.00192078 	-6.74204e-06
1.52635 	0.0251363 	-0.00191841 	-7.08054e-06
1.52787 	0.0251533 	-0.00191604 	-7.41904e-06
1.52939 	0.0251704 	-0.00191367 	-7.75754e-06
1.53091 	0.0251874 	-0.0019113 	-8.09603e-06
1.53243 	0.0252045 	-0.00190893 	-8.43453e-06
1.53395 	0.0252215 	-0.00190656 	-8.77303e-06
1.53547 	0.0252385 	-0.00190419 	-9.11153e-06
1.53698 	0.0252556 	-0.00190182 	-9.45003e-06
1.5385 	0.0252726 	-0.00189945 	-9.78853e-06
1.54002 	0.0252897 	-0.00189708 	-1.0127e-05
1.54154 	0.0253067 	-0.00189471 	-1.04655e-05
1.54306 	0.0253237 	-0.00189234 	-1.0804e-05
1.54458 	0.0253404 	-0.00188994 	-1.12466e-05
1.5461 	0.0253565 	-0.00188768 	-1.16952e-05
1.54762 	0.025372 	-0.00188535 	-1.21445e-05
1.54913 	0.0253875 	-0.00188302 	-1.25939e-05
1.55065 	0.025403 	-0.00188069 	-1.30432e-05
1.55217 	0.0254185 	-0.00187835 	-1.34926e-05
1.55369 	0.025434 	-0.00187602 	-1.3942e-05
1.55521 	0.0254494 	-0.00187369 	-1.43913e-05
1.55673 	0.0254649 	-0.00187135 	-1.48407e-05
1.55825 	0.0254804 	-0.00186902 	-1.529e-05
1.55977 	0.0254959 	-0.00186669 	-1.57394e-05
1.56128 	0.0255114 	-0.00186436 	-1.61887e-05
1.5628 	0.0255269 	-0.00186202 	-1.66381e-05
1.56432 	0.0255424 	-0.00185969 	-1.70874e-05
1.56584 	0.0255579 	-0.00185736 	-1.75368e-05
1.56736 	0.0255734 	-0.00185503 	-1.79862e-05
1.56888 	0.0255888 	-0.00185269 	-1.84355e-05
1.5704 	0.0256043 	-0.00185036 	-1.88849e-05
1.57192 	0.0256198 	-0.00184803 	-1.93342e-05
1.57343 	0.0256353 	-0.00184569 	-1.97836e-05
1.57495 	0.0256508 	-0.00184336 	-2.02329e-05
1.57647 	0.0256663 	-0.00184103 	-2.06823e-05
1.57799 	0.0256818 	-0.0018387 	-2.11316e-05
1.57951 	0.0256973 	-0.00183636 	-2.1581e-05
1.58103 	0.0257128 	-0.00183403 	-2.20304e-05
1.58255 	0.0257282 	-0.00183169 	-2.24743e-05
1.58407 	0.0257431 	-0.00182937 	-2.28291e-05
1.58558 	0.0257574 	-0.00182712 	-2.31562e-05
1.5871 	0.0257716 	-0.00182485 	-2.34958e-05
1.58862 	0.0257859 	-0.00182257 	-2.38354e-05
1.59014 	0.0258001 	-0.00182029 	-2.4175e-05
1.59166 	0.0258143 	-0.00181802 	-2.45146e-05
1.59318 	0.0258285 	-0.00181574 	-2.48542e-05
1.5947 	0.0258427 	-0.00181347 	-2.51938e-05
1.59622 	0.025857 	-0.00181119 	-2.55334e-05
1.59773 	0.0258712 	-0.00180892 	-2.5873e-05
1.59925 	0.0258854 	-0.00180664 	-2.62126e-05
1.60077 	0.0258996 	-0.00180436 	-2.65522e-05
1.60229 	0.0259138 	-0.00180209 	-2.68918e-05
1.60381 	0.025928 	-0.00179981 	-2.72314e-05
1.60533 	0.0259423 	-0.00179754 	-2.75711e-05
1.60685 	0.0259565 	-0.00179526 	-2.79107e-05
1.60837 	0.0259707 	-0.00179299 	-2.82503e-05
1.60988 	0.0259849 	-0.00179071 	-2.85899e-05
1.6114 	0.0259991 	-0.00178843 	-2.89295e-05
1.61292 	0.0260133 	-0.00178616 	-2.92691e-05
1.61444 	0.0260276 	-0.00178388 	-2.96087e-05
1.61596 	0.0260418 	-0.00178161 	-2.99483e-05
1.61748 	0.026056 	-0.00177933 	-3.02879e-05
1.619 	0.0260702 	-0.00177706 	-3.06275e-05
1.62052 	0.0260844 	-0.00177478 	-3.09671e-05
1.62204 	0.0260983 	-0.00177246 	-3.12745e-05
1.62355 	0.0261118 	-0.0017703 	-3.15108e-05
1.62507 	0.0261249 	-0.0017681 	-3.18094e-05
1.62659 	0.0261379 	-0.0017659 	-3.2108e-05
1.62811 	0.026151 	-0.0017637 	-3.24065e-05
1.62963 	0.0261641 	-0.00176149 	-3.27051e-05
1.63115 	0.0261772 	-0.00175929 	-3.30036e-05
1.63267 	0.0261902 	-0.00175709 	-3.33022e-05
1.63419 	0.0262033 	-0.00175489 	-3.36007e-05
1.6357 	0.0262164 	-0.00175269 	-3.38993e-05
1.63722 	0.0262294 	-0.00175048 	-3.41979e-05
1.63874 	0.0262425 	-0.00174828 	-3.44964e-05
1.64026 	0.0262556 	-0.00174608 	-3.4795e-05
1.64178 	0.0262686 	-0.00174388 	-3.50935e-05
1.6433 	0.0262817 	-0.00174168 	-3.53921e-05
1.64482 	0.0262948 	-0.00173947 	-3.56907e-05
1.64634 	0.0263078 	-0.00173727 	-3.59892e-05
1.64785 	0.0263209 	-0.00173507 	-3.62878e-05
1.64937 	0.026334 	-0.00173287 	-3.65863e-05
1.65089 	0.026347 	-0.00173067 	-3.68849e-05
1.65241 	0.0263601 	-0.00172846 	-3.71835e-05
1.65393 	0.0263732 	-0.00172626 	-3.7482e-05
1.65545 	0.0263862 	-0.00172406 	-3.77806e-05
1.65697 	0.0263993 	-0.00172186 	-3.80791e-05
1.65849 	0.0264124 	-0.00171966 	-3.83777e-05
1.66 	0.0264252 	-0.00171743 	-3.87001e-05
1.66152 	0.0264377 	-0.00171532 	-3.90011e-05
1.66304 	0.0264497 	-0.00171316 	-3.9228e-05
1.66456 	0.0264617 	-0.00171101 	-3.94549e-05
1.66608 	0.0264737 	-0.00170886 	-3.96817e-05
1.6676 	0.0264857 	-0.00170671 	-3.99086e-05
1.66912 	0.0264977 	-0.00170455 	-4.01355e-05
1.67064 	0.0265097 	-0.0017024 	-4.03624e-05
1.67215 	0.0265217 	-0.00170025 	-4.05892e-05
1.67367 	0.0265337 	-0.00169809 	-4.08161e-05
1.67519 	0.0265457 	-0.00169594 	-4.1043e-05
1.67671 	0.0265577 	-0.00169379 	-4.12698e-05
1.67823 	0.0265697 	-0.00169163 	-4.14967e-05
1.67975 	0.0265817 	-0.00168948 	-4.17236e-05
1.68127 	0.0265937 	-0.00168733 	-4.19505e-05
1.68279 	0.0266057 	-0.00168517 	-4.21773e-05
1.6843 	0.0266177 	-0.00168302 	-4.24042e-05
1.68582 	0.0266297 	-0.00168087 	-4.26311e-05
1.68734 	0.0266418 	-0.00167872 	-4.2858e-05
1.68886 	0.0266538 	-0.00167656 	-4.30848e-05
1.69038 	0.0266658 	-0.00167441 	-4.33117e-05
1.6919 	0.0266778 	-0.00167226 	-4.35386e-05
1.69342 	0.0266898 	-0.0016701 	-4.37654e-05
1.69494 	0.0267018 	-0.00166795 	-4.39923e-05
1.69645 	0.0267138 	-0.0016658 	-4.42192e-05
1.69797 	0.0267257 	-0.00166362 	-4.44087e-05
1.69949 	0.0267372 	-0.00166151 	-4.45404e-05
1.70101 	0.0267484 	-0.00165941 	-4.45594e-05
1.70253 	0.0267595 	-0.00165731 	-4.45648e-05
1.70405 	0.0267706 	-0.00165521 	-4.45702e-05
1.70557 	0.0267817 	-0.0016531 	-4.45756e-05
1.70709 	0.0267928 	-0.001651 	-4.45811e-05
1.7086 	0.0268039 	-0.0016489 	-4.45865e-05
1.71012 	0.026815 	-0.00164679 	-4.45919e-05
1.71164 	0.026826 	-0.00164469 	-4.45973e-05
1.71316 	0.0268371 	-0.00164258 	-4.46027e-05
1.71468 	0.0268482 	-0.00164048 	-4.46081e-05
1.7162 	0.0268593 	-0.00163838 	-4.46136e-05
1.71772 	0.0268704 	-0.00163627 	-4.4619e-05
1.71924 	0.0268815 	-0.00163417 	-4.46244e-05
1.72075 	0.0268926 	-0.00163207 	-4.46298e-05
1.72227 	0.0269037 	-0.00162996 	-4.46352e-05
1.72379 	0.0269148 	-0.00162786 	-4.46406e-05
1.72531 	0.0269259 	-0.00162576 	-4.46461e-05
1.72683 	0.026937 	-0.00162365 	-4.46515e-05
1.72835 	0.0269481 	-0.00162155 	-4.46569e-05
1.72987 	0.0269592 	-0.00161944 	-4.46623e-05
1.73139 	0.0269703 	-0.00161734 	-4.46677e-05
1.7329 	0.0269814 	-0.00161524 	-4.46731e-05
1.73442 	0.0269925 	-0.00161313 	-4.46785e-05
1.73594 	0.0270035 	-0.00161101 	-4.46463e-05
1.73746 	0.0270142 	-0.00160894 	-4.45378e-05
1.73898 	0.0270247 	-0.00160691 	-4.43983e-05
1.7405 	0.027035 	-0.00160489 	-4.42488e-05
1.74202 	0.0270454 	-0.00160286 	-4.40992e-05
1.74354 	0.0270557 	-0.00160083 	-4.39497e-05
1.74505 	0.0270661 	-0.0015988 	-4.38001e-05
1.74657 	0.0270765 	-0.00159677 	-4.36506e-05
1.74809 	0.0270868 	-0.00159474 	-4.3501e-05
1.74961 	0.0270972 	-0.00159271 	-4.33515e-05
1.75113 	0.0271075 	-0.00159068 	-4.32019e-05
1.75265 	0.0271179 	-0.00158865 	-4.30524e-05
1.75417 	0.0271282 	-0.00158662 	-4.29029e-05
1.75569 	0.0271386 	-0.00158459 	-4.27533e-05
1.7572 	0.027149 	-0.00158256 	-4.26038e-05
1.75872 	0.0271593 	-0.00158053 	-4.24542e-05
1.76024 	0.0271697 	-0.0015785 	-4.23047e-05
1.76176 	0.02718 	-0.00157647 	-4.21551e-05
1.76328 	0.0271904 	-0.00157444 	-4.20056e-05
1.7648 	0.0272007 	-0.00157241 	-4.1856e-05
1.76632 	0.0272111 	-0.00157038 	-4.17065e-05
1.76784 	0.0272215 	-0.00156835 	-4.15569e-05
1.76935 	0.0272318 	-0.00156632 	-4.14074e-05
1.77087 	0.0272422 	-0.00156429 	-4.12579e-05
1.77239 	0.0272525 	-0.00156226 	-4.11083e-05
1.77391 	0.0272628 	-0.00156021 	-4.09576e-05
1.77543 	0.027273 	-0.00155821 	-4.08279e-05
1.77695 	0.0272828 	-0.00155627 	-4.06997e-05
1.77847 	0.0272925 	-0.00155432 	-4.05696e-05
1.77999 	0.0273023 	-0.00155237 	-4.04395e-05
1.7815 	0.027312 	-0.00155042 	-4.03094e-05
1.78302 	0.0273217 	-0.00154847 	-4.01793e-05
1.78454 	0.0273315 	-0.00154652 	-4.00492e-05
1.78606 	0.0273412 	-0.00154457 	-3.99191e-05
1.78758 	0.027351 	-0.00154263 	-3.9789e-05
1.7891 	0.0273607 	-0.00154068 	-3.96589e-05
1.79062 	0.0273704 	-0.00153873 	-3.95288e-05
1.79214 	0.0273802 	-0.00153678 	-3.93987e-05
1.79365 	0.0273899 	-0.00153483 	-3.92686e-05
1.79517 	0.0273997 	-0.00153288 	-3.91385e-05
1.79669 	0.0274094 	-0.00153093 	-3.90084e-05
1.79821 	0.0274192 	-0.00152899 	-3.88783e-05
1.79973 	0.0274289 	-0.00152704 	-3.87482e-05
1.80125 	0.0274386 	-0.00152509 	-3.86181e-05
1.80277 	0.0274484 	-0.00152314 	-3.8488e-05
1.80429 	0.0274581 	-0.00152119 	-3.83579e-05
1.8058 	0.0274679 	-0.00151924 	-3.82278e-05
1.80732 	0.0274776 	-0.00151729 	-3.80977e-05
1.80884 	0.0274874 	-0.00151535 	-3.79676e-05
1.81036 	0.0274971 	-0.0015134 	-3.78375e-05
1.81188 	0.0275067 	-0.00151143 	-3.77315e-05
1.8134 	0.0275162 	-0.00150956 	-3.76746e-05
1.81492 	0.0275255 	-0.00150769 	-3.74942e-05
1.81644 	0.0275348 	-0.00150582 	-3.73138e-05
1.81795 	0.0275441 	-0.00150395 	-3.71334e-05
1.81947 	0.0275534 	-0.00150208 	-3.6953e-05
1.82099 	0.0275626 	-0.00150021 	-3.67726e-05
1.82251 	0.0275719 	-0.00149835 	-3.65922e-05
1.82403 	0.0275812 	-0.00149648 	-3.64118e-05
1.82555 	0.0275905 	-0.00149461 	-3.62314e-05
1.82707 	0.0275998 	-0.00149274 	-3.6051e-05
1.82859 	0.0276091 	-0.00149087 	-3.58706e-05
1.83011 	0.0276184 	-0.001489 	-3.56902e-05
1.83162 	0.0276276 	-0.00148713 	-3.55098e-05
1.83314 	0.0276369 	-0.00148526 	-3.53294e-05
1.83466 	0.0276462 	-0.00148339 	-3.5149e-05
1.83618 	0.0276555 	-0.00148152 	-3.49687e-05
1.8377 	0.0276648 	-0.00147965 	-3.47883e-05
1.83922 	0.0276741 	-0.00147778 	-3.46079e-05
1.84074 	0.0276834 	-0.00147591 	-3.44275e-05
1.84226 	0.0276926 	-0.00147404 	-3.42471e-05
1.84377 	0.0277019 	-0.00147217 	-3.40667e-05
1.84529 	0.0277112 	-0.0014703 	-3.38863e-05
1.84681 	0.0277205 	-0.00146843 	-3.37059e-05
1.84833 	0.0277298 	-0.00146656 	-3.35152e-05
1.84985 	0.027739 	-0.00146471 	-3.32627e-05
1.85137 	0.0277481 	-0.00146293 	-3.29924e-05
1.85289 	0.0277572 	-0.00146112 	-3.26769e-05
1.85441 	0.0277663 	-0.0014593 	-3.23614e-05
1.85592 	0.0277753 	-0.00145749 	-3.20459e-05
1.85744 	0.0277844 	-0.00145568 	-3.17305e-05
1.85896 	0.0277935 	-0.00145387 	-3.1415e-05
1.86048 	0.0278026 	-0.00145205 	-3.10995e-05
1.862 	0.0278116 	-0.00145024 	-3.0784e-05
1.86352 	0.0278207 	-0.00144843 	-3.04685e-05
1.86504 	0.0278298 	-0.00144661 	-3.01531e-05
1.86656 	0.0278389 	-0.0014448 	-2.98376e-05
1.86807 	0.0278479 	-0.00144299 	-2.95221e-05
1.86959 	0.027857 	-0.00144117 	-2.92066e-05
1.87111 	0.0278661 	-0.00143936 	-2.88912e-05
1.87263 	0.0278752 	-0.00143755 	-2.85757e-05
1.87415 	0.0278842 	-0.00143573 	-2.82602e-05
1.87567 	0.0278933 	-0.00143392 	-2.79447e-05
1.87719 	0.0279024 	-0.00143211 	-2.76293e-05
1.87871 	0.0279115 	-0.0014303 	-2.73138e-05
1.88022 	0.0279205 	-0.00142848 	-2.69983e-05
1.88174 	0.0279296 	-0.00142667 	-2.66828e-05
1.88326 	0.0279387 	-0.00142486 	-2.63674e-05
1.88478 	0.0279478 	-0.00142304 	-2.60519e-05
1.8863 	0.0279568 	-0.00142118 	-2.57096e-05
1.88782 	0.0279658 	-0.00141946 	-2.53785e-05
1.88934 	0.0279749 	-0.00141767 	-2.50476e-05
1.89086 	0.0279839 	-0.00141588 	-2.47167e-05
1.89237 	0.0279929 	-0.00141408 	-2.43858e-05
1.89389 	0.0280019 	-0.00141229 	-2.40549e-05
1.89541 	0.0280109 	-0.0014105 	-2.37239e-05
1.89693 	0.0280199 	-0.00140871 	-2.3393e-05
1.89845 	0.028029 	-0.00140691 	-2.30621e-05
1.89997 	0.028038 	-0.00140512 	-2.27312e-05
1.90149 	0.028047 	-0.00140333 	-2.24003e-05
1.90301 	0.028056 	-0.00140154 	-2.20694e-05
1.90452 	0.028065 	-0.00139974 	-2.17385e-05
1.90604 	0.028074 	-0.00139795 	-2.14076e-05
1.90756 	0.0280831 	-0.00139616 	-2.10767e-05
1.90908 	0.0280921 	-0.00139437 	-2.07458e-05
1.9106 	0.0281011 	-0.00139258 	-2.04149e-05
1.91212 	0.0281101 	-0.00139078 	-2.0084e-05
1.91364 	0.0281191 	-0.00138899 	-1.97531e-05
1.91516 	0.0281281 	-0.0013872 	-1.94222e-05
1.91667 	0.0281372 	-0.00138541 	-1.90913e-05
1.91819 	0.0281462 	-0.00138361 	-1.87604e-05
1.91971 	0.0281552 	-0.00138182 	-1.84294e-05
1.92123 	0.0281642 	-0.00138003 	-1.80985e-05
1.92275 	0.0281732 	-0.00137817 	-1.78173e-05
1.92427 	0.0281822 	-0.00137643 	-1.75689e-05
1.92579 	0.0281912 	-0.00137464 	-1.72716e-05
1.92731 	0.0282001 	-0.00137284 	-1.69743e-05
1.92882 	0.0282091 	-0.00137105 	-1.6677e-05
1.93034 	0.028218 	-0.00136926 	-1.63798e-05
1.93186 	0.0282269 	-0.00136747 	-1.60825e-05
1.93338 	0.0282359 	-0.00136567 	-1.57852e-05
1.9349 	0.0282448 	-0.00136388 	-1.54879e-05
1.93642 	0.0282538 	-0.00136209 	-1.51906e-05
1.93794 	0.0282627 	-0.00136029 	-1.48933e-05
1.93946 	0.0282716 	-0.0013585 	-1.45961e-05
1.94097 	0.0282806 	-0.00135671 	-1.42988e-05
1.94249 	0.0282895 	-0.00135491 	-1.40015e-05
1.94401 	0.0282985 	-0.00135312 	-1.37042e-05
1.94553 	0.0283074 	-0.00135133 	-1.34069e-05
1.94705 	0.0283164 	-0.00134954 	-1.31096e-05
1.94857 	0.0283253 	-0.00134774 	-1.28124e-05
1.95009 	0.0283342 	-0.00134595 	-1.25151e-05
1.95161 	0.0283432 	-0.00134416 	-1.22178e-05
1.95312 	0.0283521 	-0.00134236 	-1.19205e-05
1.95464 	0.0283611 	-0.00134057 	-1.16232e-05
1.95616 	0.02837 	-0.00133878 	-1.1326e-05
1.95768 	0.0283789 	-0.00133699 	-1.10287e-05
1.9592 	0.0283878 	-0.00133513 	-1.0722e-05
1.96072 	0.0283967 	-0.00133339 	-1.04201e-05
1.96224 	0.0284054 	-0.00133161 	-1.01949e-05
1.96376 	0.0284141 	-0.00132982 	-9.96957e-06
1.96527 	0.0284228 	-0.00132804 	-9.74429e-06
1.96679 	0.0284315 	-0.00132626 	-9.51901e-06
1.96831 	0.0284401 	-0.00132448 	-9.29372e-06
1.96983 	0.0284488 	-0.00132269 	-9.06844e-06
1.97135 	0.0284575 	-0.00132091 	-8.84316e-06
1.97287 	0.0284662 	-0.00131913 	-8.61788e-06
1.97439 	0.0284749 	-0.00131735 	-8.39259e-06
1.97591 	0.0284836 	-0.00131556 	-8.16731e-06
1.97742 	0.0284923 	-0.00131378 	-7.94203e-06
1.97894 	0.028501 	-0.001312 	-7.71674e-06
1.98046 	0.0285097 	-0.00131022 	-7.49146e-06
1.98198 	0.0285184 	-0.00130843 	-7.26618e-06
1.9835 	0.0285271 	-0.00130665 	-7.0409e-06
1.98502 	0.0285358 	-0.00130487 	-6.81561e-06
1.98654 	0.0285445 	-0.00130309 	-6.59033e-06
1.98806 	0.0285532 	-0.0013013 	-6.36505e-06
1.98957 	0.0285619 	-0.00129952 	-6.13976e-06
1.99109 	0.0285706 	-0.00129774 	-5.91448e-06
1.99261 	0.0285793 	-0.00129596 	-5.6892e-06
1.99413 	0.0285879 	-0.00129415 	-5.5091e-06
1.99565 	0.0285964 	-0.00129238 	-5.36756e-06
1.99717 	0.0286048 	-0.00129065 	-5.19923e-06
1.99869 	0.0286131 	-0.00128889 	-5.02446e-06
2.00021 	0.0286214 	-0.00128713 	-4.84969e-06
2.00172 	0.0286297 	-0.00128538 	-4.67492e-06
2.00324 	0.028638 	-0.00128362 	-4.50015e-06
2.00476 	0.0286463 	-0.00128186 	-4.32539e-06
2.00628 	0.0286546 	-0.00128011 	-4.15062e-06
2.0078 	0.0286629 	-0.00127835 	-3.97585e-06
2.00932 	0.0286712 	-0.0012766 	-3.80108e-06
2.01084 	0.0286795 	-0.00127484 	-3.62631e-06
2.01236 	0.0286878 	-0.00127308 	-3.45155e-06
2.01387 	0.0286961 	-0.00127133 	-3.27678e-06
2.01539 	0.0287043 	-0.00126957 	-3.10201e-06
2.01691 	0.0287126 	-0.00126781 	-2.92724e-06
2.01843 	0.0287209 	-0.00126606 	-2.75247e-06
2.01995 	0.0287292 	-0.0012643 	-2.57771e-06
2.02147 	0.0287375 	-0.00126254 	-2.40294e-06
2.02299 	0.0287458 	-0.00126079 	-2.22817e-06
2.02451 	0.0287541 	-0.00125903 	-2.0534e-06
2.02603 	0.0287624 	-0.00125727 	-1.87863e-06
2.02754 	0.0287707 	-0.00125552 	-1.70387e-06
2.02906 	0.0287789 	-0.00125374 	-1.52445e-06
2.03058 	0.028787 	-0.00125197 	-1.3322e-06
2.0321 	0.0287951 	-0.00125027 	-1.1646e-06
2.03362 	0.0288031 	-0.00124853 	-1.02841e-06
2.03514 	0.0288111 	-0.0012468 	-8.92216e-07
2.03666 	0.028819 	-0.00124506 	-7.56023e-07
2.03818 	0.028827 	-0.00124333 	-6.19831e-07
2.03969 	0.028835 	-0.00124159 	-4.83639e-07
2.04121 	0.028843 	-0.00123986 	-3.47446e-07
2.04273 	0.028851 	-0.00123812 	-2.11254e-07
2.04425 	0.028859 	-0.00123639 	-7.50615e-08
2.04577 	0.028867 	-0.00123465 	6.11309e-08
2.04729 	0.028875 	-0.00123292 	1.97323e-07
2.04881 	0.028883 	-0.00123118 	3.33516e-07
2.05033 	0.028891 	-0.00122944 	4.69708e-07
2.05184 	0.028899 	-0.00122771 	6.059e-07
2.05336 	0.028907 	-0.00122597 	7.42093e-07
2.05488 	0.0289149 	-0.00122424 	8.78285e-07
2.0564 	0.0289229 	-0.0012225 	1.01448e-06
2.05792 	0.0289309 	-0.00122077 	1.15067e-06
2.05944 	0.0289389 	-0.00121903 	1.28686e-06
2.06096 	0.0289469 	-0.0012173 	1.42305e-06
2.06248 	0.0289549 	-0.00121556 	1.55925e-06
2.06399 	0.0289629 	-0.0012138 	1.67317e-06
2.06551 	0.0289708 	-0.00121206 	1.7496e-06
2.06703 	0.0289787 	-0.00121037 	1.80778e-06
2.06855 	0.0289866 	-0.00120866 	1.85131e-06
2.07007 	0.0289944 	-0.00120694 	1.89484e-06
2.07159 	0.0290023 	-0.00120522 	1.93837e-06
2.07311 	0.0290101 	-0.00120351 	1.9819e-06
2.07463 	0.029018 	-0.00120179 	2.02543e-06
2.07614 	0.0290258 	-0.00120007 	2.06896e-06
2.07766 	0.0290337 	-0.00119836 	2.11249e-06
2.07918 	0.0290415 	-0.00119664 	2.15602e-06
2.0807 	0.0290494 	-0.00119492 	2.19955e-06
2.08222 	0.0290572 	-0.00119321 	2.24308e-06
2.08374 	0.0290651 	-0.00119149 	2.28661e-06
2.08526 	0.0290729 	-0.00118977 	2.33014e-06
2.08678 	0.0290808 	-0.00118806 	2.37367e-06
2.08829 	0.0290886 	-0.00118634 	2.4172e-06
2.08981 	0.0290965 	-0.00118462 	2.46073e-06
2.09133 	0.0291043 	-0.00118291 	2.50426e-06
2.09285 	0.0291122 	-0.00118119 	2.5478e-06
2.09437 	0.02912 	-0.00117947 	2.59133e-06
2.09589 	0.0291279 	-0.00117776 	2.63486e-06
2.09741 	0.0291358 	-0.00117604 	2.67839e-06
2.09893 	0.0291435 	-0.00117428 	2.70829e-06
2.10044 	0.0291514 	-0.00117262 	2.73093e-06
2.10196 	0.0291591 	-0.00117093 	2.77419e-06
2.10348 	0.0291667 	-0.00116923 	2.81858e-06
2.105 	0.0291744 	-0.00116754 	2.86297e-06
2.10652 	0.0291821 	-0.00116584 	2.90737e-06
2.10804 	0.0291898 	-0.00116414 	2.95176e-06
2.10956 	0.0291974 	-0.00116244 	2.99615e-06
2.11108 	0.0292051 	-0.00116075 	3.04055e-06
2.11259 	0.0292128 	-0.00115905 	3.08494e-06
2.11411 	0.0292205 	-0.00115735 	3.12933e-06
2.11563 	0.0292282 	-0.00115566 	3.17373e-06
2.11715 	0.0292358 	-0.00115396 	3.21812e-06
2.11867 	0.0292435 	-0.00115226 	3.26252e-06
2.12019 	0.0292512 	-0.00115056 	3.30691e-06
2.12171 	0.0292589 	-0.00114887 	3.3513e-06
2.12323 	0.0292665 	-0.00114717 	3.3957e-06
2.12474 	0.0292742 	-0.00114547 	3.44009e-06
2.12626 	0.0292819 	-0.00114378 	3.48448e-06
2.12778 	0.0292896 	-0.00114208 	3.52888e-06
2.1293 	0.0292973 	-0.00114038 	3.57327e-06
2.13082 	0.0293049 	-0.00113868 	3.61766e-06
2.13234 	0.0293125 	-0.00113694 	3.69545e-06
2.13386 	0.0293201 	-0.00113527 	3.79647e-06
2.13538 	0.0293276 	-0.0011336 	3.83947e-06
2.13689 	0.029335 	-0.00113191 	3.86217e-06
2.13841 	0.0293424 	-0.00113022 	3.88486e-06
2.13993 	0.0293498 	-0.00112853 	3.90756e-06
2.14145 	0.0293573 	-0.00112684 	3.93026e-06
2.14297 	0.0293647 	-0.00112514 	3.95295e-06
2.14449 	0.0293721 	-0.00112345 	3.97565e-06
2.14601 	0.0293795 	-0.00112176 	3.99835e-06
2.14753 	0.0293869 	-0.00112007 	4.02105e-06
2.14904 	0.0293943 	-0.00111838 	4.04374e-06
2.15056 	0.0294017 	-0.00111669 	4.06644e-06
2.15208 	0.0294092 	-0.001115 	4.08914e-06
2.1536 	0.0294166 	-0.00111331 	4.11183e-06
2.15512 	0.029424 	-0.00111162 	4.13453e-06
2.15664 	0.0294314 	-0.00110993 	4.15723e-06
2.15816 	0.0294388 	-0.00110824 	4.17993e-06
2.15968 	0.0294462 	-0.00110654 	4.20262e-06
2.16119 	0.0294537 	-0.00110485 	4.22532e-06
2.16271 	0.0294611 	-0.00110316 	4.24802e-06
2.16423 	0.0294685 	-0.00110147 	4.27071e-06
2.16575 	0.0294757 	-0.00109971 	4.22652e-06
2.16727 	0.029483 	-0.00109808 	4.19208e-06
2.16879 	0.0294901 	-0.00109638 	4.18257e-06
2.17031 	0.0294972 	-0.00109469 	4.17468e-06
2.17183 	0.0295042 	-0.00109299 	4.16679e-06
2.17334 	0.0295113 	-0.00109129 	4.1589e-06
2.17486 	0.0295184 	-0.00108959 	4.151e-06
2.17638 	0.0295254 	-0.00108789 	4.14311e-06
2.1779 	0.0295325 	-0.00108619 	4.13522e-06
2.17942 	0.0295396 	-0.0010845 	4.12733e-06
2.18094 	0.0295466 	-0.0010828 	4.11944e-06
2.18246 	0.0295537 	-0.0010811 	4.11155e-06
2.18398 	0.0295608 	-0.0010794 	4.10366e-06
2.18549 	0.0295678 	-0.0010777 	4.09577e-06
2.18701 	0.0295749 	-0.001076 	4.08787e-06
2.18853 	0.029582 	-0.0010743 	4.07998e-06
2.19005 	0.0295891 	-0.00107261 	4.07209e-06
2.19157 	0.0295961 	-0.00107091 	4.0642e-06
2.19309 	0.0296032 	-0.00106921 	4.05631e-06
2.19461 	0.0296103 	-0.00106751 	4.04842e-06
2.19613 	0.0296173 	-0.00106581 	4.04053e-06
2.19764 	0.0296243 	-0.00106407 	4.04976e-06
2.19916 	0.0296311 	-0.00106237 	4.07535e-06
2.20068 	0.0296379 	-0.0010607 	4.13849e-06
2.2022 	0.0296447 	-0.00105899 	4.23466e-06
2.20372 	0.0296514 	-0.00105727 	4.33084e-06
2.20524 	0.0296581 	-0.00105556 	4.42702e-06
2.20676 	0.0296648 	-0.00105385 	4.52319e-06
2.20828 	0.0296716 	-0.00105214 	4.61937e-06
2.20979 	0.0296783 	-0.00105042 	4.71554e-06
2.21131 	0.029685 	-0.00104871 	4.81172e-06
2.21283 	0.0296917 	-0.001047 	4.90789e-06
2.21435 	0.0296985 	-0.00104529 	5.00407e-06
2.21587 	0.0297052 	-0.00104357 	5.10025e-06
2.21739 	0.0297119 	-0.00104186 	5.19642e-06
2.21891 	0.0297186 	-0.00104015 	5.2926e-06
2.22043 	0.0297254 	-0.00103844 	5.38877e-06
2.22194 	0.0297321 	-0.00103672 	5.48495e-06
2.22346 	0.0297388 	-0.00103501 	5.58113e-06
2.22498 	0.0297455 	-0.0010333 	5.6773e-06
2.2265 	0.0297523 	-0.00103159 	5.77348e-06
2.22802 	0.029759 	-0.00102987 	5.86965e-06
2.22954 	0.0297656 	-0.00102812 	6.01174e-06
2.23106 	0.0297722 	-0.0010264 	6.19442e-06
2.23258 	0.0297787 	-0.00102471 	6.40016e-06
2.2341 	0.029785 	-0.00102299 	6.62283e-06
2.23561 	0.0297914 	-0.00102127 	6.84551e-06
2.23713 	0.0297977 	-0.00101954 	7.06819e-06
2.23865 	0.0298041 	-0.00101782 	7.29086e-06
2.24017 	0.0298104 	-0.0010161 	7.51354e-06
2.24169 	0.0298168 	-0.00101438 	7.73622e-06
2.24321 	0.0298231 	-0.00101265 	7.95889e-06
2.24473 	0.0298295 	-0.00101093 	8.18157e-06
2.24625 	0.0298359 	-0.00100921 	8.40424e-06
2.24776 	0.0298422 	-0.00100749 	8.62692e-06
2.24928 	0.0298486 	-0.00100577 	8.8496e-06
2.2508 	0.0298549 	-0.00100404 	9.07227e-06
2.25232 	0.0298613 	-0.00100232 	9.29495e-06
2.25384 	0.0298676 	-0.0010006 	9.51763e-06
2.25536 	0.029874 	-0.000998876 	9.7403e-06
2.25688 	0.0298803 	-0.000997153 	9.96298e-06
2.2584 	0.0298867 	-0.000995431 	1.01857e-05
2.25991 	0.0298931 	-0.000993708 	1.04088e-05
2.26143 	0.0298992 	-0.000991923 	1.06745e-05
2.26295 	0.0299054 	-0.000990251 	1.09525e-05
2.26447 	0.0299113 	-0.000988533 	1.12484e-05
2.26599 	0.0299171 	-0.000986809 	1.15461e-05
2.26751 	0.029923 	-0.000985085 	1.18438e-05
2.26903 	0.0299289 	-0.000983361 	1.21415e-05
2.27055 	0.0299348 	-0.000981637 	1.24392e-05
2.27206 	0.0299407 	-0.000979914 	1.27369e-05
2.27358 	0.0299466 	-0.00097819 	1.30346e-05
2.2751 	0.0299524 	-0.000976466 	1.33323e-05
2.27662 	0.0299583 	-0.000974742 	1.36301e-05
2.27814 	0.0299642 	-0.000973019 	1.39278e-05
2.27966 	0.0299701 	-0.000971295 	1.42255e-05
2.28118 	0.029976 	-0.000969571 	1.45232e-05
2.2827 	0.0299818 	-0.000967847 	1.48209e-05
2.28421 	0.0299877 	-0.000966123 	1.51186e-05
2.28573 	0.0299936 	-0.0009644 	1.54163e-05
2.28725 	0.0299995 	-0.000962676 	1.5714e-05
2.28877 	0.0300054 	-0.000960952 	1.60117e-05
2.29029 	0.0300112 	-0.000959228 	1.63094e-05
2.29181 	0.0300169 	-0.000957446 	1.66153e-05
2.29333 	0.0300225 	-0.00095575 	1.69201e-05
2.29485 	0.030028 	-0.000954041 	1.71783e-05
2.29636 	0.0300333 	-0.000952318 	1.74204e-05
2.29788 	0.0300386 	-0.000950596 	1.76624e-05
2.2994 	0.030044 	-0.000948873 	1.79044e-05
2.30092 	0.0300493 	-0.00094715 	1.81464e-05
2.30244 	0.0300547 	-0.000945427 	1.83884e-05
2.30396 	0.03006 	-0.000943705 	1.86304e-05
2.30548 	0.0300653 	-0.000941982 	1.88724e-05
2.307 	0.0300707 	-0.000940259 	1.91144e-05
2.30851 	0.030076 	-0.000938536 	1.93564e-05
2.31003 	0.0300814 	-0.000936814 	1.95984e-05
2.31155 	0.0300867 	-0.000935091 	1.98404e-05
2.31307 	0.030092 	-0.000933368 	2.00824e-05
2.31459 	0.0300974 	-0.000931645 	2.03244e-05
2.31611 	0.0301027 	-0.000929922 	2.05664e-05
2.31763 	0.0301081 	-0.0009282 	2.08084e-05
2.31915 	0.0301134 	-0.000926477 	2.10504e-05
2.32066 	0.0301187 	-0.000924743 	2.12824e-05
2.32218 	0.0301237 	-0.000922965 	2.14641e-05
2.3237 	0.0301288 	-0.000921295 	2.16427e-05
2.32522 	0.0301336 	-0.000919569 	2.1711e-05
2.32674 	0.0301384 	-0.000917843 	2.17792e-05
2.32826 	0.0301433 	-0.000916117 	2.18474e-05
2.32978 	0.0301481 	-0.000914391 	2.19157e-05
2.3313 	0.0301529 	-0.000912666 	2.19839e-05
2.33281 	0.0301577 	-0.00091094 	2.20522e-05
2.33433 	0.0301625 	-0.000909214 	2.21204e-05
2.33585 	0.0301673 	-0.000907488 	2.21887e-05
2.33737 	0.0301721 	-0.000905762 	2.22569e-05
2.33889 	0.0301769 	-0.000904036 	2.23251e-05
2.34041 	0.0301818 	-0.00090231 	2.23934e-05
2.34193 	0.0301866 	-0.000900584 	2.24616e-05
2.34345 	0.0301914 	-0.000898859 	2.25299e-05
2.34496 	0.0301962 	-0.000897133 	2.25981e-05
2.34648 	0.030201 	-0.000895407 	2.26663e-05
2.348 	0.0302058 	-0.000893681 	2.27346e-05
2.34952 	0.0302106 	-0.000891955 	2.28028e-05
2.35104 	0.0302152 	-0.000890172 	2.27794e-05
2.35256 	0.0302198 	-0.000888471 	2.27476e-05
2.35408 	0.0302242 	-0.000886757 	2.27047e-05
2.3556 	0.0302285 	-0.00088503 	2.26574e-05
2.35711 	0.0302329 	-0.000883302 	2.26101e-05
2.35863 	0.0302372 	-0.000881575 	2.25629e-05
2.36015 	0.0302415 	-0.000879848 	2.25156e-05
2.36167 	0.0302459 	-0.00087812 	2.24683e-05
2.36319 	0.0302502 	-0.000876393 	2.2421e-05
2.36471 	0.0302546 	-0.000874666 	2.23738e-05
2.36623 	0.0302589 	-0.000872939 	2.23265e-05
2.36775 	0.0302632 	-0.000871211 	2.22792e-05
2.36926 	0.0302676 	-0.000869484 	2.22319e-05
2.37078 	0.0302719 	-0.000867757 	2.21847e-05
2.3723 	0.0302763 	-0.000866029 	2.21374e-05
2.37382 	0.0302806 	-0.000864302 	2.20901e-05
2.37534 	0.0302849 	-0.000862575 	2.20428e-05
2.37686 	0.0302893 	-0.000860847 	2.19955e-05
2.37838 	0.0302936 	-0.000859115 	2.19457e-05
2.3799 	0.0302977 	-0.000857332 	2.18671e-05
2.38141 	0.0303019 	-0.000855644 	2.17868e-05
2.38293 	0.0303058 	-0.000853925 	2.17504e-05
2.38445 	0.0303096 	-0.000852202 	2.17193e-05
2.38597 	0.0303134 	-0.00085048 	2.16882e-05
2.38749 	0.0303173 	-0.000848757 	2.16571e-05
2.38901 	0.0303211 	-0.000847035 	2.1626e-05
2.39053 	0.0303249 	-0.000845312 	2.15949e-05
2.39205 	0.0303288 	-0.000843589 	2.15639e-05
2.39356 	0.0303326 	-0.000841867 	2.15328e-05
2.39508 	0.0303364 	-0.000840144 	2.15017e-05
2.3966 	0.0303403 	-0.000838422 	2.14706e-05
2.39812 	0.0303441 	-0.000836699 	2.14395e-05
2.39964 	0.030348 	-0.000834977 	2.14084e-05
2.40116 	0.0303518 	-0.000833254 	2.13774e-05
2.40268 	0.0303556 	-0.000831531 	2.13463e-05
2.4042 	0.0303595 	-0.000829809 	2.13152e-05
2.40571 	0.0303633 	-0.000828086 	2.12841e-05
2.40723 	0.0303669 	-0.00082633 	2.12813e-05
2.40875 	0.0303705 	-0.000824618 	2.12942e-05
2.41027 	0.0303739 	-0.000822919 	2.13176e-05
2.41179 	0.0303772 	-0.000821195 	2.1348e-05
2.41331 	0.0303805 	-0.00081947 	2.13785e-05
2.41483 	0.0303838 	-0.000817746 	2.14089e-05
2.41635 	0.030387 	-0.000816021 	2.14393e-05
2.41786 	0.0303903 	-0.000814297 	2.14697e-05
2.41938 	0.0303936 	-0.000812572 	2.15001e-05
2.4209 	0.0303969 	-0.000810848 	2.15305e-05
2.42242 	0.0304002 	-0.000809124 	2.15609e-05
2.42394 	0.0304035 	-0.000807399 	2.15913e-05
2.42546 	0.0304068 	-0.000805675 	2.16218e-05
2.42698 	0.03041 	-0.00080395 	2.16522e-05
2.4285 	0.0304133 	-0.000802226 	2.16826e-05
2.43002 	0.0304166 	-0.000800501 	2.1713e-05
2.43153 	0.0304199 	-0.000798777 	2.17434e-05
2.43305 	0.0304232 	-0.000797052 	2.17738e-05
2.43457 	0.0304262 	-0.000795281 	2.18284e-05
2.43609 	0.0304292 	-0.000793572 	2.18922e-05
2.43761 	0.0304321 	-0.000791863 	2.19418e-05
2.43913 	0.0304348 	-0.00079013 	2.19808e-05
2.44065 	0.0304375 	-0.000788398 	2.20197e-05
2.44217 	0.0304402 	-0.000786665 	2.20586e-05
2.44368 	0.0304429 	-0.000784932 	2.20975e-05
2.4452 	0.0304456 	-0.000783199 	2.21364e-05
2.44672 	0.0304484 	-0.000781466 	2.21753e-05
2.44824 	0.0304511 	-0.000779733 	2.22143e-05
2.44976 	0.0304538 	-0.000778 	2.22532e-05
2.45128 	0.0304565 	-0.000776267 	2.22921e-05
2.4528 	0.0304592 	-0.000774535 	2.2331e-05
2.45432 	0.0304619 	-0.000772802 	2.23699e-05
2.45583 	0.0304647 	-0.000771069 	2.24088e-05
2.45735 	0.0304674 	-0.000769336 	2.24478e-05
2.45887 	0.0304701 	-0.000767603 	2.24867e-05
2.46039 	0.0304727 	-0.000765849 	2.25186e-05
2.46191 	0.0304751 	-0.00076408 	2.2538e-05
2.46343 	0.0304775 	-0.000762387 	2.25503e-05
2.46495 	0.0304795 	-0.000760648 	2.25058e-05
2.46647 	0.0304816 	-0.000758909 	2.24613e-05
2.46798 	0.0304837 	-0.000757171 	2.24168e-05
2.4695 	0.0304857 	-0.000755432 	2.23723e-05
2.47102 	0.0304878 	-0.000753694 	2.23278e-05
2.47254 	0.0304898 	-0.000751955 	2.22832e-05
2.47406 	0.0304919 	-0.000750217 	2.22387e-05
2.47558 	0.0304939 	-0.000748478 	2.21942e-05
2.4771 	0.030496 	-0.00074674 	2.21497e-05
2.47862 	0.0304981 	-0.000745001 	2.21052e-05
2.48013 	0.0305001 	-0.000743263 	2.20607e-05
2.48165 	0.0305022 	-0.000741524 	2.20162e-05
2.48317 	0.0305042 	-0.000739786 	2.19717e-05
2.48469 	0.0305063 	-0.000738047 	2.19272e-05
2.48621 	0.0305082 	-0.000736288 	2.18584e-05
2.48773 	0.0305099 	-0.000734517 	2.17449e-05
2.48925 	0.0305116 	-0.000732817 	2.16231e-05
2.49077 	0.0305129 	-0.000731076 	2.14607e-05
2.49228 	0.0305143 	-0.000729336 	2.12983e-05
2.4938 	0.0305156 	-0.000727596 	2.11358e-05
2.49532 	0.030517 	-0.000725856 	2.09734e-05
2.49684 	0.0305183 	-0.000724116 	2.0811e-05
2.49836 	0.0305197 	-0.000722376 	2.06486e-05
2.49988 	0.030521 	-0.000720636 	2.04861e-05
2.5014 	0.0305224 	-0.000718896 	2.03237e-05
2.50292 	0.0305237 	-0.000717156 	2.01613e-05
2.50443 	0.0305251 	-0.000715416 	1.99989e-05
2.50595 	0.0305264 	-0.000713675 	1.98364e-05
2.50747 	0.0305278 	-0.000711935 	1.9674e-05
2.50899 	0.0305291 	-0.000710195 	1.95116e-05
2.51051 	0.0305305 	-0.000708455 	1.93492e-05
2.51203 	0.0305315 	-0.000706673 	1.91549e-05
2.51355 	0.0305326 	-0.00070495 	1.89451e-05
2.51507 	0.0305334 	-0.000703231 	1.87495e-05
2.51658 	0.0305341 	-0.000701496 	1.85652e-05
2.5181 	0.0305348 	-0.000699761 	1.8381e-05
2.51962 	0.0305355 	-0.000698026 	1.81967e-05
2.52114 	0.0305362 	-0.000696291 	1.80125e-05
2.52266 	0.0305369 	-0.000694556 	1.78282e-05
2.52418 	0.0305376 	-0.000692821 	1.7644e-05
2.5257 	0.0305383 	-0.000691087 	1.74597e-05
2.52722 	0.030539 	-0.000689352 	1.72755e-05
2.52873 	0.0305397 	-0.000687617 	1.70912e-05
2.53025 	0.0305404 	-0.000685882 	1.6907e-05
2.53177 	0.0305411 	-0.000684147 	1.67227e-05
2.53329 	0.0305418 	-0.000682412 	1.65385e-05
2.53481 	0.0305425 	-0.000680677 	1.63542e-05
2.53633 	0.030543 	-0.000678907 	1.61939e-05
2.53785 	0.0305434 	-0.000677187 	1.60372e-05
2.53937 	0.0305436 	-0.000675477 	1.59104e-05
2.54088 	0.0305437 	-0.000673745 	1.58115e-05
2.5424 	0.0305437 	-0.000672013 	1.57126e-05
2.54392 	0.0305438 	-0.000670281 	1.56138e-05
2.54544 	0.0305438 	-0.000668549 	1.55149e-05
2.54696 	0.0305438 	-0.000666817 	1.5416e-05
2.54848 	0.0305439 	-0.000665085 	1.53172e-05
2.55 	0.0305439 	-0.000663353 	1.52183e-05
2.55152 	0.030544 	-0.000661621 	1.51194e-05
2.55303 	0.030544 	-0.000659889 	1.50205e-05
2.55455 	0.0305441 	-0.000658157 	1.49217e-05
2.55607 	0.0305441 	-0.000656425 	1.48228e-05
2.55759 	0.0305442 	-0.000654693 	1.47239e-05
2.55911 	0.0305442 	-0.000652954 	1.46315e-05
2.56063 	0.0305439 	-0.000651168 	1.45882e-05
2.56215 	0.0305436 	-0.000649478 	1.45498e-05
2.56367 	0.0305429 	-0.000647744 	1.45262e-05
2.56518 	0.0305422 	-0.000646007 	1.45036e-05
2.5667 	0.0305415 	-0.00064427 	1.4481e-05
2.56822 	0.0305408 	-0.000642533 	1.44585e-05
2.56974 	0.0305401 	-0.000640795 	1.44359e-05
2.57126 	0.0305395 	-0.000639058 	1.44133e-05
2.57278 	0.0305388 	-0.000637321 	1.43908e-05
2.5743 	0.0305381 	-0.000635584 	1.43682e-05
2.57582 	0.0305374 	-0.000633847 	1.43456e-05
2.57733 	0.0305367 	-0.00063211 	1.43231e-05
2.57885 	0.030536 	-0.000630373 	1.43005e-05
2.58037 	0.0305353 	-0.000628635 	1.4278e-05
2.58189 	0.0305346 	-0.000626898 	1.42554e-05
2.58341 	0.0305336 	-0.000625112 	1.42514e-05
2.58493 	0.0305325 	-0.000623404 	1.42589e-05
2.58645 	0.0305311 	-0.000621671 	1.42573e-05
2.58797 	0.0305296 	-0.000619927 	1.42526e-05
2.58948 	0.0305281 	-0.000618183 	1.42478e-05
2.591 	0.0305266 	-0.000616438 	1.42431e-05
2.59252 	0.0305251 	-0.000614694 	1.42383e-05
2.59404 	0.0305236 	-0.00061295 	1.42336e-05
2.59556 	0.0305221 	-0.000611206 	1.42288e-05
2.59708 	0.0305206 	-0.000609462 	1.42241e-05
2.5986 	0.0305191 	-0.000607717 	1.42193e-05
2.60012 	0.0305176 	-0.000605973 	1.42146e-05
2.60163 	0.0305161 	-0.000604229 	1.42098e-05
2.60315 	0.0305146 	-0.000602485 	1.42051e-05
2.60467 	0.030513 	-0.000600728 	1.4199e-05
2.60619 	0.0305111 	-0.000598941 	1.4191e-05
2.60771 	0.0305092 	-0.000597229 	1.41984e-05
2.60923 	0.0305069 	-0.000595482 	1.41975e-05
2.61075 	0.0305045 	-0.000593735 	1.41966e-05
2.61227 	0.0305022 	-0.000591987 	1.41958e-05
2.61378 	0.0304998 	-0.00059024 	1.41949e-05
2.6153 	0.0304975 	-0.000588493 	1.4194e-05
2.61682 	0.0304952 	-0.000586745 	1.41931e-05
2.61834 	0.0304928 	-0.000584998 	1.41923e-05
2.61986 	0.0304905 	-0.000583251 	1.41914e-05
2.62138 	0.0304881 	-0.000581504 	1.41905e-05
2.6229 	0.0304858 	-0.000579756 	1.41896e-05
2.62442 	0.0304835 	-0.000578009 	1.41888e-05
2.62593 	0.0304811 	-0.000576262 	1.41879e-05
2.62745 	0.0304784 	-0.000574466 	1.41739e-05
2.62897 	0.0304756 	-0.000572741 	1.41724e-05
2.63049 	0.0304724 	-0.000571001 	1.41788e-05
2.63201 	0.0304692 	-0.000569257 	1.41864e-05
2.63353 	0.030466 	-0.000567512 	1.41941e-05
2.63505 	0.0304627 	-0.000565767 	1.42017e-05
2.63657 	0.0304595 	-0.000564023 	1.42093e-05
2.63809 	0.0304563 	-0.000562278 	1.4217e-05
2.6396 	0.030453 	-0.000560533 	1.42246e-05
2.64112 	0.0304498 	-0.000558789 	1.42322e-05
2.64264 	0.0304466 	-0.000557044 	1.42398e-05
2.64416 	0.0304433 	-0.000555299 	1.42475e-05
2.64568 	0.0304401 	-0.000553555 	1.42551e-05
2.6472 	0.0304368 	-0.000551804 	1.426e-05
2.64872 	0.0304331 	-0.000550021 	1.42468e-05
2.65024 	0.0304294 	-0.000548307 	1.42278e-05
2.65175 	0.0304252 	-0.000546567 	1.42668e-05
2.65327 	0.0304211 	-0.000544826 	1.43058e-05
2.65479 	0.0304169 	-0.000543086 	1.43447e-05
2.65631 	0.0304127 	-0.000541346 	1.43837e-05
2.65783 	0.0304085 	-0.000539606 	1.44227e-05
2.65935 	0.0304043 	-0.000537866 	1.44616e-05
2.66087 	0.0304001 	-0.000536125 	1.45006e-05
2.66239 	0.030396 	-0.000534385 	1.45396e-05
2.6639 	0.0303918 	-0.000532645 	1.45786e-05
2.66542 	0.0303876 	-0.000530905 	1.46175e-05
2.66694 	0.0303834 	-0.000529165 	1.46565e-05
2.66846 	0.0303789 	-0.000527396 	1.47187e-05
2.66998 	0.0303743 	-0.000525669 	1.47783e-05
2.6715 	0.0303692 	-0.000523941 	1.48372e-05
2.67302 	0.030364 	-0.000522202 	1.48981e-05
2.67454 	0.0303588 	-0.000520462 	1.4959e-05
2.67605 	0.0303537 	-0.000518723 	1.50199e-05
2.67757 	0.0303485 	-0.000516984 	1.50808e-05
2.67909 	0.0303433 	-0.000515245 	1.51417e-05
2.68061 	0.0303381 	-0.000513506 	1.52026e-05
2.68213 	0.0303329 	-0.000511766 	1.52635e-05
2.68365 	0.0303277 	-0.000510027 	1.53244e-05
2.68517 	0.0303225 	-0.000508288 	1.53853e-05
2.68669 	0.0303173 	-0.000506549 	1.54462e-05
2.6882 	0.0303118 	-0.000504776 	1.55108e-05
2.68972 	0.030306 	-0.000503047 	1.55708e-05
2.69124 	0.0302998 	-0.000501308 	1.56111e-05
2.69276 	0.0302935 	-0.000499559 	1.5645e-05
2.69428 	0.0302871 	-0.000497811 	1.56789e-05
2.6958 	0.0302808 	-0.000496062 	1.57128e-05
2.69732 	0.0302744 	-0.000494313 	1.57466e-05
2.69884 	0.0302681 	-0.000492564 	1.57805e-05
2.70035 	0.0302617 	-0.000490815 	1.58144e-05
2.70187 	0.0302554 	-0.000489067 	1.58483e-05
2.70339 	0.030249 	-0.000487318 	1.58822e-05
2.70491 	0.0302427 	-0.000485569 	1.59161e-05
2.70643 	0.0302362 	-0.000483808 	1.59469e-05
2.70795 	0.0302292 	-0.000482025 	1.59656e-05
2.70947 	0.030222 	-0.000480288 	1.597e-05
2.71099 	0.0302143 	-0.000478519 	1.59574e-05
2.7125 	0.0302065 	-0.000476749 	1.59449e-05
2.71402 	0.0301988 	-0.00047498 	1.59324e-05
2.71554 	0.0301911 	-0.000473211 	1.59198e-05
2.71706 	0.0301834 	-0.000471442 	1.59073e-05
2.71858 	0.0301756 	-0.000469673 	1.58948e-05
2.7201 	0.0301679 	-0.000467904 	1.58822e-05
2.72162 	0.0301602 	-0.000466134 	1.58697e-05
2.72314 	0.0301525 	-0.000464365 	1.58572e-05
2.72465 	0.0301446 	-0.000462589 	1.58433e-05
2.72617 	0.0301362 	-0.000460768 	1.58196e-05
2.72769 	0.0301275 	-0.000459003 	1.57868e-05
2.72921 	0.0301182 	-0.000457211 	1.57416e-05
2.73073 	0.0301089 	-0.000455418 	1.56964e-05
2.73225 	0.0300997 	-0.000453626 	1.56512e-05
2.73377 	0.0300904 	-0.000451834 	1.5606e-05
2.73529 	0.0300811 	-0.000450042 	1.55608e-05
2.7368 	0.0300718 	-0.00044825 	1.55156e-05
2.73832 	0.0300625 	-0.000446458 	1.54704e-05
2.73984 	0.0300533 	-0.000444666 	1.54252e-05
2.74136 	0.030044 	-0.000442874 	1.538e-05
2.74288 	0.0300344 	-0.00044106 	1.53356e-05
2.7444 	0.0300243 	-0.000439241 	1.52921e-05
2.74592 	0.0300138 	-0.00043744 	1.5236e-05
2.74744 	0.0300029 	-0.000435622 	1.51665e-05
2.74895 	0.029992 	-0.000433804 	1.50969e-05
2.75047 	0.0299811 	-0.000431987 	1.50274e-05
2.75199 	0.0299702 	-0.000430169 	1.49578e-05
2.75351 	0.0299593 	-0.000428351 	1.48883e-05
2.75503 	0.0299484 	-0.000426533 	1.48188e-05
2.75655 	0.0299375 	-0.000424715 	1.47492e-05
2.75807 	0.0299266 	-0.000422897 	1.46797e-05
2.75959 	0.0299156 	-0.000421074 	1.46086e-05
2.7611 	0.0299039 	-0.00041921 	1.45252e-05
2.76262 	0.0298918 	-0.000417394 	1.4436e-05
2.76414 	0.0298792 	-0.000415542 	1.43211e-05
2.76566 	0.0298666 	-0.000413689 	1.42063e-05
2.76718 	0.029854 	-0.000411836 	1.40914e-05
2.7687 	0.0298413 	-0.000409983 	1.39766e-05
2.77022 	0.0298287 	-0.00040813 	1.38617e-05
2.77174 	0.0298161 	-0.000406278 	1.37469e-05
2.77325 	0.0298035 	-0.000404425 	1.3632e-05
2.77477 	0.0297909 	-0.000402572 	1.35172e-05
2.77629 	0.0297781 	-0.000400706 	1.3395e-05
2.77781 	0.0297645 	-0.000398802 	1.32463e-05
2.77933 	0.0297505 	-0.000396939 	1.31082e-05
2.78085 	0.0297359 	-0.000395039 	1.29644e-05
2.78237 	0.0297214 	-0.00039314 	1.28206e-05
2.78389 	0.0297068 	-0.00039124 	1.26768e-05
2.7854 	0.0296923 	-0.000389341 	1.2533e-05
2.78692 	0.0296777 	-0.000387441 	1.23892e-05
2.78844 	0.0296631 	-0.000385542 	1.22454e-05
2.78996 	0.0296486 	-0.000383642 	1.21015e-05
2.79148 	0.029634 	-0.000381743 	1.19577e-05
2.793 	0.0296188 	-0.000379791 	1.17865e-05
2.79452 	0.029603 	-0.000377865 	1.16209e-05
2.79604 	0.0295863 	-0.00037592 	1.14856e-05
2.79755 	0.0295695 	-0.000373969 	1.13548e-05
2.79907 	0.0295528 	-0.000372017 	1.12239e-05
2.80059 	0.029536 	-0.000370065 	1.1093e-05
2.80211 	0.0295192 	-0.000368113 	1.09621e-05
2.80363 	0.0295024 	-0.000366161 	1.08312e-05
2.80515 	0.0294856 	-0.000364209 	1.07003e-05
2.80667 	0.0294688 	-0.000362257 	1.05695e-05
2.80819 	0.0294515 	-0.000360269 	1.04306e-05
2.8097 	0.0294333 	-0.00035828 	1.02887e-05
2.81122 	0.0294142 	-0.00035628 	1.01966e-05
2.81274 	0.0293947 	-0.000354267 	1.01216e-05
2.81426 	0.0293752 	-0.000352254 	1.00467e-05
2.81578 	0.0293557 	-0.000350241 	9.97172e-06
2.8173 	0.0293362 	-0.000348229 	9.89677e-06
2.81882 	0.0293167 	-0.000346216 	9.82181e-06
2.82034 	0.0292972 	-0.000344203 	9.74686e-06
2.82185 	0.0292777 	-0.00034219 	9.67191e-06
2.82337 	0.0292572 	-0.000340122 	9.62834e-06
2.82489 	0.0292358 	-0.00033807 	9.58705e-06
2.82641 	0.029213 	-0.000335986 	9.59025e-06
2.82793 	0.0291902 	-0.000333902 	9.59402e-06
2.82945 	0.0291674 	-0.000331817 	9.59778e-06
2.83097 	0.0291446 	-0.000329733 	9.60155e-06
2.83249 	0.0291218 	-0.000327649 	9.60532e-06
2.83401 	0.0290989 	-0.000325564 	9.60909e-06
2.83552 	0.0290761 	-0.00032348 	9.61286e-06
2.83704 	0.0290528 	-0.000321374 	9.63069e-06
2.83856 	0.029028 	-0.000319233 	9.67659e-06
2.84008 	0.0290019 	-0.000317086 	9.70716e-06
2.8416 	0.0289751 	-0.00031492 	9.73265e-06
2.84312 	0.0289484 	-0.000312753 	9.75813e-06
2.84464 	0.0289216 	-0.000310587 	9.78361e-06
2.84616 	0.0288949 	-0.000308421 	9.8091e-06
2.84767 	0.0288681 	-0.000306254 	9.83458e-06
2.84919 	0.0288414 	-0.000304088 	9.86007e-06
2.85071 	0.0288142 	-0.000301903 	9.88506e-06
2.85223 	0.0287851 	-0.000299667 	9.90411e-06
2.85375 	0.0287544 	-0.000297426 	9.895e-06
2.85527 	0.0287229 	-0.000295163 	9.86978e-06
2.85679 	0.0286915 	-0.000292899 	9.84455e-06
2.85831 	0.02866 	-0.000290635 	9.81933e-06
2.85982 	0.0286286 	-0.000288372 	9.7941e-06
2.86134 	0.0285971 	-0.000286108 	9.76888e-06
2.86286 	0.0285656 	-0.000283845 	9.74365e-06
2.86438 	0.028533 	-0.00028154 	9.70863e-06
2.8659 	0.0284985 	-0.000279212 	9.65672e-06
2.86742 	0.0284617 	-0.00027685 	9.58457e-06
2.86894 	0.0284247 	-0.000274481 	9.50999e-06
2.87046 	0.0283876 	-0.000272112 	9.43542e-06
2.87197 	0.0283506 	-0.000269743 	9.36084e-06
2.87349 	0.0283136 	-0.000267375 	9.28626e-06
2.87501 	0.0282765 	-0.000265006 	9.21168e-06
2.87653 	0.0282393 	-0.000262631 	9.13679e-06
2.87805 	0.0281992 	-0.00026019 	9.05589e-06
2.87957 	0.0281568 	-0.00025774 	8.96323e-06
2.88109 	0.0281132 	-0.000255262 	8.86365e-06
2.88261 	0.0280696 	-0.000252785 	8.76407e-06
2.88412 	0.028026 	-0.000250307 	8.66448e-06
2.88564 	0.0279824 	-0.000247829 	8.5649e-06
2.88716 	0.0279388 	-0.000245352 	8.46532e-06
2.88868 	0.0278951 	-0.000242874 	8.36573e-06
2.8902 	0.0278481 	-0.000240325 	8.2656e-06
2.89172 	0.0277982 	-0.000237765 	8.14797e-06
2.89324 	0.0277467 	-0.000235177 	8.02384e-06
2.89476 	0.0276952 	-0.000232589 	7.8997e-06
2.89627 	0.0276437 	-0.00023 	7.77557e-06
2.89779 	0.0275922 	-0.000227412 	7.65144e-06
2.89931 	0.0275407 	-0.000224824 	7.5273e-06
2.90083 	0.0274885 	-0.00022222 	7.40671e-06
2.90235 	0.0274323 	-0.000219566 	7.28421e-06
2.90387 	0.0273723 	-0.000216882 	7.15197e-06
2.90539 	0.0273113 	-0.000214185 	7.02246e-06
2.90691 	0.0272503 	-0.000211488 	6.89294e-06
2.90842 	0.0271893 	-0.000208791 	6.76343e-06
2.90994 	0.0271283 	-0.000206094 	6.63391e-06
2.91146 	0.0270673 	-0.000203397 	6.50439e-06
2.91298 	0.027003 	-0.000200651 	6.40687e-06
2.9145 	0.0269335 	-0.000197877 	6.29845e-06
2.91602 	0.0268607 	-0.00019507 	6.193e-06
2.91754 	0.0267879 	-0.000192263 	6.08756e-06
2.91906 	0.0267151 	-0.000189456 	5.98211e-06
2.92057 	0.0266423 	-0.000186649 	5.87666e-06
2.92209 	0.0265695 	-0.000183842 	5.77122e-06
2.92361 	0.0264935 	-0.000181002 	5.68697e-06
2.92513 	0.0264112 	-0.000178117 	5.60951e-06
2.92665 	0.0263233 	-0.000175199 	5.53196e-06
2.92817 	0.0262354 	-0.000172281 	5.45441e-06
2.92969 	0.0261476 	-0.000169364 	5.37686e-06
2.93121 	0.0260597 	-0.000166446 	5.2993e-06
2.93272 	0.0259718 	-0.000163529 	5.22175e-06
2.93424 	0.0258792 	-0.000160587 	5.17862e-06
2.93576 	0.0257779 	-0.000157593 	5.12074e-06
2.93728 	0.0256721 	-0.000154578 	5.05754e-06
2.9388 	0.0255662 	-0.000151563 	4.99433e-06
2.94032 	0.0254603 	-0.000148548 	4.93113e-06
2.94184 	0.0253544 	-0.000145533 	4.86793e-06
2.94336 	0.025248 	-0.000142516 	4.80864e-06
2.94487 	0.0251326 	-0.000139469 	4.78954e-06
2.94639 	0.0250055 	-0.00013638 	4.71003e-06
2.94791 	0.024876 	-0.000133286 	4.61768e-06
2.94943 	0.0247466 	-0.000130192 	4.52532e-06
2.95095 	0.0246171 	-0.000127097 	4.43297e-06
2.95247 	0.0244877 	-0.000124003 	4.34062e-06
2.95399 	0.0243491 	-0.000120905 	4.23565e-06
2.95551 	0.0241965 	-0.000117761 	4.10703e-06
2.95702 	0.0240383 	-0.000114617 	3.92215e-06
2.95854 	0.0238802 	-0.000111474 	3.73728e-06
2.96006 	0.0237221 	-0.000108331 	3.55241e-06
2.96158 	0.0235639 	-0.000105188 	3.36753e-06
2.9631 	0.023398 	-0.000102068 	3.10271e-06
2.96462 	0.0232121 	-9.89079e-05 	2.83845e-06
2.96614 	0.0230164 	-9.57641e-05 	2.52388e-06
2.96766 	0.0228207 	-9.26202e-05 	2.20931e-06
2.96917 	0.022625 	-8.94763e-05 	1.89474e-06
2.97069 	0.0224293 	-8.63325e-05 	1.58017e-06
2.97221 	0.0222152 	-8.32455e-05 	1.14225e-06
2.97373 	0.021977 	-8.01406e-05 	7.51243e-07
2.97525 	0.0217332 	-7.7047e-05 	3.69742e-07
2.97677 	0.0214893 	-7.39534e-05 	-1.17593e-08
2.97829 	0.0212454 	-7.08598e-05 	-3.93261e-07
2.97981 	0.0209958 	-6.78045e-05 	-7.91614e-07
2.98132 	0.0207185 	-6.47874e-05 	-1.19928e-06
2.98284 	0.0204186 	-6.18084e-05 	-1.50137e-06
2.98436 	0.0201187 	-5.88294e-05 	-1.80347e-06
2.98588 	0.0198187 	-5.58505e-05 	-2.10556e-06
2.9874 	0.0195184 	-5.2875e-05 	-2.4064e-06
2.98892 	0.019188 	-5.00314e-05 	-2.66306e-06
2.99044 	0.0188156 	-4.72542e-05 	-2.75761e-06
2.99196 	0.0184418 	-4.44818e-05 	-2.84482e-06
2.99347 	0.0180681 	-4.17093e-05 	-2.93204e-06
2.99499 	0.0176944 	-3.89369e-05 	-3.01926e-06
2.99651 	0.0172799 	-3.63723e-05 	-2.97745e-06
2.99803 	0.0168167 	-3.39013e-05 	-2.82028e-06
2.99955 	0.0163525 	-3.1434e-05 	-2.65933e-06
3.00107 	0.0158884 	-2.89668e-05 	-2.49837e-06
3.00259 	0.0154175 	-2.65652e-05 	-2.30283e-06
3.00411 	0.0148903 	-2.43718e-05 	-2.02317e-06
3.00562 	0.01433 	-2.22766e-05 	-1.71829e-06
3.00714 	0.0137697 	-2.01814e-05 	-1.4134e-06
3.00866 	0.0132094 	-1.80862e-05 	-1.10852e-06
3.01018 	0.0126188 	-1.62101e-05 	-7.50922e-07
3.0117 	0.0119701 	-1.44966e-05 	-4.53592e-07
3.01322 	0.0113173 	-1.28169e-05 	-1.63941e-07
3.01474 	0.0106646 	-1.11372e-05 	1.2571e-07
3.01626 	0.0099993 	-9.629e-06 	4.09724e-07
3.01777 	0.00927181 	-8.31637e-06 	5.9765e-07
3.01929 	0.00854402 	-7.06227e-06 	7.46604e-07
3.02081 	0.00781623 	-5.80818e-06 	8.95558e-07
3.02233 	0.00707463 	-4.74527e-06 	9.89693e-07
3.02385 	0.00629683 	-3.85001e-06 	9.82753e-07
3.02537 	0.00552276 	-2.97102e-06 	9.59391e-07
3.02689 	0.00475156 	-2.11352e-06 	9.25154e-07
3.02841 	0.0039606 	-1.51309e-06 	8.00263e-07
3.02992 	0.0031785 	-1.04552e-06 	6.65856e-07
3.03144 	0.00239641 	-5.77959e-07 	5.3145e-07
3.03296 	0.00160948 	-3.8625e-07 	3.52268e-07
3.03448 	0.00079958 	-1.86605e-07 	1.77852e-07
3.036 	2.25925e-16 	-4.46088e-20 	5.46277e-20
