0.00151876 	-0.00012225 	-4.16706e-07 	-1.73587e-07
0.00303752 	-0.000249642 	-8.6927e-07 	-4.80248e-07
0.00455628 	-0.000377478 	-1.30796e-06 	-4.88648e-07
0.00607504 	-0.000480442 	-2.19645e-06 	-8.67796e-07
0.0075938 	-0.000564331 	-3.51978e-06 	-1.12319e-06
0.00911256 	-0.000633121 	-5.07907e-06 	-1.33009e-06
0.0106313 	-0.000698051 	-6.71894e-06 	-1.36827e-06
0.0121501 	-0.000748903 	-8.68279e-06 	-1.91742e-06
0.0136688 	-0.000792189 	-1.07972e-05 	-1.63514e-06
0.0151876 	-0.000821371 	-1.33325e-05 	-2.89324e-06
0.0167064 	-0.000850591 	-1.5811e-05 	-3.20252e-06
0.0182251 	-0.0008723 	-1.856e-05 	-4.03282e-06
0.0197439 	-0.000889194 	-2.14393e-05 	-4.48073e-06
0.0212626 	-0.000901268 	-2.44143e-05 	-4.04143e-06
0.0227814 	-0.000907489 	-2.7833e-05 	-5.9336e-06
0.0243002 	-0.000912346 	-3.12079e-05 	-6.4867e-06
0.0258189 	-0.000912071 	-3.47493e-05 	-6.70612e-06
0.0273377 	-0.000910862 	-3.84752e-05 	-8.10128e-06
0.0288564 	-0.000909052 	-4.21589e-05 	-8.70919e-06
0.0303752 	-0.000902983 	-4.60214e-05 	-9.2928e-06
0.0318939 	-0.000896094 	-5.00124e-05 	-1.02968e-05
0.0334127 	-0.000888879 	-5.39841e-05 	-1.09378e-05
0.0349315 	-0.000877672 	-5.81146e-05 	-1.12668e-05
0.0364502 	-0.000866578 	-6.24253e-05 	-1.24879e-05
0.037969 	-0.000855066 	-6.67033e-05 	-1.31432e-05
0.0394877 	-0.000840434 	-7.10049e-05 	-1.26785e-05
0.0410065 	-0.000826704 	-7.55949e-05 	-1.45656e-05
0.0425253 	-0.000812273 	-8.01154e-05 	-1.52394e-05
0.044044 	-0.000796711 	-8.46225e-05 	-1.52696e-05
0.0455628 	-0.000780242 	-8.93411e-05 	-1.66232e-05
0.0470815 	-0.000764092 	-9.40341e-05 	-1.7314e-05
0.0486003 	-0.000747941 	-9.8727e-05 	-1.80049e-05
0.0501191 	-0.000729835 	-0.000103411 	-1.80416e-05
0.0516378 	-0.000712574 	-0.000108258 	-1.92783e-05
0.0531566 	-0.000695142 	-0.000113116 	-1.99634e-05
0.0546753 	-0.000677452 	-0.000117983 	-2.04681e-05
0.0561941 	-0.000658233 	-0.00012286 	-2.11311e-05
0.0577129 	-0.000639842 	-0.00012787 	-2.1791e-05
0.0592316 	-0.000621452 	-0.00013288 	-2.24509e-05
0.0607504 	-0.000602607 	-0.00013794 	-2.27103e-05
0.0622691 	-0.000583063 	-0.000142862 	-2.35099e-05
0.0637879 	-0.000564146 	-0.000148002 	-2.41121e-05
0.0653067 	-0.000545229 	-0.000153141 	-2.47143e-05
0.0668254 	-0.000526107 	-0.000158374 	-2.50321e-05
0.0683442 	-0.000506111 	-0.000163354 	-2.56048e-05
0.0698629 	-0.000486802 	-0.000168615 	-2.60806e-05
0.0713817 	-0.000467492 	-0.000173876 	-2.65565e-05
0.0729005 	-0.000448193 	-0.000179186 	-2.6958e-05
0.0744192 	-0.00042797 	-0.000184333 	-2.70915e-05
0.075938 	-0.000408416 	-0.000189637 	-2.74256e-05
0.0774567 	-0.000388977 	-0.000194987 	-2.77561e-05
0.0789755 	-0.000369538 	-0.000200338 	-2.80866e-05
0.0804942 	-0.000350395 	-0.000205868 	-2.8239e-05
0.082013 	-0.00032998 	-0.000210978 	-2.82554e-05
0.0835318 	-0.000310539 	-0.000216414 	-2.84253e-05
0.0850505 	-0.000291099 	-0.00022185 	-2.85952e-05
0.0865693 	-0.000271994 	-0.000227361 	-2.88049e-05
0.088088 	-0.00025189 	-0.000232596 	-2.85041e-05
0.0896068 	-0.000232322 	-0.000238046 	-2.84545e-05
0.0911256 	-0.000212989 	-0.000243564 	-2.84837e-05
0.0926443 	-0.000193657 	-0.000249082 	-2.85129e-05
0.0941631 	-0.000175341 	-0.000254749 	-2.88612e-05
0.0956818 	-0.000154731 	-0.000259937 	-2.81205e-05
0.0972006 	-0.000135623 	-0.000265513 	-2.8077e-05
0.0987194 	-0.000116514 	-0.000271088 	-2.80334e-05
0.100238 	-9.74058e-05 	-0.000276663 	-2.79899e-05
0.101757 	-7.9579e-05 	-0.000282338 	-2.84898e-05
0.103276 	-5.91101e-05 	-0.00028756 	-2.74289e-05
0.104794 	-4.03119e-05 	-0.000293183 	-2.7394e-05
0.106313 	-2.15137e-05 	-0.000298807 	-2.7359e-05
0.107832 	-2.71553e-06 	-0.00030443 	-2.73241e-05
0.109351 	1.52013e-05 	-0.000310091 	-2.77682e-05
0.110869 	3.42119e-05 	-0.000315536 	-2.72578e-05
0.112388 	5.31959e-05 	-0.000321093 	-2.69336e-05
0.113907 	7.16303e-05 	-0.000326729 	-2.70115e-05
0.115426 	9.00646e-05 	-0.000332365 	-2.70893e-05
0.116944 	0.000108499 	-0.000338001 	-2.71672e-05
0.118463 	0.000125059 	-0.000343544 	-2.83807e-05
0.119982 	0.000145058 	-0.000348981 	-2.69748e-05
0.121501 	0.000163183 	-0.000354603 	-2.71465e-05
0.12302 	0.000181308 	-0.000360225 	-2.73182e-05
0.124538 	0.000199432 	-0.000365847 	-2.74899e-05
0.126057 	0.000216844 	-0.000371418 	-2.816e-05
0.127576 	0.000234474 	-0.0003769 	-2.82549e-05
0.129095 	0.000253332 	-0.000382469 	-2.73967e-05
0.130613 	0.000271157 	-0.000388047 	-2.75275e-05
0.132132 	0.000288982 	-0.000393624 	-2.76582e-05
0.133651 	0.000306806 	-0.000399201 	-2.7789e-05
0.13517 	0.00032363 	-0.000404621 	-2.87084e-05
0.136688 	0.000341315 	-0.000410041 	-2.83263e-05
0.138207 	0.000359772 	-0.000415628 	-2.7334e-05
0.139726 	0.000377369 	-0.00042117 	-2.73211e-05
0.141245 	0.000394967 	-0.000426712 	-2.73081e-05
0.142763 	0.000412564 	-0.000432254 	-2.72952e-05
0.144282 	0.000429591 	-0.000437668 	-2.78448e-05
0.145801 	0.000446244 	-0.000442963 	-2.83328e-05
0.14732 	0.00046497 	-0.000448704 	-2.64019e-05
0.148838 	0.000482409 	-0.000454225 	-2.63105e-05
0.150357 	0.000499847 	-0.000459746 	-2.62191e-05
0.151876 	0.000517286 	-0.000465267 	-2.61276e-05
0.153395 	0.000534725 	-0.000470788 	-2.60362e-05
0.154913 	0.00055022 	-0.00047563 	-2.84801e-05
0.156432 	0.000569023 	-0.00048151 	-2.53781e-05
0.157951 	0.000586413 	-0.000487037 	-2.52006e-05
0.15947 	0.000603702 	-0.000492537 	-2.52225e-05
0.160988 	0.000620992 	-0.000498037 	-2.52444e-05
0.162507 	0.000638281 	-0.000503537 	-2.52663e-05
0.164026 	0.000655272 	-0.000508894 	-2.58405e-05
0.165545 	0.00067121 	-0.000513758 	-2.80793e-05
0.167064 	0.000689551 	-0.000519819 	-2.49226e-05
0.168582 	0.000706721 	-0.000525326 	-2.52513e-05
0.170101 	0.00072389 	-0.000530832 	-2.558e-05
0.17162 	0.00074106 	-0.000536339 	-2.59087e-05
0.173139 	0.00075823 	-0.000541845 	-2.62374e-05
0.174657 	0.000775105 	-0.000547127 	-2.73927e-05
0.176176 	0.000791244 	-0.000551896 	-3.02582e-05
0.177695 	0.000809126 	-0.000558178 	-2.70734e-05
0.179214 	0.000826206 	-0.000563686 	-2.78448e-05
0.180732 	0.000843286 	-0.000569194 	-2.86163e-05
0.182251 	0.000860366 	-0.000574703 	-2.93877e-05
0.18377 	0.000877446 	-0.000580211 	-3.01592e-05
0.185289 	0.000894526 	-0.000585719 	-3.09306e-05
0.186807 	0.000910643 	-0.000589933 	-3.59147e-05
0.188326 	0.000928053 	-0.000596402 	-3.34117e-05
0.189845 	0.000945142 	-0.000602123 	-3.37715e-05
0.191364 	0.000962128 	-0.000607619 	-3.49656e-05
0.192882 	0.000979113 	-0.000613116 	-3.61596e-05
0.194401 	0.000996098 	-0.000618612 	-3.73537e-05
0.19592 	0.00101308 	-0.000624108 	-3.85477e-05
0.197439 	0.00102977 	-0.000628928 	-4.14593e-05
0.198957 	0.00104631 	-0.000633796 	-4.42713e-05
0.200476 	0.0010634 	-0.00064051 	-4.24789e-05
0.201995 	0.00108028 	-0.000645976 	-4.39826e-05
0.203514 	0.00109715 	-0.000651441 	-4.54863e-05
0.205033 	0.00111403 	-0.000656907 	-4.699e-05
0.206551 	0.0011309 	-0.000662373 	-4.84937e-05
0.20807 	0.00114778 	-0.000667838 	-4.99974e-05
0.209589 	0.00116434 	-0.000672224 	-5.35367e-05
0.211108 	0.00118086 	-0.000677327 	-5.5817e-05
0.212626 	0.00119765 	-0.000684129 	-5.49872e-05
0.214145 	0.00121443 	-0.000689521 	-5.66789e-05
0.215664 	0.00123121 	-0.000694914 	-5.83706e-05
0.217183 	0.00124798 	-0.000700307 	-6.00623e-05
0.218701 	0.00126476 	-0.000705699 	-6.1754e-05
0.22022 	0.00128154 	-0.000711092 	-6.34458e-05
0.221739 	0.00129811 	-0.000715626 	-6.62903e-05
0.223258 	0.00131444 	-0.000719701 	-6.9825e-05
0.224776 	0.00133104 	-0.000727017 	-6.92982e-05
0.226295 	0.00134783 	-0.000732374 	-7.09832e-05
0.227814 	0.00136462 	-0.000737638 	-7.27738e-05
0.229333 	0.00138142 	-0.000742902 	-7.45644e-05
0.230851 	0.00139822 	-0.000748165 	-7.63551e-05
0.23237 	0.00141502 	-0.000753429 	-7.81457e-05
0.233889 	0.00143182 	-0.000758693 	-7.99363e-05
0.235408 	0.00144823 	-0.000761896 	-8.34901e-05
0.236926 	0.00146477 	-0.000767641 	-8.50625e-05
0.238445 	0.00148155 	-0.000774119 	-8.59699e-05
0.239964 	0.00149859 	-0.000779241 	-8.7777e-05
0.241483 	0.00151562 	-0.000784364 	-8.95841e-05
0.243002 	0.00153266 	-0.000789487 	-9.13912e-05
0.24452 	0.0015497 	-0.000794609 	-9.31983e-05
0.246039 	0.00156673 	-0.000799732 	-9.50054e-05
0.247558 	0.00158374 	-0.000804694 	-9.68794e-05
0.249077 	0.00160045 	-0.00080758 	-9.96199e-05
0.250595 	0.00161738 	-0.000813543 	-0.000100984
0.252114 	0.00163454 	-0.000819686 	-0.000102238
0.253633 	0.00165194 	-0.000824686 	-0.000103959
0.255152 	0.00166933 	-0.000829686 	-0.000105681
0.25667 	0.00168672 	-0.000834685 	-0.000107403
0.258189 	0.00170412 	-0.000839685 	-0.000109124
0.259708 	0.00172151 	-0.000844685 	-0.000110846
0.261227 	0.0017389 	-0.000849684 	-0.000112568
0.262745 	0.00175599 	-0.00085286 	-0.000114539
0.264264 	0.00177331 	-0.000857665 	-0.0001161
0.265783 	0.0017909 	-0.000863986 	-0.000117311
0.267302 	0.00180871 	-0.000868878 	-0.000118952
0.26882 	0.00182651 	-0.00087377 	-0.000120593
0.270339 	0.00184432 	-0.000878662 	-0.000122233
0.271858 	0.00186213 	-0.000883554 	-0.000123874
0.273377 	0.00187993 	-0.000888446 	-0.000125514
0.274895 	0.00189774 	-0.000893339 	-0.000127155
0.276414 	0.00191542 	-0.000897622 	-0.000128788
0.277933 	0.00193285 	-0.000900776 	-0.000130406
0.279452 	0.001951 	-0.000906599 	-0.000131838
0.28097 	0.00196924 	-0.000912088 	-0.000133371
0.282489 	0.00198751 	-0.000916881 	-0.00013505
0.284008 	0.00200578 	-0.000921675 	-0.00013673
0.285527 	0.00202406 	-0.000926468 	-0.00013841
0.287046 	0.00204233 	-0.000931261 	-0.000140089
0.288564 	0.0020606 	-0.000936054 	-0.000141769
0.290083 	0.00207887 	-0.000940847 	-0.000143449
0.291602 	0.00209697 	-0.000945025 	-0.000145012
0.293121 	0.00211486 	-0.00094843 	-0.000146429
0.294639 	0.00213346 	-0.000953976 	-0.000148224
0.296158 	0.00215213 	-0.000959236 	-0.00015003
0.297677 	0.00217086 	-0.00096394 	-0.000151828
0.299196 	0.00218958 	-0.000968644 	-0.000153626
0.300714 	0.00220831 	-0.000973348 	-0.000155424
0.302233 	0.00222704 	-0.000978052 	-0.000157222
0.303752 	0.00224576 	-0.000982756 	-0.00015902
0.305271 	0.00226449 	-0.00098746 	-0.000160818
0.306789 	0.00228318 	-0.000991995 	-0.000162528
0.308308 	0.00230166 	-0.00099564 	-0.00016377
0.309827 	0.00232033 	-0.00100032 	-0.000165608
0.311346 	0.00233912 	-0.00100566 	-0.00016783
0.312864 	0.00235831 	-0.00101028 	-0.000169627
0.314383 	0.00237749 	-0.0010149 	-0.000171421
0.315902 	0.00239668 	-0.00101952 	-0.000173215
0.317421 	0.00241587 	-0.00102414 	-0.000175009
0.318939 	0.00243505 	-0.00102875 	-0.000176803
0.320458 	0.00245424 	-0.00103337 	-0.000178597
0.321977 	0.00247342 	-0.00103799 	-0.000180391
0.323496 	0.00249265 	-0.00104222 	-0.000181733
0.325015 	0.00251192 	-0.00104603 	-0.000182602
0.326533 	0.00253105 	-0.00105096 	-0.000184661
0.328052 	0.00255027 	-0.00105595 	-0.000186763
0.329571 	0.00256996 	-0.00106046 	-0.000188286
0.33109 	0.00258965 	-0.00106498 	-0.000189809
0.332608 	0.00260934 	-0.0010695 	-0.000191332
0.334127 	0.00262903 	-0.00107401 	-0.000192856
0.335646 	0.00264872 	-0.00107853 	-0.000194379
0.337165 	0.00266841 	-0.00108304 	-0.000195902
0.338683 	0.0026881 	-0.00108756 	-0.000197425
0.340202 	0.00270793 	-0.00109181 	-0.000198495
0.341721 	0.00272795 	-0.0010957 	-0.000198949
0.34324 	0.00274757 	-0.00110037 	-0.000200583
0.344758 	0.00276706 	-0.00110533 	-0.00020264
0.346277 	0.00278732 	-0.00110978 	-0.000203692
0.347796 	0.0028076 	-0.00111422 	-0.000204728
0.349315 	0.00282787 	-0.00111866 	-0.000205763
0.350833 	0.00284815 	-0.0011231 	-0.000206798
0.352352 	0.00286843 	-0.00112754 	-0.000207833
0.353871 	0.00288871 	-0.00113198 	-0.000208869
0.35539 	0.00290898 	-0.00113642 	-0.000209904
0.356908 	0.00292926 	-0.00114086 	-0.000210939
0.358427 	0.0029501 	-0.00114479 	-0.000210827
0.359946 	0.0029708 	-0.00114891 	-0.000210987
0.361465 	0.00299078 	-0.0011539 	-0.00021251
0.362983 	0.00301113 	-0.00115867 	-0.000213636
0.364502 	0.00303211 	-0.00116306 	-0.000214086
0.366021 	0.00305309 	-0.00116744 	-0.000214535
0.36754 	0.00307407 	-0.00117183 	-0.000214985
0.369059 	0.00309505 	-0.00117621 	-0.000215434
0.370577 	0.00311603 	-0.00118059 	-0.000215883
0.372096 	0.00313701 	-0.00118498 	-0.000216333
0.373615 	0.00315799 	-0.00118936 	-0.000216782
0.375134 	0.00317902 	-0.0011937 	-0.000217159
0.376652 	0.00320079 	-0.00119748 	-0.00021657
0.378171 	0.0032223 	-0.00120157 	-0.000216363
0.37969 	0.00324297 	-0.00120668 	-0.000217377
0.381209 	0.00326405 	-0.0012115 	-0.000217993
0.382727 	0.00328591 	-0.00121579 	-0.000217823
0.384246 	0.00330777 	-0.00122007 	-0.000217653
0.385765 	0.00332963 	-0.00122436 	-0.000217483
0.387284 	0.00335149 	-0.00122864 	-0.000217314
0.388802 	0.00337335 	-0.00123293 	-0.000217144
0.390321 	0.00339521 	-0.00123721 	-0.000216974
0.39184 	0.00341707 	-0.00124149 	-0.000216804
0.393359 	0.00343892 	-0.00124578 	-0.000216634
0.394877 	0.00346145 	-0.00124949 	-0.000215814
0.396396 	0.00348417 	-0.00125303 	-0.000214795
0.397915 	0.00350577 	-0.00125796 	-0.00021506
0.399434 	0.00352719 	-0.00126312 	-0.000215539
0.400952 	0.00354987 	-0.00126739 	-0.000215072
0.402471 	0.00357273 	-0.00127154 	-0.000214474
0.40399 	0.0035956 	-0.00127568 	-0.000213875
0.405509 	0.00361846 	-0.00127983 	-0.000213277
0.407028 	0.00364132 	-0.00128397 	-0.000212679
0.408546 	0.00366419 	-0.00128812 	-0.000212081
0.410065 	0.00368705 	-0.00129226 	-0.000211482
0.411584 	0.00370991 	-0.00129641 	-0.000210884
0.413103 	0.0037328 	-0.00130053 	-0.00021027
0.414621 	0.00375657 	-0.00130376 	-0.000209156
0.41614 	0.00378027 	-0.00130709 	-0.000208101
0.417659 	0.00380239 	-0.00131228 	-0.000208255
0.419178 	0.00382452 	-0.00131747 	-0.00020841
0.420696 	0.0038483 	-0.00132149 	-0.000207665
0.422215 	0.0038721 	-0.0013255 	-0.000206908
0.423734 	0.0038959 	-0.0013295 	-0.000206151
0.425253 	0.00391969 	-0.00133351 	-0.000205394
0.426771 	0.00394349 	-0.00133751 	-0.000204638
0.42829 	0.00396729 	-0.00134152 	-0.000203881
0.429809 	0.00399109 	-0.00134553 	-0.000203124
0.431328 	0.00401489 	-0.00134953 	-0.000202367
0.432846 	0.00403869 	-0.00135354 	-0.00020161
0.434365 	0.00406338 	-0.00135659 	-0.00020063
0.435884 	0.00408821 	-0.00135948 	-0.000199614
0.437403 	0.00411189 	-0.00136417 	-0.000199499
0.438921 	0.00413528 	-0.00136932 	-0.000199617
0.44044 	0.00415951 	-0.00137365 	-0.000199189
0.441959 	0.00418418 	-0.00137755 	-0.000198473
0.443478 	0.00420886 	-0.00138145 	-0.000197757
0.444996 	0.00423353 	-0.00138535 	-0.000197041
0.446515 	0.0042582 	-0.00138925 	-0.000196324
0.448034 	0.00428287 	-0.00139315 	-0.000195608
0.449553 	0.00430755 	-0.00139705 	-0.000194892
0.451072 	0.00433222 	-0.00140095 	-0.000194176
0.45259 	0.00435689 	-0.00140485 	-0.00019346
0.454109 	0.00438174 	-0.00140843 	-0.000192687
0.455628 	0.00440713 	-0.00141104 	-0.00019174
0.457147 	0.00443247 	-0.0014139 	-0.000190908
0.458665 	0.00445735 	-0.00141892 	-0.000191131
0.460184 	0.00448223 	-0.00142393 	-0.000191354
0.461703 	0.00450766 	-0.00142792 	-0.000190916
0.463222 	0.00453317 	-0.00143175 	-0.000190384
0.46474 	0.00455869 	-0.00143558 	-0.000189852
0.466259 	0.0045842 	-0.00143941 	-0.000189319
0.467778 	0.00460971 	-0.00144325 	-0.000188787
0.469297 	0.00463522 	-0.00144708 	-0.000188255
0.470815 	0.00466074 	-0.00145091 	-0.000187722
0.472334 	0.00468625 	-0.00145474 	-0.00018719
0.473853 	0.00471176 	-0.00145857 	-0.000186658
0.475372 	0.00473729 	-0.00146215 	-0.00018607
0.47689 	0.00476287 	-0.00146461 	-0.000185233
0.478409 	0.00478845 	-0.00146707 	-0.000184396
0.479928 	0.00481429 	-0.00147175 	-0.000184353
0.481447 	0.00484014 	-0.00147655 	-0.000184351
0.482965 	0.00486616 	-0.00148067 	-0.000184129
0.484484 	0.00489227 	-0.0014844 	-0.000183784
0.486003 	0.00491839 	-0.00148814 	-0.00018344
0.487522 	0.00494451 	-0.00149187 	-0.000183095
0.489041 	0.00497063 	-0.0014956 	-0.00018275
0.490559 	0.00499674 	-0.00149934 	-0.000182405
0.492078 	0.00502286 	-0.00150307 	-0.00018206
0.493597 	0.00504898 	-0.00150681 	-0.000181716
0.495116 	0.00507509 	-0.00151054 	-0.000181371
0.496634 	0.00510121 	-0.00151428 	-0.000181026
0.498153 	0.00512704 	-0.00151711 	-0.000180667
0.499672 	0.00515272 	-0.00151948 	-0.0001803
0.501191 	0.00517851 	-0.00152257 	-0.000180028
0.502709 	0.0052045 	-0.00152702 	-0.000179935
0.504228 	0.00523049 	-0.00153146 	-0.000179841
0.505747 	0.00525687 	-0.00153507 	-0.000179685
0.507266 	0.00528327 	-0.00153863 	-0.000179525
0.508784 	0.00530967 	-0.00154219 	-0.000179365
0.510303 	0.00533606 	-0.00154575 	-0.000179205
0.511822 	0.00536246 	-0.00154932 	-0.000179045
0.513341 	0.00538886 	-0.00155288 	-0.000178885
0.514859 	0.00541526 	-0.00155644 	-0.000178725
0.516378 	0.00544165 	-0.00156 	-0.000178565
0.517897 	0.00546805 	-0.00156356 	-0.000178405
0.519416 	0.00549445 	-0.00156712 	-0.000178245
0.520934 	0.00552062 	-0.00156988 	-0.000178155
0.522453 	0.00554669 	-0.00157227 	-0.000178096
0.523972 	0.00557277 	-0.00157515 	-0.000178076
0.525491 	0.00559887 	-0.00157928 	-0.000178154
0.52701 	0.00562497 	-0.00158341 	-0.000178232
0.528528 	0.00565139 	-0.00158697 	-0.000178183
0.530047 	0.00567789 	-0.00159037 	-0.0001781
0.531566 	0.00570439 	-0.00159377 	-0.000178018
0.533085 	0.00573089 	-0.00159718 	-0.000177936
0.534603 	0.00575739 	-0.00160058 	-0.000177853
0.536122 	0.00578389 	-0.00160399 	-0.000177771
0.537641 	0.00581039 	-0.00160739 	-0.000177689
0.53916 	0.00583689 	-0.00161079 	-0.000177606
0.540678 	0.00586339 	-0.0016142 	-0.000177524
0.542197 	0.00588989 	-0.0016176 	-0.000177442
0.543716 	0.00591634 	-0.00162075 	-0.00017733
0.545235 	0.00594261 	-0.00162313 	-0.000177127
0.546753 	0.00596888 	-0.0016255 	-0.000176925
0.548272 	0.00599524 	-0.00162897 	-0.000177048
0.549791 	0.00602163 	-0.00163282 	-0.000177283
0.55131 	0.00604804 	-0.00163657 	-0.00017744
0.552828 	0.00607458 	-0.00163979 	-0.000177211
0.554347 	0.00610112 	-0.00164302 	-0.000176982
0.555866 	0.00612766 	-0.00164624 	-0.000176753
0.557385 	0.0061542 	-0.00164947 	-0.000176524
0.558903 	0.00618075 	-0.00165269 	-0.000176296
0.560422 	0.00620729 	-0.00165592 	-0.000176067
0.561941 	0.00623383 	-0.00165914 	-0.000175838
0.56346 	0.00626037 	-0.00166237 	-0.000175609
0.564978 	0.00628691 	-0.00166559 	-0.00017538
0.566497 	0.00631345 	-0.00166882 	-0.000175151
0.568016 	0.00633987 	-0.00167174 	-0.000174775
0.569535 	0.00636604 	-0.00167407 	-0.000174106
0.571054 	0.00639221 	-0.00167641 	-0.000173437
0.572572 	0.00641831 	-0.00167944 	-0.000173261
0.574091 	0.00644438 	-0.00168271 	-0.000173252
0.57561 	0.00647049 	-0.00168597 	-0.000173214
0.577129 	0.00649717 	-0.00168895 	-0.000172806
0.578647 	0.00652385 	-0.00169194 	-0.000172398
0.580166 	0.00655053 	-0.00169493 	-0.000171991
0.581685 	0.0065772 	-0.00169792 	-0.000171583
0.583204 	0.00660388 	-0.00170091 	-0.000171175
0.584722 	0.00663056 	-0.0017039 	-0.000170768
0.586241 	0.00665724 	-0.00170689 	-0.00017036
0.58776 	0.00668392 	-0.00170988 	-0.000169952
0.589279 	0.00671059 	-0.00171286 	-0.000169544
0.590797 	0.00673727 	-0.00171585 	-0.000169137
0.592316 	0.00676395 	-0.00171884 	-0.000168729
0.593835 	0.00679088 	-0.00172148 	-0.000167985
0.595354 	0.00681782 	-0.00172411 	-0.000167226
0.596872 	0.00684452 	-0.00172678 	-0.000166615
0.598391 	0.00687059 	-0.0017296 	-0.000166397
0.59991 	0.00689666 	-0.00173241 	-0.000166179
0.601429 	0.00692329 	-0.00173523 	-0.000165886
0.602947 	0.00695045 	-0.00173805 	-0.000165522
0.604466 	0.00697761 	-0.00174086 	-0.000165158
0.605985 	0.00700477 	-0.00174368 	-0.000164794
0.607504 	0.00703193 	-0.0017465 	-0.00016443
0.609023 	0.00705909 	-0.00174931 	-0.000164065
0.610541 	0.00708625 	-0.00175213 	-0.000163701
0.61206 	0.00711341 	-0.00175495 	-0.000163337
0.613579 	0.00714057 	-0.00175776 	-0.000162973
0.615098 	0.00716773 	-0.00176058 	-0.000162608
0.616616 	0.00719489 	-0.0017634 	-0.000162244
0.618135 	0.00722216 	-0.00176622 	-0.000161859
0.619654 	0.00725032 	-0.00176914 	-0.000161296
0.621173 	0.00727849 	-0.00177205 	-0.000160734
0.622691 	0.00730623 	-0.00177493 	-0.000160245
0.62421 	0.00733309 	-0.00177772 	-0.000159904
0.625729 	0.00735995 	-0.00178051 	-0.000159563
0.627248 	0.00738739 	-0.00178327 	-0.000159238
0.628766 	0.00741549 	-0.001786 	-0.000158932
0.630285 	0.00744358 	-0.00178872 	-0.000158626
0.631804 	0.00747167 	-0.00179144 	-0.00015832
0.633323 	0.00749976 	-0.00179416 	-0.000158013
0.634841 	0.00752786 	-0.00179689 	-0.000157707
0.63636 	0.00755595 	-0.00179961 	-0.000157401
0.637879 	0.00758404 	-0.00180233 	-0.000157094
0.639398 	0.00761214 	-0.00180505 	-0.000156788
0.640916 	0.00764023 	-0.00180777 	-0.000156482
0.642435 	0.00766832 	-0.0018105 	-0.000156176
0.643954 	0.00769642 	-0.00181322 	-0.000155869
0.645473 	0.00772536 	-0.001816 	-0.000155332
0.646991 	0.00775454 	-0.00181881 	-0.000154732
0.64851 	0.00778372 	-0.00182161 	-0.000154133
0.650029 	0.00781168 	-0.00182445 	-0.000153261
0.651548 	0.00783952 	-0.0018273 	-0.000152365
0.653067 	0.00786737 	-0.00183015 	-0.000151468
0.654585 	0.00789651 	-0.00183278 	-0.000150817
0.656104 	0.00792572 	-0.00183539 	-0.000150176
0.657623 	0.00795493 	-0.00183801 	-0.000149535
0.659142 	0.00798413 	-0.00184062 	-0.000148895
0.66066 	0.00801334 	-0.00184324 	-0.000148254
0.662179 	0.00804255 	-0.00184586 	-0.000147614
0.663698 	0.00807175 	-0.00184847 	-0.000146973
0.665217 	0.00810096 	-0.00185109 	-0.000146332
0.666735 	0.00813017 	-0.0018537 	-0.000145692
0.668254 	0.00815938 	-0.00185632 	-0.000145051
0.669773 	0.00818858 	-0.00185894 	-0.000144411
0.671292 	0.00821779 	-0.00186155 	-0.00014377
0.67281 	0.00824779 	-0.00186402 	-0.000143018
0.674329 	0.00827779 	-0.00186649 	-0.000142265
0.675848 	0.00830775 	-0.00186897 	-0.000141488
0.677367 	0.00833659 	-0.00187162 	-0.00013988
0.678885 	0.00836544 	-0.00187427 	-0.000138273
0.680404 	0.00839428 	-0.00187692 	-0.000136666
0.681923 	0.00842414 	-0.00187933 	-0.000135592
0.683442 	0.00845402 	-0.00188174 	-0.000134531
0.68496 	0.0084839 	-0.00188415 	-0.000133471
0.686479 	0.00851379 	-0.00188656 	-0.000132411
0.687998 	0.00854367 	-0.00188897 	-0.000131351
0.689517 	0.00857355 	-0.00189137 	-0.00013029
0.691036 	0.00860343 	-0.00189378 	-0.00012923
0.692554 	0.00863331 	-0.00189619 	-0.00012817
0.694073 	0.0086632 	-0.0018986 	-0.00012711
0.695592 	0.00869308 	-0.00190101 	-0.000126049
0.697111 	0.00872296 	-0.00190342 	-0.000124989
0.698629 	0.00875284 	-0.00190583 	-0.000123929
0.700148 	0.00878286 	-0.00190804 	-0.000123191
0.701667 	0.00881293 	-0.00191019 	-0.000122565
0.703186 	0.008843 	-0.00191234 	-0.000121939
0.704704 	0.00887245 	-0.00191459 	-0.000120679
0.706223 	0.00890161 	-0.0019169 	-0.000119114
0.707742 	0.00893077 	-0.0019192 	-0.000117548
0.709261 	0.00896044 	-0.00192143 	-0.000116219
0.710779 	0.00899056 	-0.00192359 	-0.000115104
0.712298 	0.00902068 	-0.00192574 	-0.000113989
0.713817 	0.0090508 	-0.0019279 	-0.000112874
0.715336 	0.00908092 	-0.00193006 	-0.00011176
0.716854 	0.00911104 	-0.00193221 	-0.000110645
0.718373 	0.00914116 	-0.00193437 	-0.00010953
0.719892 	0.00917128 	-0.00193653 	-0.000108415
0.721411 	0.0092014 	-0.00193868 	-0.000107301
0.722929 	0.00923152 	-0.00194084 	-0.000106186
0.724448 	0.00926164 	-0.00194299 	-0.000105071
0.725967 	0.00929176 	-0.00194515 	-0.000103956
0.727486 	0.00932188 	-0.0019473 	-0.000102852
0.729005 	0.00935212 	-0.00194924 	-0.000102271
0.730523 	0.00938236 	-0.00195117 	-0.000101689
0.732042 	0.0094126 	-0.0019531 	-0.000101108
0.733561 	0.00944218 	-0.00195502 	-0.000100173
0.73508 	0.00947166 	-0.00195693 	-9.91794e-05
0.736598 	0.00950113 	-0.00195885 	-9.81855e-05
0.738117 	0.00953117 	-0.00196074 	-9.7228e-05
0.739636 	0.00956158 	-0.00196263 	-9.62938e-05
0.741155 	0.00959198 	-0.00196451 	-9.53596e-05
0.742673 	0.00962239 	-0.0019664 	-9.44254e-05
0.744192 	0.0096528 	-0.00196828 	-9.34912e-05
0.745711 	0.0096832 	-0.00197017 	-9.25569e-05
0.74723 	0.00971361 	-0.00197205 	-9.16227e-05
0.748748 	0.00974402 	-0.00197393 	-9.06885e-05
0.750267 	0.00977442 	-0.00197582 	-8.97543e-05
0.751786 	0.00980483 	-0.0019777 	-8.88201e-05
0.753305 	0.00983524 	-0.00197959 	-8.78858e-05
0.754823 	0.00986564 	-0.00198147 	-8.69516e-05
0.756342 	0.00989605 	-0.00198335 	-8.60174e-05
0.757861 	0.00992656 	-0.00198516 	-8.52444e-05
0.75938 	0.00995708 	-0.00198695 	-8.45021e-05
0.760898 	0.00998761 	-0.00198874 	-8.37598e-05
0.762417 	0.0100177 	-0.00199042 	-8.30975e-05
0.763936 	0.0100476 	-0.00199202 	-8.24935e-05
0.765455 	0.0100774 	-0.00199362 	-8.18895e-05
0.766973 	0.0101074 	-0.00199521 	-8.12734e-05
0.768492 	0.0101379 	-0.00199678 	-8.06178e-05
0.770011 	0.0101685 	-0.00199835 	-7.99622e-05
0.77153 	0.0101991 	-0.00199991 	-7.93066e-05
0.773049 	0.0102297 	-0.00200148 	-7.8651e-05
0.774567 	0.0102602 	-0.00200305 	-7.79954e-05
0.776086 	0.0102908 	-0.00200462 	-7.73398e-05
0.777605 	0.0103214 	-0.00200619 	-7.66842e-05
0.779124 	0.0103519 	-0.00200776 	-7.60287e-05
0.780642 	0.0103825 	-0.00200933 	-7.53731e-05
0.782161 	0.0104131 	-0.0020109 	-7.47175e-05
0.78368 	0.0104437 	-0.00201247 	-7.40619e-05
0.785199 	0.0104742 	-0.00201404 	-7.34063e-05
0.786717 	0.0105048 	-0.00201559 	-7.27677e-05
0.788236 	0.0105353 	-0.00201711 	-7.21948e-05
0.789755 	0.0105658 	-0.00201862 	-7.16219e-05
0.791274 	0.0105964 	-0.00202013 	-7.1049e-05
0.792792 	0.0106262 	-0.00202158 	-7.07829e-05
0.794311 	0.0106559 	-0.00202303 	-7.05716e-05
0.79583 	0.0106856 	-0.00202447 	-7.03603e-05
0.797349 	0.0107156 	-0.00202586 	-7.00026e-05
0.798867 	0.010746 	-0.00202716 	-6.94326e-05
0.800386 	0.0107765 	-0.00202846 	-6.88625e-05
0.801905 	0.010807 	-0.00202976 	-6.82925e-05
0.803424 	0.0108375 	-0.00203106 	-6.77224e-05
0.804942 	0.010868 	-0.00203236 	-6.71524e-05
0.806461 	0.0108984 	-0.00203366 	-6.65823e-05
0.80798 	0.0109289 	-0.00203496 	-6.60123e-05
0.809499 	0.0109594 	-0.00203626 	-6.54422e-05
0.811018 	0.0109899 	-0.00203756 	-6.48722e-05
0.812536 	0.0110203 	-0.00203886 	-6.43021e-05
0.814055 	0.0110508 	-0.00204016 	-6.37321e-05
0.815574 	0.0110813 	-0.00204147 	-6.3162e-05
0.817093 	0.0111118 	-0.00204275 	-6.25725e-05
0.818611 	0.0111425 	-0.00204388 	-6.18475e-05
0.82013 	0.0111733 	-0.00204502 	-6.11225e-05
0.821649 	0.011204 	-0.00204616 	-6.03976e-05
0.823168 	0.0112341 	-0.00204742 	-5.99113e-05
0.824686 	0.0112639 	-0.00204875 	-5.95415e-05
0.826205 	0.0112937 	-0.00205007 	-5.91716e-05
0.827724 	0.0113236 	-0.00205136 	-5.87511e-05
0.829243 	0.011354 	-0.00205246 	-5.80107e-05
0.830761 	0.0113844 	-0.00205355 	-5.72703e-05
0.83228 	0.0114148 	-0.00205465 	-5.65299e-05
0.833799 	0.0114452 	-0.00205574 	-5.57895e-05
0.835318 	0.0114756 	-0.00205684 	-5.5049e-05
0.836836 	0.011506 	-0.00205793 	-5.43086e-05
0.838355 	0.0115364 	-0.00205903 	-5.35682e-05
0.839874 	0.0115668 	-0.00206013 	-5.28278e-05
0.841393 	0.0115972 	-0.00206122 	-5.20874e-05
0.842911 	0.0116276 	-0.00206232 	-5.1347e-05
0.84443 	0.0116581 	-0.00206341 	-5.06066e-05
0.845949 	0.0116885 	-0.00206451 	-4.98662e-05
0.847468 	0.0117189 	-0.0020656 	-4.91258e-05
0.848986 	0.0117494 	-0.00206655 	-4.8323e-05
0.850505 	0.0117799 	-0.00206739 	-4.74799e-05
0.852024 	0.0118105 	-0.00206824 	-4.66368e-05
0.853543 	0.011841 	-0.00206911 	-4.58259e-05
0.855062 	0.0118709 	-0.00207036 	-4.552e-05
0.85658 	0.0119008 	-0.00207161 	-4.52142e-05
0.858099 	0.0119307 	-0.00207286 	-4.49083e-05
0.859618 	0.0119608 	-0.00207396 	-4.43611e-05
0.861137 	0.0119913 	-0.00207486 	-4.34947e-05
0.862655 	0.0120218 	-0.00207576 	-4.26284e-05
0.864174 	0.0120523 	-0.00207666 	-4.1762e-05
0.865693 	0.0120828 	-0.00207756 	-4.08957e-05
0.867212 	0.0121133 	-0.00207846 	-4.00293e-05
0.86873 	0.0121438 	-0.00207936 	-3.9163e-05
0.870249 	0.0121743 	-0.00208026 	-3.82966e-05
0.871768 	0.0122048 	-0.00208116 	-3.74303e-05
0.873287 	0.0122353 	-0.00208206 	-3.65639e-05
0.874805 	0.0122658 	-0.00208296 	-3.56976e-05
0.876324 	0.0122963 	-0.00208386 	-3.48312e-05
0.877843 	0.0123268 	-0.00208476 	-3.39649e-05
0.879362 	0.0123572 	-0.00208566 	-3.30986e-05
0.88088 	0.0123877 	-0.00208629 	-3.19787e-05
0.882399 	0.0124181 	-0.00208679 	-3.07302e-05
0.883918 	0.0124485 	-0.0020873 	-2.94818e-05
0.885437 	0.0124789 	-0.00208781 	-2.8248e-05
0.886955 	0.0125088 	-0.00208892 	-2.76799e-05
0.888474 	0.0125387 	-0.00209002 	-2.71118e-05
0.889993 	0.0125687 	-0.00209113 	-2.65436e-05
0.891512 	0.0125988 	-0.00209209 	-2.58696e-05
0.893031 	0.0126295 	-0.00209273 	-2.49491e-05
0.894549 	0.0126602 	-0.00209336 	-2.40285e-05
0.896068 	0.0126909 	-0.002094 	-2.3108e-05
0.897587 	0.0127216 	-0.00209463 	-2.21875e-05
0.899106 	0.0127522 	-0.00209527 	-2.1267e-05
0.900624 	0.0127829 	-0.0020959 	-2.03465e-05
0.902143 	0.0128136 	-0.00209654 	-1.9426e-05
0.903662 	0.0128443 	-0.00209717 	-1.85055e-05
0.905181 	0.012875 	-0.00209781 	-1.7585e-05
0.906699 	0.0129057 	-0.00209844 	-1.66644e-05
0.908218 	0.0129364 	-0.00209908 	-1.57439e-05
0.909737 	0.0129671 	-0.00209972 	-1.48234e-05
0.911256 	0.0129978 	-0.00210035 	-1.39029e-05
0.912774 	0.0130284 	-0.00210082 	-1.28946e-05
0.914293 	0.0130591 	-0.00210092 	-1.16844e-05
0.915812 	0.0130898 	-0.00210101 	-1.04742e-05
0.917331 	0.0131204 	-0.0021011 	-9.26396e-06
0.918849 	0.0131509 	-0.00210152 	-8.18801e-06
0.920368 	0.0131811 	-0.00210218 	-7.21358e-06
0.921887 	0.0132113 	-0.00210284 	-6.23914e-06
0.923406 	0.0132416 	-0.0021035 	-5.26471e-06
0.924924 	0.0132722 	-0.00210392 	-4.45407e-06
0.926443 	0.013303 	-0.00210427 	-3.69545e-06
0.927962 	0.0133338 	-0.00210463 	-2.93684e-06
0.929481 	0.0133647 	-0.00210498 	-2.17822e-06
0.930999 	0.0133955 	-0.00210533 	-1.4196e-06
0.932518 	0.0134263 	-0.00210568 	-6.60988e-07
0.934037 	0.0134571 	-0.00210603 	9.76285e-08
0.935556 	0.0134879 	-0.00210639 	8.56245e-07
0.937075 	0.0135187 	-0.00210674 	1.61486e-06
0.938593 	0.0135495 	-0.00210709 	2.37348e-06
0.940112 	0.0135803 	-0.00210744 	3.1321e-06
0.941631 	0.0136111 	-0.0021078 	3.89071e-06
0.94315 	0.0136419 	-0.00210815 	4.64933e-06
0.944668 	0.0136727 	-0.0021085 	5.40795e-06
0.946187 	0.0137035 	-0.00210864 	5.97779e-06
0.947706 	0.0137342 	-0.00210858 	6.38688e-06
0.949225 	0.0137649 	-0.00210853 	6.79598e-06
0.950743 	0.0137956 	-0.00210848 	7.20508e-06
0.952262 	0.013826 	-0.00210867 	7.65795e-06
0.953781 	0.0138563 	-0.00210896 	8.1281e-06
0.9553 	0.0138866 	-0.00210924 	8.59824e-06
0.956818 	0.0139169 	-0.00210953 	9.06838e-06
0.958337 	0.0139475 	-0.00210965 	9.42563e-06
0.959856 	0.0139782 	-0.00210973 	9.75802e-06
0.961375 	0.0140089 	-0.00210982 	1.00904e-05
0.962893 	0.0140396 	-0.00210991 	1.04228e-05
0.964412 	0.0140703 	-0.00210999 	1.07552e-05
0.965931 	0.014101 	-0.00211008 	1.10876e-05
0.96745 	0.0141317 	-0.00211017 	1.142e-05
0.968968 	0.0141624 	-0.00211025 	1.17524e-05
0.970487 	0.0141931 	-0.00211034 	1.20848e-05
0.972006 	0.0142238 	-0.00211042 	1.24172e-05
0.973525 	0.0142545 	-0.00211051 	1.27496e-05
0.975044 	0.0142852 	-0.0021106 	1.3082e-05
0.976562 	0.0143159 	-0.00211068 	1.34144e-05
0.978081 	0.0143466 	-0.00211077 	1.37468e-05
0.9796 	0.0143772 	-0.00211075 	1.39973e-05
0.981119 	0.0144078 	-0.00211058 	1.41191e-05
0.982637 	0.0144384 	-0.0021104 	1.42409e-05
0.984156 	0.0144689 	-0.00211023 	1.43627e-05
0.985675 	0.0144992 	-0.00211014 	1.43359e-05
0.987194 	0.014529 	-0.00211015 	1.41476e-05
0.988712 	0.0145589 	-0.00211016 	1.39593e-05
0.990231 	0.0145888 	-0.00211017 	1.3771e-05
0.99175 	0.014619 	-0.00211009 	1.37894e-05
0.993269 	0.0146494 	-0.00210992 	1.40163e-05
0.994787 	0.0146799 	-0.00210975 	1.42432e-05
0.996306 	0.0147103 	-0.00210957 	1.44701e-05
0.997825 	0.0147408 	-0.0021094 	1.46971e-05
0.999344 	0.0147712 	-0.00210923 	1.4924e-05
1.00086 	0.0148016 	-0.00210906 	1.51509e-05
1.00238 	0.0148321 	-0.00210889 	1.53778e-05
1.0039 	0.0148625 	-0.00210871 	1.56048e-05
1.00542 	0.014893 	-0.00210854 	1.58317e-05
1.00694 	0.0149234 	-0.00210837 	1.60586e-05
1.00846 	0.0149539 	-0.0021082 	1.62856e-05
1.00997 	0.0149843 	-0.00210802 	1.65125e-05
1.01149 	0.0150147 	-0.00210785 	1.67394e-05
1.01301 	0.0150452 	-0.00210768 	1.69663e-05
1.01453 	0.0150756 	-0.00210737 	1.76069e-05
1.01605 	0.015106 	-0.00210703 	1.83118e-05
1.01757 	0.0151364 	-0.00210669 	1.90168e-05
1.01909 	0.0151668 	-0.00210636 	1.97218e-05
1.02061 	0.0151964 	-0.00210616 	1.99244e-05
1.02213 	0.0152259 	-0.00210599 	2.00534e-05
1.02364 	0.0152554 	-0.00210581 	2.01823e-05
1.02516 	0.0152849 	-0.00210563 	2.03113e-05
1.02668 	0.0153151 	-0.00210525 	2.0704e-05
1.0282 	0.0153455 	-0.00210482 	2.11586e-05
1.02972 	0.0153759 	-0.00210439 	2.16131e-05
1.03124 	0.0154062 	-0.00210396 	2.20676e-05
1.03276 	0.0154366 	-0.00210353 	2.25221e-05
1.03428 	0.0154669 	-0.0021031 	2.29767e-05
1.03579 	0.0154973 	-0.00210267 	2.34312e-05
1.03731 	0.0155277 	-0.00210224 	2.38857e-05
1.03883 	0.015558 	-0.00210181 	2.43403e-05
1.04035 	0.0155884 	-0.00210137 	2.47948e-05
1.04187 	0.0156187 	-0.00210094 	2.52493e-05
1.04339 	0.0156491 	-0.00210051 	2.57039e-05
1.04491 	0.0156795 	-0.00210008 	2.61584e-05
1.04643 	0.0157098 	-0.00209965 	2.66129e-05
1.04794 	0.0157402 	-0.00209922 	2.70675e-05
1.04946 	0.0157708 	-0.00209859 	2.79041e-05
1.05098 	0.0158013 	-0.00209797 	2.8746e-05
1.0525 	0.0158319 	-0.00209734 	2.95878e-05
1.05402 	0.0158625 	-0.00209671 	3.04297e-05
1.05554 	0.0158924 	-0.00209624 	3.09208e-05
1.05706 	0.0159221 	-0.00209578 	3.13786e-05
1.05858 	0.0159519 	-0.00209533 	3.18364e-05
1.06009 	0.0159817 	-0.00209487 	3.22942e-05
1.06161 	0.0160119 	-0.00209424 	3.27701e-05
1.06313 	0.0160422 	-0.00209355 	3.32512e-05
1.06465 	0.0160726 	-0.00209286 	3.37323e-05
1.06617 	0.0161029 	-0.00209218 	3.42135e-05
1.06769 	0.0161333 	-0.00209149 	3.46946e-05
1.06921 	0.0161636 	-0.0020908 	3.51757e-05
1.07073 	0.0161939 	-0.00209011 	3.56569e-05
1.07224 	0.0162243 	-0.00208942 	3.6138e-05
1.07376 	0.0162546 	-0.00208874 	3.66191e-05
1.07528 	0.016285 	-0.00208805 	3.71003e-05
1.0768 	0.0163153 	-0.00208736 	3.75814e-05
1.07832 	0.0163457 	-0.00208667 	3.80625e-05
1.07984 	0.016376 	-0.00208598 	3.85437e-05
1.08136 	0.0164064 	-0.0020853 	3.90248e-05
1.08288 	0.0164367 	-0.00208461 	3.95059e-05
1.08439 	0.0164671 	-0.00208377 	4.0165e-05
1.08591 	0.0164974 	-0.00208288 	4.08769e-05
1.08743 	0.0165278 	-0.00208199 	4.15888e-05
1.08895 	0.0165581 	-0.0020811 	4.23007e-05
1.09047 	0.0165881 	-0.00208034 	4.29371e-05
1.09199 	0.0166179 	-0.00207964 	4.35276e-05
1.09351 	0.0166476 	-0.00207894 	4.41181e-05
1.09503 	0.0166774 	-0.00207825 	4.47086e-05
1.09654 	0.0167072 	-0.00207747 	4.52516e-05
1.09806 	0.0167372 	-0.00207657 	4.57267e-05
1.09958 	0.0167671 	-0.00207567 	4.62018e-05
1.1011 	0.016797 	-0.00207478 	4.66768e-05
1.10262 	0.016827 	-0.00207388 	4.71519e-05
1.10414 	0.0168569 	-0.00207298 	4.7627e-05
1.10566 	0.0168868 	-0.00207209 	4.81021e-05
1.10718 	0.0169168 	-0.00207119 	4.85772e-05
1.10869 	0.0169467 	-0.00207029 	4.90523e-05
1.11021 	0.0169767 	-0.00206939 	4.95273e-05
1.11173 	0.0170066 	-0.0020685 	5.00024e-05
1.11325 	0.0170365 	-0.0020676 	5.04775e-05
1.11477 	0.0170665 	-0.0020667 	5.09526e-05
1.11629 	0.0170964 	-0.00206581 	5.14277e-05
1.11781 	0.0171263 	-0.00206491 	5.19028e-05
1.11933 	0.0171562 	-0.00206396 	5.2403e-05
1.12084 	0.0171858 	-0.00206287 	5.29834e-05
1.12236 	0.0172155 	-0.00206177 	5.35638e-05
1.12388 	0.0172451 	-0.00206067 	5.41442e-05
1.1254 	0.0172748 	-0.00205958 	5.47243e-05
1.12692 	0.0173039 	-0.00205863 	5.52897e-05
1.12844 	0.017333 	-0.00205769 	5.5855e-05
1.12996 	0.0173622 	-0.00205675 	5.64203e-05
1.13148 	0.0173913 	-0.00205581 	5.69856e-05
1.13299 	0.0174205 	-0.00205475 	5.74737e-05
1.13451 	0.0174496 	-0.00205366 	5.79349e-05
1.13603 	0.0174788 	-0.00205257 	5.8396e-05
1.13755 	0.017508 	-0.00205148 	5.88572e-05
1.13907 	0.0175372 	-0.00205038 	5.93183e-05
1.14059 	0.0175664 	-0.00204929 	5.97795e-05
1.14211 	0.0175956 	-0.0020482 	6.02407e-05
1.14363 	0.0176248 	-0.0020471 	6.07018e-05
1.14514 	0.017654 	-0.00204601 	6.1163e-05
1.14666 	0.0176832 	-0.00204492 	6.16241e-05
1.14818 	0.0177124 	-0.00204383 	6.20853e-05
1.1497 	0.0177416 	-0.00204273 	6.25464e-05
1.15122 	0.0177708 	-0.00204164 	6.30076e-05
1.15274 	0.0178 	-0.00204055 	6.34688e-05
1.15426 	0.0178292 	-0.00203946 	6.39299e-05
1.15578 	0.0178582 	-0.0020383 	6.4339e-05
1.15729 	0.0178869 	-0.00203704 	6.46739e-05
1.15881 	0.0179157 	-0.00203578 	6.50088e-05
1.16033 	0.0179444 	-0.00203453 	6.53436e-05
1.16185 	0.0179731 	-0.00203327 	6.56704e-05
1.16337 	0.0180015 	-0.00203205 	6.59407e-05
1.16489 	0.0180298 	-0.00203084 	6.6211e-05
1.16641 	0.0180582 	-0.00202962 	6.64813e-05
1.16793 	0.0180866 	-0.0020284 	6.67516e-05
1.16944 	0.0181149 	-0.00202713 	6.70376e-05
1.17096 	0.0181432 	-0.00202585 	6.73279e-05
1.17248 	0.0181715 	-0.00202458 	6.76182e-05
1.174 	0.0181998 	-0.0020233 	6.79085e-05
1.17552 	0.0182281 	-0.00202202 	6.81988e-05
1.17704 	0.0182564 	-0.00202074 	6.84891e-05
1.17856 	0.0182847 	-0.00201947 	6.87794e-05
1.18008 	0.018313 	-0.00201819 	6.90697e-05
1.18159 	0.0183413 	-0.00201691 	6.93599e-05
1.18311 	0.0183696 	-0.00201563 	6.96502e-05
1.18463 	0.0183979 	-0.00201436 	6.99405e-05
1.18615 	0.0184262 	-0.00201308 	7.02308e-05
1.18767 	0.0184545 	-0.0020118 	7.05211e-05
1.18919 	0.0184828 	-0.00201053 	7.08114e-05
1.19071 	0.0185111 	-0.00200925 	7.11017e-05
1.19223 	0.0185393 	-0.00200795 	7.13503e-05
1.19374 	0.0185671 	-0.0020066 	7.15068e-05
1.19526 	0.018595 	-0.00200525 	7.16632e-05
1.19678 	0.0186229 	-0.0020039 	7.18197e-05
1.1983 	0.0186507 	-0.00200255 	7.19762e-05
1.19982 	0.0186782 	-0.00200116 	7.20079e-05
1.20134 	0.0187057 	-0.00199977 	7.20349e-05
1.20286 	0.0187331 	-0.00199839 	7.20619e-05
1.20438 	0.0187606 	-0.001997 	7.20889e-05
1.20589 	0.018788 	-0.00199559 	7.21826e-05
1.20741 	0.0188153 	-0.00199417 	7.23272e-05
1.20893 	0.0188427 	-0.00199274 	7.24719e-05
1.21045 	0.0188701 	-0.00199132 	7.26166e-05
1.21197 	0.0188975 	-0.00198989 	7.27612e-05
1.21349 	0.0189248 	-0.00198847 	7.29059e-05
1.21501 	0.0189522 	-0.00198704 	7.30506e-05
1.21653 	0.0189796 	-0.00198562 	7.31953e-05
1.21805 	0.0190069 	-0.00198419 	7.33399e-05
1.21956 	0.0190343 	-0.00198277 	7.34846e-05
1.22108 	0.0190617 	-0.00198134 	7.36293e-05
1.2226 	0.0190891 	-0.00197992 	7.37739e-05
1.22412 	0.0191164 	-0.00197849 	7.39186e-05
1.22564 	0.0191438 	-0.00197706 	7.40633e-05
1.22716 	0.0191712 	-0.00197564 	7.42079e-05
1.22868 	0.0191985 	-0.00197421 	7.43526e-05
1.2302 	0.0192256 	-0.00197278 	7.45416e-05
1.23171 	0.0192526 	-0.00197134 	7.47323e-05
1.23323 	0.0192797 	-0.00196991 	7.49231e-05
1.23475 	0.0193067 	-0.00196847 	7.51139e-05
1.23627 	0.0193334 	-0.00196704 	7.52176e-05
1.23779 	0.0193598 	-0.00196561 	7.52523e-05
1.23931 	0.0193863 	-0.00196419 	7.5287e-05
1.24083 	0.0194127 	-0.00196276 	7.53217e-05
1.24235 	0.0194392 	-0.00196132 	7.53611e-05
1.24386 	0.0194657 	-0.00195975 	7.54388e-05
1.24538 	0.0194922 	-0.00195819 	7.55165e-05
1.2469 	0.0195187 	-0.00195662 	7.55941e-05
1.24842 	0.0195452 	-0.00195506 	7.56718e-05
1.24994 	0.0195717 	-0.00195349 	7.57495e-05
1.25146 	0.0195982 	-0.00195193 	7.58272e-05
1.25298 	0.0196247 	-0.00195036 	7.59049e-05
1.2545 	0.0196512 	-0.00194879 	7.59826e-05
1.25601 	0.0196777 	-0.00194723 	7.60603e-05
1.25753 	0.0197042 	-0.00194566 	7.6138e-05
1.25905 	0.0197307 	-0.0019441 	7.62157e-05
1.26057 	0.0197572 	-0.00194253 	7.62934e-05
1.26209 	0.0197837 	-0.00194097 	7.63711e-05
1.26361 	0.0198102 	-0.0019394 	7.64487e-05
1.26513 	0.0198367 	-0.00193784 	7.65264e-05
1.26665 	0.0198631 	-0.00193625 	7.66536e-05
1.26816 	0.0198893 	-0.00193463 	7.68592e-05
1.26968 	0.0199155 	-0.00193301 	7.70648e-05
1.2712 	0.0199417 	-0.00193139 	7.72705e-05
1.27272 	0.0199679 	-0.00192977 	7.74761e-05
1.27424 	0.0199936 	-0.00192824 	7.75012e-05
1.27576 	0.0200192 	-0.00192671 	7.75133e-05
1.27728 	0.0200448 	-0.00192518 	7.75254e-05
1.2788 	0.0200705 	-0.00192365 	7.75374e-05
1.28031 	0.020096 	-0.00192204 	7.75243e-05
1.28183 	0.0201215 	-0.00192033 	7.74792e-05
1.28335 	0.020147 	-0.00191862 	7.74341e-05
1.28487 	0.0201725 	-0.00191691 	7.7389e-05
1.28639 	0.020198 	-0.0019152 	7.73439e-05
1.28791 	0.0202235 	-0.00191349 	7.72988e-05
1.28943 	0.0202489 	-0.00191178 	7.72537e-05
1.29095 	0.0202744 	-0.00191007 	7.72086e-05
1.29246 	0.0202999 	-0.00190836 	7.71635e-05
1.29398 	0.0203254 	-0.00190665 	7.71184e-05
1.2955 	0.0203509 	-0.00190494 	7.70733e-05
1.29702 	0.0203764 	-0.00190323 	7.70282e-05
1.29854 	0.0204019 	-0.00190152 	7.69831e-05
1.30006 	0.0204273 	-0.00189981 	7.6938e-05
1.30158 	0.0204528 	-0.0018981 	7.68929e-05
1.3031 	0.0204783 	-0.00189639 	7.68478e-05
1.30461 	0.0205035 	-0.00189462 	7.68215e-05
1.30613 	0.0205285 	-0.00189281 	7.6807e-05
1.30765 	0.0205534 	-0.00189099 	7.67925e-05
1.30917 	0.0205784 	-0.00188918 	7.67781e-05
1.31069 	0.0206033 	-0.00188738 	7.67487e-05
1.31221 	0.0206279 	-0.00188567 	7.66038e-05
1.31373 	0.0206524 	-0.00188395 	7.64588e-05
1.31525 	0.020677 	-0.00188224 	7.63139e-05
1.31676 	0.0207015 	-0.00188053 	7.61689e-05
1.31828 	0.020726 	-0.00187875 	7.59722e-05
1.3198 	0.0207505 	-0.00187692 	7.57386e-05
1.32132 	0.0207749 	-0.00187509 	7.55049e-05
1.32284 	0.0207993 	-0.00187326 	7.52712e-05
1.32436 	0.0208238 	-0.00187143 	7.50375e-05
1.32588 	0.0208482 	-0.0018696 	7.48038e-05
1.3274 	0.0208726 	-0.00186777 	7.45701e-05
1.32891 	0.0208971 	-0.00186594 	7.43364e-05
1.33043 	0.0209215 	-0.00186412 	7.41028e-05
1.33195 	0.020946 	-0.00186229 	7.38691e-05
1.33347 	0.0209704 	-0.00186046 	7.36354e-05
1.33499 	0.0209948 	-0.00185863 	7.34017e-05
1.33651 	0.0210193 	-0.0018568 	7.3168e-05
1.33803 	0.0210437 	-0.00185497 	7.29343e-05
1.33955 	0.0210681 	-0.00185314 	7.27006e-05
1.34106 	0.0210926 	-0.00185131 	7.2467e-05
1.34258 	0.0211168 	-0.00184945 	7.22259e-05
1.3441 	0.0211408 	-0.00184756 	7.1981e-05
1.34562 	0.0211649 	-0.00184567 	7.17362e-05
1.34714 	0.021189 	-0.00184378 	7.14914e-05
1.34866 	0.021213 	-0.0018419 	7.12576e-05
1.35018 	0.0212367 	-0.0018401 	7.10995e-05
1.3517 	0.0212604 	-0.00183829 	7.09413e-05
1.35321 	0.0212842 	-0.00183649 	7.07832e-05
1.35473 	0.0213079 	-0.00183468 	7.0625e-05
1.35625 	0.0213315 	-0.00183281 	7.03248e-05
1.35777 	0.0213549 	-0.00183089 	6.99156e-05
1.35929 	0.0213784 	-0.00182897 	6.95065e-05
1.36081 	0.0214018 	-0.00182705 	6.90973e-05
1.36233 	0.0214252 	-0.00182513 	6.86882e-05
1.36385 	0.0214487 	-0.00182321 	6.8279e-05
1.36536 	0.0214721 	-0.00182129 	6.78699e-05
1.36688 	0.0214956 	-0.00181937 	6.74607e-05
1.3684 	0.021519 	-0.00181745 	6.70516e-05
1.36992 	0.0215425 	-0.00181553 	6.66424e-05
1.37144 	0.0215659 	-0.00181361 	6.62333e-05
1.37296 	0.0215893 	-0.00181169 	6.58241e-05
1.37448 	0.0216128 	-0.00180977 	6.5415e-05
1.376 	0.0216362 	-0.00180784 	6.50058e-05
1.37751 	0.0216597 	-0.00180592 	6.45967e-05
1.37903 	0.0216831 	-0.001804 	6.41875e-05
1.38055 	0.0217063 	-0.00180205 	6.36906e-05
1.38207 	0.0217293 	-0.00180007 	6.31272e-05
1.38359 	0.0217522 	-0.00179809 	6.25638e-05
1.38511 	0.0217752 	-0.0017961 	6.20004e-05
1.38663 	0.0217981 	-0.00179412 	6.14373e-05
1.38815 	0.0218208 	-0.00179224 	6.09734e-05
1.38966 	0.0218435 	-0.00179036 	6.05095e-05
1.39118 	0.0218661 	-0.00178848 	6.00456e-05
1.3927 	0.0218888 	-0.0017866 	5.95817e-05
1.39422 	0.0219113 	-0.00178467 	5.90733e-05
1.39574 	0.0219336 	-0.00178267 	5.85024e-05
1.39726 	0.0219559 	-0.00178068 	5.79314e-05
1.39878 	0.0219783 	-0.00177868 	5.73605e-05
1.4003 	0.0220006 	-0.00177668 	5.67895e-05
1.40181 	0.0220229 	-0.00177468 	5.62186e-05
1.40333 	0.0220453 	-0.00177268 	5.56476e-05
1.40485 	0.0220676 	-0.00177068 	5.50767e-05
1.40637 	0.0220899 	-0.00176869 	5.45057e-05
1.40789 	0.0221123 	-0.00176669 	5.39348e-05
1.40941 	0.0221346 	-0.00176469 	5.33638e-05
1.41093 	0.0221569 	-0.00176269 	5.27929e-05
1.41245 	0.0221792 	-0.00176069 	5.22219e-05
1.41396 	0.0222016 	-0.00175869 	5.1651e-05
1.41548 	0.0222239 	-0.00175669 	5.108e-05
1.417 	0.0222462 	-0.0017547 	5.05091e-05
1.41852 	0.0222684 	-0.00175267 	4.99054e-05
1.42004 	0.0222901 	-0.0017506 	4.92423e-05
1.42156 	0.0223119 	-0.00174853 	4.85791e-05
1.42308 	0.0223337 	-0.00174646 	4.7916e-05
1.4246 	0.0223555 	-0.0017444 	4.72529e-05
1.42612 	0.0223771 	-0.00174241 	4.65765e-05
1.42763 	0.0223985 	-0.00174045 	4.58961e-05
1.42915 	0.02242 	-0.00173849 	4.52157e-05
1.43067 	0.0224415 	-0.00173653 	4.45353e-05
1.43219 	0.0224629 	-0.00173455 	4.3869e-05
1.43371 	0.022484 	-0.0017325 	4.32757e-05
1.43523 	0.022505 	-0.00173045 	4.26824e-05
1.43675 	0.022526 	-0.0017284 	4.20891e-05
1.43827 	0.0225471 	-0.00172635 	4.14959e-05
1.43978 	0.0225681 	-0.0017243 	4.09026e-05
1.4413 	0.0225891 	-0.00172225 	4.03093e-05
1.44282 	0.0226102 	-0.00172021 	3.9716e-05
1.44434 	0.0226312 	-0.00171816 	3.91227e-05
1.44586 	0.0226522 	-0.00171611 	3.85294e-05
1.44738 	0.0226733 	-0.00171406 	3.79362e-05
1.4489 	0.0226943 	-0.00171201 	3.73429e-05
1.45042 	0.0227153 	-0.00170996 	3.67496e-05
1.45193 	0.0227364 	-0.00170791 	3.61563e-05
1.45345 	0.0227574 	-0.00170586 	3.5563e-05
1.45497 	0.0227784 	-0.00170381 	3.49698e-05
1.45649 	0.0227994 	-0.00170176 	3.43813e-05
1.45801 	0.0228199 	-0.00169965 	3.3884e-05
1.45953 	0.0228404 	-0.00169755 	3.33867e-05
1.46105 	0.0228608 	-0.00169544 	3.28894e-05
1.46257 	0.0228813 	-0.00169334 	3.23921e-05
1.46408 	0.0229016 	-0.00169128 	3.18925e-05
1.4656 	0.0229218 	-0.00168929 	3.13901e-05
1.46712 	0.0229421 	-0.0016873 	3.08877e-05
1.46864 	0.0229623 	-0.00168531 	3.03853e-05
1.47016 	0.0229825 	-0.00168332 	2.98829e-05
1.47168 	0.0230021 	-0.00168127 	2.94216e-05
1.4732 	0.0230216 	-0.00167922 	2.89687e-05
1.47472 	0.0230412 	-0.00167716 	2.85159e-05
1.47623 	0.0230607 	-0.00167511 	2.8063e-05
1.47775 	0.0230802 	-0.00167306 	2.76102e-05
1.47927 	0.0230997 	-0.001671 	2.71573e-05
1.48079 	0.0231193 	-0.00166895 	2.67045e-05
1.48231 	0.0231388 	-0.00166689 	2.62516e-05
1.48383 	0.0231583 	-0.00166484 	2.57988e-05
1.48535 	0.0231778 	-0.00166278 	2.53459e-05
1.48687 	0.0231974 	-0.00166073 	2.48931e-05
1.48838 	0.0232169 	-0.00165867 	2.44402e-05
1.4899 	0.0232364 	-0.00165662 	2.39874e-05
1.49142 	0.0232559 	-0.00165457 	2.35345e-05
1.49294 	0.0232755 	-0.00165251 	2.30817e-05
1.49446 	0.023295 	-0.00165046 	2.26288e-05
1.49598 	0.023314 	-0.00164838 	2.2228e-05
1.4975 	0.0233328 	-0.00164629 	2.18512e-05
1.49902 	0.0233516 	-0.0016442 	2.14744e-05
1.50053 	0.0233704 	-0.00164211 	2.10977e-05
1.50205 	0.0233892 	-0.00164003 	2.0719e-05
1.50357 	0.0234079 	-0.0016381 	2.03141e-05
1.50509 	0.0234265 	-0.00163618 	1.99093e-05
1.50661 	0.0234451 	-0.00163425 	1.95044e-05
1.50813 	0.0234637 	-0.00163233 	1.90996e-05
1.50965 	0.0234821 	-0.00163035 	1.87563e-05
1.51117 	0.0235002 	-0.0016283 	1.84884e-05
1.51268 	0.0235183 	-0.00162626 	1.82206e-05
1.5142 	0.0235363 	-0.00162421 	1.79527e-05
1.51572 	0.0235544 	-0.00162217 	1.76848e-05
1.51724 	0.0235725 	-0.00162012 	1.74169e-05
1.51876 	0.0235906 	-0.00161808 	1.71491e-05
1.52028 	0.0236086 	-0.00161603 	1.68812e-05
1.5218 	0.0236267 	-0.00161398 	1.66133e-05
1.52332 	0.0236448 	-0.00161194 	1.63455e-05
1.52483 	0.0236629 	-0.00160989 	1.60776e-05
1.52635 	0.0236809 	-0.00160785 	1.58097e-05
1.52787 	0.023699 	-0.0016058 	1.55419e-05
1.52939 	0.0237171 	-0.00160376 	1.5274e-05
1.53091 	0.0237352 	-0.00160171 	1.50061e-05
1.53243 	0.0237532 	-0.00159967 	1.47383e-05
1.53395 	0.0237712 	-0.00159759 	1.45056e-05
1.53547 	0.0237887 	-0.00159546 	1.43624e-05
1.53698 	0.0238062 	-0.00159332 	1.42191e-05
1.5385 	0.0238237 	-0.00159118 	1.40759e-05
1.54002 	0.0238412 	-0.00158905 	1.39326e-05
1.54154 	0.0238585 	-0.00158706 	1.37537e-05
1.54306 	0.0238759 	-0.00158514 	1.3557e-05
1.54458 	0.0238932 	-0.00158322 	1.33602e-05
1.5461 	0.0239105 	-0.0015813 	1.31634e-05
1.54762 	0.0239278 	-0.00157938 	1.2971e-05
1.54913 	0.0239446 	-0.00157735 	1.28623e-05
1.55065 	0.0239614 	-0.00157532 	1.27535e-05
1.55217 	0.0239782 	-0.00157329 	1.26447e-05
1.55369 	0.0239949 	-0.00157126 	1.2536e-05
1.55521 	0.0240117 	-0.00156923 	1.24272e-05
1.55673 	0.0240285 	-0.0015672 	1.23185e-05
1.55825 	0.0240453 	-0.00156517 	1.22097e-05
1.55977 	0.0240621 	-0.00156314 	1.21009e-05
1.56128 	0.0240789 	-0.00156111 	1.19922e-05
1.5628 	0.0240957 	-0.00155908 	1.18834e-05
1.56432 	0.0241125 	-0.00155705 	1.17747e-05
1.56584 	0.0241293 	-0.00155502 	1.16659e-05
1.56736 	0.0241461 	-0.00155299 	1.15571e-05
1.56888 	0.0241629 	-0.00155096 	1.14484e-05
1.5704 	0.0241797 	-0.00154894 	1.13396e-05
1.57192 	0.0241965 	-0.00154691 	1.12308e-05
1.57343 	0.0242129 	-0.00154481 	1.12135e-05
1.57495 	0.0242292 	-0.0015427 	1.12089e-05
1.57647 	0.0242456 	-0.00154059 	1.12043e-05
1.57799 	0.0242619 	-0.00153849 	1.11997e-05
1.57951 	0.0242782 	-0.00153644 	1.12039e-05
1.58103 	0.0242943 	-0.00153454 	1.12324e-05
1.58255 	0.0243105 	-0.00153264 	1.1261e-05
1.58407 	0.0243266 	-0.00153075 	1.12895e-05
1.58558 	0.0243428 	-0.00152885 	1.1318e-05
1.5871 	0.0243586 	-0.0015269 	1.12547e-05
1.58862 	0.0243742 	-0.00152492 	1.11442e-05
1.59014 	0.0243898 	-0.00152293 	1.10337e-05
1.59166 	0.0244054 	-0.00152095 	1.09232e-05
1.59318 	0.024421 	-0.00151897 	1.08127e-05
1.5947 	0.0244366 	-0.00151699 	1.07023e-05
1.59622 	0.0244522 	-0.001515 	1.05918e-05
1.59773 	0.0244679 	-0.00151302 	1.04813e-05
1.59925 	0.0244835 	-0.00151104 	1.03708e-05
1.60077 	0.0244991 	-0.00150906 	1.02603e-05
1.60229 	0.0245147 	-0.00150707 	1.01498e-05
1.60381 	0.0245303 	-0.00150509 	1.00394e-05
1.60533 	0.0245459 	-0.00150311 	9.92887e-06
1.60685 	0.0245615 	-0.00150113 	9.81838e-06
1.60837 	0.0245771 	-0.00149914 	9.7079e-06
1.60988 	0.0245927 	-0.00149716 	9.59742e-06
1.6114 	0.0246081 	-0.00149515 	9.434e-06
1.61292 	0.0246233 	-0.00149311 	9.21668e-06
1.61444 	0.0246384 	-0.00149107 	8.99936e-06
1.61596 	0.0246535 	-0.00148903 	8.78205e-06
1.61748 	0.0246687 	-0.00148699 	8.56473e-06
1.619 	0.0246837 	-0.00148513 	8.38608e-06
1.62052 	0.0246987 	-0.00148329 	8.21195e-06
1.62204 	0.0247137 	-0.00148145 	8.03782e-06
1.62355 	0.0247287 	-0.00147961 	7.8637e-06
1.62507 	0.0247435 	-0.00147774 	7.67231e-06
1.62659 	0.024758 	-0.00147581 	7.44224e-06
1.62811 	0.0247725 	-0.00147388 	7.21218e-06
1.62963 	0.024787 	-0.00147195 	6.98211e-06
1.63115 	0.0248015 	-0.00147002 	6.75205e-06
1.63267 	0.024816 	-0.00146809 	6.52199e-06
1.63419 	0.0248305 	-0.00146616 	6.29192e-06
1.6357 	0.024845 	-0.00146423 	6.06186e-06
1.63722 	0.0248595 	-0.0014623 	5.8318e-06
1.63874 	0.024874 	-0.00146037 	5.60173e-06
1.64026 	0.0248884 	-0.00145844 	5.37167e-06
1.64178 	0.0249029 	-0.00145651 	5.14161e-06
1.6433 	0.0249174 	-0.00145458 	4.91154e-06
1.64482 	0.0249319 	-0.00145265 	4.68148e-06
1.64634 	0.0249464 	-0.00145072 	4.45142e-06
1.64785 	0.0249609 	-0.00144879 	4.22135e-06
1.64937 	0.0249753 	-0.00144685 	3.97347e-06
1.65089 	0.0249893 	-0.00144486 	3.63609e-06
1.65241 	0.0250034 	-0.00144287 	3.29871e-06
1.65393 	0.0250174 	-0.00144088 	2.96133e-06
1.65545 	0.0250315 	-0.00143889 	2.62395e-06
1.65697 	0.0250454 	-0.00143702 	2.29147e-06
1.65849 	0.0250593 	-0.00143522 	1.96246e-06
1.66 	0.0250732 	-0.00143342 	1.63345e-06
1.66152 	0.0250871 	-0.00143162 	1.30445e-06
1.66304 	0.025101 	-0.00142982 	9.76271e-07
1.66456 	0.0251146 	-0.00142794 	6.83582e-07
1.66608 	0.0251281 	-0.00142606 	3.90892e-07
1.6676 	0.0251417 	-0.00142418 	9.82018e-08
1.66912 	0.0251553 	-0.0014223 	-1.94488e-07
1.67064 	0.0251688 	-0.00142042 	-4.87178e-07
1.67215 	0.0251824 	-0.00141854 	-7.79868e-07
1.67367 	0.0251959 	-0.00141666 	-1.07256e-06
1.67519 	0.0252095 	-0.00141479 	-1.36525e-06
1.67671 	0.0252231 	-0.00141291 	-1.65794e-06
1.67823 	0.0252366 	-0.00141103 	-1.95063e-06
1.67975 	0.0252502 	-0.00140915 	-2.24332e-06
1.68127 	0.0252637 	-0.00140727 	-2.53601e-06
1.68279 	0.0252773 	-0.00140539 	-2.8287e-06
1.6843 	0.0252909 	-0.00140351 	-3.12139e-06
1.68582 	0.0253044 	-0.00140163 	-3.41408e-06
1.68734 	0.025318 	-0.00139975 	-3.70677e-06
1.68886 	0.0253313 	-0.00139783 	-4.02818e-06
1.69038 	0.0253447 	-0.00139592 	-4.35218e-06
1.6919 	0.025358 	-0.001394 	-4.67618e-06
1.69342 	0.0253713 	-0.00139208 	-5.00018e-06
1.69494 	0.0253846 	-0.00139022 	-5.32637e-06
1.69645 	0.0253978 	-0.00138847 	-5.65641e-06
1.69797 	0.025411 	-0.00138672 	-5.98645e-06
1.69949 	0.0254242 	-0.00138497 	-6.31649e-06
1.70101 	0.0254374 	-0.00138322 	-6.64653e-06
1.70253 	0.0254502 	-0.00138142 	-6.93491e-06
1.70405 	0.025463 	-0.0013796 	-7.21486e-06
1.70557 	0.0254758 	-0.00137779 	-7.49481e-06
1.70709 	0.0254886 	-0.00137598 	-7.77476e-06
1.7086 	0.0255014 	-0.00137416 	-8.0547e-06
1.71012 	0.0255142 	-0.00137235 	-8.33465e-06
1.71164 	0.025527 	-0.00137054 	-8.6146e-06
1.71316 	0.0255398 	-0.00136873 	-8.89455e-06
1.71468 	0.0255526 	-0.00136691 	-9.17449e-06
1.7162 	0.0255654 	-0.0013651 	-9.45444e-06
1.71772 	0.0255782 	-0.00136329 	-9.73439e-06
1.71924 	0.0255909 	-0.00136147 	-1.00143e-05
1.72075 	0.0256037 	-0.00135966 	-1.02943e-05
1.72227 	0.0256165 	-0.00135785 	-1.05742e-05
1.72379 	0.0256293 	-0.00135604 	-1.08542e-05
1.72531 	0.0256421 	-0.00135422 	-1.11341e-05
1.72683 	0.0256547 	-0.0013524 	-1.13931e-05
1.72835 	0.0256672 	-0.00135057 	-1.1646e-05
1.72987 	0.0256797 	-0.00134874 	-1.18989e-05
1.73139 	0.0256922 	-0.00134691 	-1.21518e-05
1.7329 	0.0257047 	-0.00134511 	-1.2419e-05
1.73442 	0.0257172 	-0.00134342 	-1.27282e-05
1.73594 	0.0257296 	-0.00134172 	-1.30373e-05
1.73746 	0.025742 	-0.00134002 	-1.33465e-05
1.73898 	0.0257544 	-0.00133833 	-1.36557e-05
1.7405 	0.0257665 	-0.00133659 	-1.38016e-05
1.74202 	0.0257785 	-0.00133484 	-1.38963e-05
1.74354 	0.0257905 	-0.0013331 	-1.39911e-05
1.74505 	0.0258025 	-0.00133135 	-1.40858e-05
1.74657 	0.0258145 	-0.0013296 	-1.41806e-05
1.74809 	0.0258265 	-0.00132785 	-1.42754e-05
1.74961 	0.0258385 	-0.00132611 	-1.43701e-05
1.75113 	0.0258505 	-0.00132436 	-1.44649e-05
1.75265 	0.0258625 	-0.00132261 	-1.45596e-05
1.75417 	0.0258745 	-0.00132087 	-1.46544e-05
1.75569 	0.0258865 	-0.00131912 	-1.47492e-05
1.7572 	0.0258985 	-0.00131737 	-1.48439e-05
1.75872 	0.0259105 	-0.00131562 	-1.49387e-05
1.76024 	0.0259225 	-0.00131388 	-1.50334e-05
1.76176 	0.0259345 	-0.00131213 	-1.51282e-05
1.76328 	0.0259465 	-0.00131038 	-1.52229e-05
1.7648 	0.0259582 	-0.00130862 	-1.5201e-05
1.76632 	0.0259698 	-0.00130685 	-1.51448e-05
1.76784 	0.0259815 	-0.00130508 	-1.50886e-05
1.76935 	0.0259931 	-0.00130331 	-1.50324e-05
1.77087 	0.0260048 	-0.00130157 	-1.49882e-05
1.77239 	0.0260164 	-0.00129991 	-1.49739e-05
1.77391 	0.026028 	-0.00129824 	-1.49595e-05
1.77543 	0.0260396 	-0.00129657 	-1.49452e-05
1.77695 	0.0260513 	-0.0012949 	-1.49308e-05
1.77847 	0.0260625 	-0.00129321 	-1.48525e-05
1.77999 	0.0260737 	-0.00129151 	-1.47621e-05
1.7815 	0.0260849 	-0.00128981 	-1.46717e-05
1.78302 	0.026096 	-0.00128811 	-1.45813e-05
1.78454 	0.0261072 	-0.00128641 	-1.44908e-05
1.78606 	0.0261184 	-0.00128472 	-1.44004e-05
1.78758 	0.0261296 	-0.00128302 	-1.431e-05
1.7891 	0.0261408 	-0.00128132 	-1.42196e-05
1.79062 	0.0261519 	-0.00127962 	-1.41292e-05
1.79214 	0.0261631 	-0.00127792 	-1.40388e-05
1.79365 	0.0261743 	-0.00127622 	-1.39483e-05
1.79517 	0.0261855 	-0.00127452 	-1.38579e-05
1.79669 	0.0261966 	-0.00127282 	-1.37675e-05
1.79821 	0.0262078 	-0.00127113 	-1.36771e-05
1.79973 	0.026219 	-0.00126943 	-1.35867e-05
1.80125 	0.0262302 	-0.00126773 	-1.34963e-05
1.80277 	0.026241 	-0.00126602 	-1.33967e-05
1.80429 	0.0262518 	-0.0012643 	-1.32964e-05
1.8058 	0.0262627 	-0.00126259 	-1.31962e-05
1.80732 	0.0262735 	-0.00126088 	-1.30959e-05
1.80884 	0.0262843 	-0.00125921 	-1.29836e-05
1.81036 	0.0262951 	-0.00125758 	-1.2859e-05
1.81188 	0.0263059 	-0.00125595 	-1.27343e-05
1.8134 	0.0263168 	-0.00125433 	-1.26096e-05
1.81492 	0.0263275 	-0.0012527 	-1.24906e-05
1.81644 	0.026338 	-0.00125105 	-1.24252e-05
1.81795 	0.0263484 	-0.0012494 	-1.23599e-05
1.81947 	0.0263589 	-0.00124775 	-1.22946e-05
1.82099 	0.0263693 	-0.00124611 	-1.22292e-05
1.82251 	0.0263797 	-0.00124446 	-1.21639e-05
1.82403 	0.0263902 	-0.00124281 	-1.20986e-05
1.82555 	0.0264006 	-0.00124116 	-1.20333e-05
1.82707 	0.0264111 	-0.00123952 	-1.19679e-05
1.82859 	0.0264215 	-0.00123787 	-1.19026e-05
1.83011 	0.0264319 	-0.00123622 	-1.18373e-05
1.83162 	0.0264424 	-0.00123457 	-1.17719e-05
1.83314 	0.0264528 	-0.00123293 	-1.17066e-05
1.83466 	0.0264632 	-0.00123128 	-1.16413e-05
1.83618 	0.0264737 	-0.00122963 	-1.1576e-05
1.8377 	0.0264841 	-0.00122798 	-1.15106e-05
1.83922 	0.0264945 	-0.00122634 	-1.14611e-05
1.84074 	0.0265046 	-0.00122469 	-1.14524e-05
1.84226 	0.0265148 	-0.00122304 	-1.14438e-05
1.84377 	0.026525 	-0.00122139 	-1.14351e-05
1.84529 	0.0265351 	-0.00121975 	-1.14264e-05
1.84681 	0.0265453 	-0.00121819 	-1.13524e-05
1.84833 	0.0265554 	-0.00121664 	-1.12704e-05
1.84985 	0.0265655 	-0.0012151 	-1.11885e-05
1.85137 	0.0265756 	-0.00121355 	-1.11065e-05
1.85289 	0.0265857 	-0.00121197 	-1.10842e-05
1.85441 	0.0265957 	-0.00121036 	-1.1111e-05
1.85592 	0.0266057 	-0.00120875 	-1.11378e-05
1.85744 	0.0266156 	-0.00120714 	-1.11646e-05
1.85896 	0.0266256 	-0.00120553 	-1.11914e-05
1.86048 	0.0266356 	-0.00120392 	-1.12182e-05
1.862 	0.0266456 	-0.0012023 	-1.1245e-05
1.86352 	0.0266556 	-0.00120069 	-1.12718e-05
1.86504 	0.0266656 	-0.00119908 	-1.12986e-05
1.86656 	0.0266756 	-0.00119747 	-1.13254e-05
1.86807 	0.0266856 	-0.00119586 	-1.13522e-05
1.86959 	0.0266956 	-0.00119425 	-1.1379e-05
1.87111 	0.0267056 	-0.00119264 	-1.14058e-05
1.87263 	0.0267156 	-0.00119103 	-1.14326e-05
1.87415 	0.0267256 	-0.00118942 	-1.14594e-05
1.87567 	0.0267355 	-0.00118781 	-1.14861e-05
1.87719 	0.0267455 	-0.00118618 	-1.15734e-05
1.87871 	0.0267554 	-0.00118454 	-1.16722e-05
1.88022 	0.0267653 	-0.0011829 	-1.17709e-05
1.88174 	0.0267753 	-0.00118127 	-1.18697e-05
1.88326 	0.0267852 	-0.0011797 	-1.19396e-05
1.88478 	0.026795 	-0.00117819 	-1.19818e-05
1.8863 	0.0268049 	-0.00117668 	-1.2024e-05
1.88782 	0.0268147 	-0.00117518 	-1.20662e-05
1.88934 	0.0268245 	-0.00117365 	-1.21026e-05
1.89086 	0.0268342 	-0.00117206 	-1.21195e-05
1.89237 	0.0268439 	-0.00117047 	-1.21364e-05
1.89389 	0.0268536 	-0.00116888 	-1.21533e-05
1.89541 	0.0268633 	-0.0011673 	-1.21701e-05
1.89693 	0.026873 	-0.00116571 	-1.2187e-05
1.89845 	0.0268827 	-0.00116412 	-1.22039e-05
1.89997 	0.0268923 	-0.00116253 	-1.22208e-05
1.90149 	0.026902 	-0.00116094 	-1.22377e-05
1.90301 	0.0269117 	-0.00115935 	-1.22546e-05
1.90452 	0.0269214 	-0.00115777 	-1.22715e-05
1.90604 	0.0269311 	-0.00115618 	-1.22884e-05
1.90756 	0.0269408 	-0.00115459 	-1.23053e-05
1.90908 	0.0269505 	-0.001153 	-1.23222e-05
1.9106 	0.0269602 	-0.00115141 	-1.23391e-05
1.91212 	0.0269699 	-0.00114982 	-1.2356e-05
1.91364 	0.0269795 	-0.00114821 	-1.23187e-05
1.91516 	0.0269891 	-0.0011466 	-1.22509e-05
1.91667 	0.0269986 	-0.00114498 	-1.21831e-05
1.91819 	0.0270082 	-0.00114336 	-1.21153e-05
1.91971 	0.0270178 	-0.0011418 	-1.20411e-05
1.92123 	0.0270273 	-0.00114032 	-1.19557e-05
1.92275 	0.0270367 	-0.00113885 	-1.18704e-05
1.92427 	0.0270462 	-0.00113738 	-1.17851e-05
1.92579 	0.0270557 	-0.00113589 	-1.16976e-05
1.92731 	0.0270651 	-0.00113432 	-1.15981e-05
1.92882 	0.0270744 	-0.00113276 	-1.14986e-05
1.93034 	0.0270837 	-0.00113119 	-1.13991e-05
1.93186 	0.0270931 	-0.00112963 	-1.12996e-05
1.93338 	0.0271024 	-0.00112806 	-1.12001e-05
1.9349 	0.0271117 	-0.0011265 	-1.11005e-05
1.93642 	0.0271211 	-0.00112493 	-1.1001e-05
1.93794 	0.0271304 	-0.00112336 	-1.09015e-05
1.93946 	0.0271397 	-0.0011218 	-1.0802e-05
1.94097 	0.0271491 	-0.00112023 	-1.07025e-05
1.94249 	0.0271584 	-0.00111867 	-1.0603e-05
1.94401 	0.0271677 	-0.0011171 	-1.05035e-05
1.94553 	0.0271771 	-0.00111554 	-1.0404e-05
1.94705 	0.0271864 	-0.00111397 	-1.03045e-05
1.94857 	0.0271957 	-0.0011124 	-1.02049e-05
1.95009 	0.027205 	-0.00111081 	-1.00624e-05
1.95161 	0.0272142 	-0.0011092 	-9.90149e-06
1.95312 	0.0272234 	-0.00110759 	-9.7406e-06
1.95464 	0.0272326 	-0.00110599 	-9.5797e-06
1.95616 	0.0272417 	-0.00110445 	-9.41046e-06
1.95768 	0.0272509 	-0.00110298 	-9.23281e-06
1.9592 	0.02726 	-0.00110152 	-9.05516e-06
1.96072 	0.0272691 	-0.00110005 	-8.87751e-06
1.96224 	0.0272782 	-0.00109855 	-8.71529e-06
1.96376 	0.0272873 	-0.001097 	-8.58124e-06
1.96527 	0.0272964 	-0.00109544 	-8.44719e-06
1.96679 	0.0273054 	-0.00109389 	-8.31314e-06
1.96831 	0.0273145 	-0.00109234 	-8.17909e-06
1.96983 	0.0273236 	-0.00109078 	-8.04504e-06
1.97135 	0.0273326 	-0.00108923 	-7.91099e-06
1.97287 	0.0273417 	-0.00108767 	-7.77694e-06
1.97439 	0.0273508 	-0.00108612 	-7.64289e-06
1.97591 	0.0273598 	-0.00108456 	-7.50884e-06
1.97742 	0.0273689 	-0.00108301 	-7.37479e-06
1.97894 	0.027378 	-0.00108145 	-7.24074e-06
1.98046 	0.0273871 	-0.0010799 	-7.10669e-06
1.98198 	0.0273961 	-0.00107834 	-6.97264e-06
1.9835 	0.0274052 	-0.00107679 	-6.83859e-06
1.98502 	0.0274143 	-0.00107523 	-6.7045e-06
1.98654 	0.0274233 	-0.00107363 	-6.56949e-06
1.98806 	0.0274323 	-0.00107203 	-6.43447e-06
1.98957 	0.0274413 	-0.00107043 	-6.29946e-06
1.99109 	0.0274503 	-0.00106884 	-6.16444e-06
1.99261 	0.0274593 	-0.00106735 	-6.00114e-06
1.99413 	0.0274683 	-0.00106588 	-5.83519e-06
1.99565 	0.0274772 	-0.00106441 	-5.66924e-06
1.99717 	0.0274862 	-0.00106293 	-5.50329e-06
1.99869 	0.0274951 	-0.0010614 	-5.38994e-06
2.00021 	0.027504 	-0.00105986 	-5.28628e-06
2.00172 	0.0275128 	-0.00105831 	-5.18263e-06
2.00324 	0.0275217 	-0.00105677 	-5.07897e-06
2.00476 	0.0275306 	-0.00105522 	-4.97531e-06
2.00628 	0.0275395 	-0.00105368 	-4.87165e-06
2.0078 	0.0275483 	-0.00105214 	-4.768e-06
2.00932 	0.0275572 	-0.00105059 	-4.66434e-06
2.01084 	0.0275661 	-0.00104905 	-4.56068e-06
2.01236 	0.027575 	-0.0010475 	-4.45703e-06
2.01387 	0.0275838 	-0.00104596 	-4.35337e-06
2.01539 	0.0275927 	-0.00104442 	-4.24971e-06
2.01691 	0.0276016 	-0.00104287 	-4.14606e-06
2.01843 	0.0276105 	-0.00104133 	-4.0424e-06
2.01995 	0.0276193 	-0.00103979 	-3.93874e-06
2.02147 	0.0276281 	-0.00103822 	-3.848e-06
2.02299 	0.0276369 	-0.00103665 	-3.76289e-06
2.02451 	0.0276457 	-0.00103508 	-3.67778e-06
2.02603 	0.0276545 	-0.0010335 	-3.59267e-06
2.02754 	0.0276633 	-0.00103201 	-3.4862e-06
2.02906 	0.027672 	-0.00103056 	-3.36767e-06
2.03058 	0.0276808 	-0.0010291 	-3.24914e-06
2.0321 	0.0276895 	-0.00102765 	-3.1306e-06
2.03362 	0.0276982 	-0.00102615 	-3.04043e-06
2.03514 	0.0277068 	-0.00102461 	-2.9657e-06
2.03666 	0.0277153 	-0.00102308 	-2.89098e-06
2.03818 	0.0277239 	-0.00102154 	-2.81625e-06
2.03969 	0.0277325 	-0.00102001 	-2.74152e-06
2.04121 	0.0277411 	-0.00101847 	-2.6668e-06
2.04273 	0.0277496 	-0.00101694 	-2.59207e-06
2.04425 	0.0277582 	-0.0010154 	-2.51734e-06
2.04577 	0.0277668 	-0.00101387 	-2.44262e-06
2.04729 	0.0277754 	-0.00101233 	-2.36789e-06
2.04881 	0.0277839 	-0.0010108 	-2.29317e-06
2.05033 	0.0277925 	-0.00100926 	-2.21844e-06
2.05184 	0.0278011 	-0.00100772 	-2.14371e-06
2.05336 	0.0278097 	-0.00100619 	-2.06899e-06
2.05488 	0.0278182 	-0.00100465 	-1.99426e-06
2.0564 	0.0278267 	-0.00100309 	-1.94937e-06
2.05792 	0.0278351 	-0.00100151 	-1.91916e-06
2.05944 	0.0278435 	-0.000999937 	-1.88896e-06
2.06096 	0.0278519 	-0.00099836 	-1.85875e-06
2.06248 	0.0278603 	-0.000996862 	-1.82715e-06
2.06399 	0.0278686 	-0.000995399 	-1.79493e-06
2.06551 	0.027877 	-0.000993936 	-1.76271e-06
2.06703 	0.0278854 	-0.000992472 	-1.7305e-06
2.06855 	0.0278936 	-0.000990959 	-1.64258e-06
2.07007 	0.0279018 	-0.000989431 	-1.53911e-06
2.07159 	0.0279099 	-0.000987904 	-1.43565e-06
2.07311 	0.0279181 	-0.000986376 	-1.33218e-06
2.07463 	0.0279263 	-0.000984849 	-1.22871e-06
2.07614 	0.0279345 	-0.000983321 	-1.12525e-06
2.07766 	0.0279426 	-0.000981794 	-1.02178e-06
2.07918 	0.0279508 	-0.000980267 	-9.18315e-07
2.0807 	0.027959 	-0.000978739 	-8.14849e-07
2.08222 	0.0279672 	-0.000977212 	-7.11383e-07
2.08374 	0.0279753 	-0.000975684 	-6.07917e-07
2.08526 	0.0279835 	-0.000974157 	-5.04451e-07
2.08678 	0.0279917 	-0.000972629 	-4.00984e-07
2.08829 	0.0279999 	-0.000971102 	-2.97518e-07
2.08981 	0.028008 	-0.000969574 	-1.94052e-07
2.09133 	0.028016 	-0.000968016 	-7.33733e-08
2.09285 	0.028024 	-0.000966456 	4.75273e-08
2.09437 	0.028032 	-0.000964897 	1.68428e-07
2.09589 	0.02804 	-0.000963347 	2.86112e-07
2.09741 	0.028048 	-0.000961891 	3.71684e-07
2.09893 	0.028056 	-0.000960434 	4.57256e-07
2.10044 	0.028064 	-0.000958978 	5.42828e-07
2.10196 	0.0280719 	-0.000957506 	6.39158e-07
2.10348 	0.0280797 	-0.000955989 	7.65287e-07
2.105 	0.0280875 	-0.000954472 	8.91417e-07
2.10652 	0.0280954 	-0.000952955 	1.01755e-06
2.10804 	0.0281032 	-0.000951438 	1.14368e-06
2.10956 	0.028111 	-0.000949921 	1.2698e-06
2.11108 	0.0281188 	-0.000948404 	1.39593e-06
2.11259 	0.0281266 	-0.000946887 	1.52206e-06
2.11411 	0.0281344 	-0.00094537 	1.64819e-06
2.11563 	0.0281423 	-0.000943854 	1.77432e-06
2.11715 	0.0281501 	-0.000942337 	1.90045e-06
2.11867 	0.0281579 	-0.00094082 	2.02658e-06
2.12019 	0.0281657 	-0.000939303 	2.15271e-06
2.12171 	0.0281735 	-0.000937786 	2.27884e-06
2.12323 	0.0281813 	-0.000936269 	2.40497e-06
2.12474 	0.0281891 	-0.000934731 	2.52621e-06
2.12626 	0.0281967 	-0.000933182 	2.64499e-06
2.12778 	0.0282044 	-0.000931633 	2.76377e-06
2.1293 	0.028212 	-0.000930084 	2.88254e-06
2.13082 	0.0282197 	-0.000928618 	2.96446e-06
2.13234 	0.0282273 	-0.000927166 	3.04002e-06
2.13386 	0.028235 	-0.000925714 	3.11558e-06
2.13538 	0.0282426 	-0.000924255 	3.18326e-06
2.13689 	0.0282501 	-0.000922744 	3.18986e-06
2.13841 	0.0282575 	-0.000921232 	3.19645e-06
2.13993 	0.0282649 	-0.00091972 	3.20304e-06
2.14145 	0.0282724 	-0.000918208 	3.20963e-06
2.14297 	0.0282798 	-0.000916696 	3.21622e-06
2.14449 	0.0282872 	-0.000915185 	3.22281e-06
2.14601 	0.0282947 	-0.000913673 	3.2294e-06
2.14753 	0.0283021 	-0.000912161 	3.236e-06
2.14904 	0.0283095 	-0.000910649 	3.24259e-06
2.15056 	0.028317 	-0.000909137 	3.24918e-06
2.15208 	0.0283244 	-0.000907626 	3.25577e-06
2.1536 	0.0283318 	-0.000906114 	3.26236e-06
2.15512 	0.0283393 	-0.000904602 	3.26895e-06
2.15664 	0.0283467 	-0.00090309 	3.27555e-06
2.15816 	0.028354 	-0.00090156 	3.23785e-06
2.15968 	0.0283612 	-0.000900023 	3.18274e-06
2.16119 	0.0283684 	-0.000898486 	3.12763e-06
2.16271 	0.0283756 	-0.000896949 	3.07252e-06
2.16423 	0.0283828 	-0.000895503 	3.00239e-06
2.16575 	0.02839 	-0.000894057 	2.93215e-06
2.16727 	0.0283972 	-0.000892612 	2.86192e-06
2.16879 	0.0284043 	-0.000891144 	2.79984e-06
2.17031 	0.0284114 	-0.000889634 	2.75328e-06
2.17183 	0.0284184 	-0.000888125 	2.70673e-06
2.17334 	0.0284254 	-0.000886615 	2.66018e-06
2.17486 	0.0284324 	-0.000885106 	2.61362e-06
2.17638 	0.0284394 	-0.000883596 	2.56707e-06
2.1779 	0.0284464 	-0.000882087 	2.52052e-06
2.17942 	0.0284534 	-0.000880577 	2.47397e-06
2.18094 	0.0284605 	-0.000879068 	2.42741e-06
2.18246 	0.0284675 	-0.000877558 	2.38086e-06
2.18398 	0.0284745 	-0.000876048 	2.33431e-06
2.18549 	0.0284815 	-0.000874539 	2.28776e-06
2.18701 	0.0284885 	-0.000873029 	2.2412e-06
2.18853 	0.0284955 	-0.00087152 	2.19465e-06
2.19005 	0.0285025 	-0.000870007 	2.15493e-06
2.19157 	0.0285093 	-0.000868479 	2.15061e-06
2.19309 	0.0285162 	-0.00086695 	2.14628e-06
2.19461 	0.028523 	-0.000865422 	2.14196e-06
2.19613 	0.0285298 	-0.000863941 	2.13834e-06
2.19764 	0.0285366 	-0.000862503 	2.13535e-06
2.19916 	0.0285434 	-0.000861066 	2.13236e-06
2.20068 	0.0285502 	-0.000859628 	2.12937e-06
2.2022 	0.0285569 	-0.000858118 	2.21442e-06
2.20372 	0.0285635 	-0.000856605 	2.30241e-06
2.20524 	0.0285702 	-0.000855093 	2.3904e-06
2.20676 	0.0285769 	-0.00085358 	2.47838e-06
2.20828 	0.0285836 	-0.000852068 	2.56637e-06
2.20979 	0.0285902 	-0.000850555 	2.65436e-06
2.21131 	0.0285969 	-0.000849043 	2.74235e-06
2.21283 	0.0286036 	-0.00084753 	2.83034e-06
2.21435 	0.0286102 	-0.000846018 	2.91832e-06
2.21587 	0.0286169 	-0.000844506 	3.00631e-06
2.21739 	0.0286236 	-0.000842993 	3.0943e-06
2.21891 	0.0286303 	-0.000841481 	3.18229e-06
2.22043 	0.0286369 	-0.000839968 	3.27027e-06
2.22194 	0.0286436 	-0.000838456 	3.359e-06
2.22346 	0.0286501 	-0.00083692 	3.52706e-06
2.22498 	0.0286567 	-0.000835384 	3.69512e-06
2.2265 	0.0286632 	-0.000833848 	3.86318e-06
2.22802 	0.0286697 	-0.000832353 	4.02748e-06
2.22954 	0.0286762 	-0.000830906 	4.18744e-06
2.23106 	0.0286827 	-0.000829459 	4.3474e-06
2.23258 	0.0286892 	-0.000828012 	4.50736e-06
2.2341 	0.0286954 	-0.0008265 	4.76158e-06
2.23561 	0.0287017 	-0.000824986 	5.01597e-06
2.23713 	0.028708 	-0.000823473 	5.27035e-06
2.23865 	0.0287142 	-0.00082196 	5.52474e-06
2.24017 	0.0287205 	-0.000820447 	5.77913e-06
2.24169 	0.0287268 	-0.000818934 	6.03351e-06
2.24321 	0.0287331 	-0.000817421 	6.2879e-06
2.24473 	0.0287393 	-0.000815908 	6.54228e-06
2.24625 	0.0287456 	-0.000814395 	6.79667e-06
2.24776 	0.0287519 	-0.000812882 	7.05105e-06
2.24928 	0.0287581 	-0.000811369 	7.30544e-06
2.2508 	0.0287644 	-0.000809856 	7.55982e-06
2.25232 	0.0287707 	-0.000808343 	7.81421e-06
2.25384 	0.0287769 	-0.000806824 	8.08392e-06
2.25536 	0.0287829 	-0.000805291 	8.39459e-06
2.25688 	0.028789 	-0.000803759 	8.70527e-06
2.2584 	0.028795 	-0.000802226 	9.01595e-06
2.25991 	0.028801 	-0.000800763 	9.32909e-06
2.26143 	0.0288071 	-0.000799316 	9.64277e-06
2.26295 	0.0288131 	-0.000797869 	9.95646e-06
2.26447 	0.028819 	-0.000796394 	1.02523e-05
2.26599 	0.0288248 	-0.000794885 	1.05259e-05
2.26751 	0.0288306 	-0.000793375 	1.07996e-05
2.26903 	0.0288364 	-0.000791866 	1.10733e-05
2.27055 	0.0288422 	-0.000790357 	1.1347e-05
2.27206 	0.028848 	-0.000788847 	1.16206e-05
2.27358 	0.0288538 	-0.000787338 	1.18943e-05
2.2751 	0.0288596 	-0.000785828 	1.2168e-05
2.27662 	0.0288654 	-0.000784319 	1.24416e-05
2.27814 	0.0288712 	-0.000782809 	1.27153e-05
2.27966 	0.028877 	-0.0007813 	1.2989e-05
2.28118 	0.0288828 	-0.00077979 	1.32626e-05
2.2827 	0.0288886 	-0.000778281 	1.35363e-05
2.28421 	0.0288943 	-0.000776772 	1.381e-05
2.28573 	0.0288999 	-0.000775243 	1.40093e-05
2.28725 	0.0289055 	-0.000773713 	1.42057e-05
2.28877 	0.0289111 	-0.000772184 	1.4402e-05
2.29029 	0.0289166 	-0.000770705 	1.46145e-05
2.29181 	0.0289221 	-0.000769259 	1.48376e-05
2.29333 	0.0289277 	-0.000767813 	1.50608e-05
2.29485 	0.0289332 	-0.000766347 	1.52622e-05
2.29636 	0.0289385 	-0.000764836 	1.54178e-05
2.29788 	0.0289438 	-0.000763326 	1.55734e-05
2.2994 	0.0289491 	-0.000761815 	1.57291e-05
2.30092 	0.0289544 	-0.000760304 	1.58847e-05
2.30244 	0.0289597 	-0.000758794 	1.60404e-05
2.30396 	0.028965 	-0.000757283 	1.6196e-05
2.30548 	0.0289703 	-0.000755773 	1.63516e-05
2.307 	0.0289756 	-0.000754262 	1.65073e-05
2.30851 	0.0289809 	-0.000752751 	1.66629e-05
2.31003 	0.0289862 	-0.000751241 	1.68186e-05
2.31155 	0.0289915 	-0.00074973 	1.69742e-05
2.31307 	0.0289968 	-0.00074822 	1.71298e-05
2.31459 	0.0290021 	-0.000746707 	1.72793e-05
2.31611 	0.0290072 	-0.000745172 	1.73616e-05
2.31763 	0.0290122 	-0.000743638 	1.74439e-05
2.31915 	0.0290173 	-0.000742103 	1.75262e-05
2.32066 	0.0290223 	-0.000740635 	1.7619e-05
2.32218 	0.0290273 	-0.000739181 	1.77142e-05
2.3237 	0.0290323 	-0.000737728 	1.78093e-05
2.32522 	0.0290372 	-0.000736237 	1.78926e-05
2.32674 	0.029042 	-0.000734725 	1.7969e-05
2.32826 	0.0290468 	-0.000733212 	1.80454e-05
2.32978 	0.0290516 	-0.000731699 	1.81218e-05
2.3313 	0.0290564 	-0.000730187 	1.81982e-05
2.33281 	0.0290612 	-0.000728674 	1.82747e-05
2.33433 	0.029066 	-0.000727162 	1.83511e-05
2.33585 	0.0290708 	-0.000725649 	1.84275e-05
2.33737 	0.0290756 	-0.000724137 	1.85039e-05
2.33889 	0.0290804 	-0.000722624 	1.85803e-05
2.34041 	0.0290852 	-0.000721112 	1.86567e-05
2.34193 	0.02909 	-0.000719599 	1.87331e-05
2.34345 	0.0290948 	-0.000718087 	1.88095e-05
2.34496 	0.0290994 	-0.000716562 	1.88856e-05
2.34648 	0.029104 	-0.00071503 	1.89616e-05
2.348 	0.0291085 	-0.000713498 	1.90376e-05
2.34952 	0.029113 	-0.000712003 	1.91067e-05
2.35104 	0.0291176 	-0.000710549 	1.91684e-05
2.35256 	0.0291221 	-0.000709095 	1.923e-05
2.35408 	0.0291265 	-0.000707617 	1.92792e-05
2.3556 	0.0291308 	-0.000706102 	1.93086e-05
2.35711 	0.0291351 	-0.000704587 	1.9338e-05
2.35863 	0.0291394 	-0.000703072 	1.93674e-05
2.36015 	0.0291437 	-0.000701557 	1.93968e-05
2.36167 	0.0291479 	-0.000700042 	1.94262e-05
2.36319 	0.0291522 	-0.000698527 	1.94556e-05
2.36471 	0.0291565 	-0.000697012 	1.9485e-05
2.36623 	0.0291608 	-0.000695497 	1.95143e-05
2.36775 	0.0291651 	-0.000693982 	1.95437e-05
2.36926 	0.0291694 	-0.000692467 	1.95731e-05
2.37078 	0.0291737 	-0.000690952 	1.96025e-05
2.3723 	0.029178 	-0.000689437 	1.96319e-05
2.37382 	0.0291821 	-0.000687911 	1.96497e-05
2.37534 	0.0291862 	-0.000686378 	1.96616e-05
2.37686 	0.0291902 	-0.000684846 	1.96735e-05
2.37838 	0.0291943 	-0.000683358 	1.96874e-05
2.3799 	0.0291982 	-0.000681902 	1.97027e-05
2.38141 	0.0292022 	-0.000680445 	1.9718e-05
2.38293 	0.0292061 	-0.000678953 	1.96859e-05
2.38445 	0.0292099 	-0.000677436 	1.96212e-05
2.38597 	0.0292137 	-0.000675919 	1.95564e-05
2.38749 	0.0292175 	-0.000674402 	1.94916e-05
2.38901 	0.0292213 	-0.000672885 	1.94268e-05
2.39053 	0.0292251 	-0.000671368 	1.93621e-05
2.39205 	0.0292289 	-0.000669851 	1.92973e-05
2.39356 	0.0292327 	-0.000668334 	1.92325e-05
2.39508 	0.0292365 	-0.000666817 	1.91678e-05
2.3966 	0.0292403 	-0.0006653 	1.9103e-05
2.39812 	0.0292441 	-0.000663783 	1.90382e-05
2.39964 	0.0292479 	-0.000662266 	1.89734e-05
2.40116 	0.0292516 	-0.000660747 	1.88964e-05
2.40268 	0.0292552 	-0.000659217 	1.87418e-05
2.4042 	0.0292588 	-0.000657687 	1.85871e-05
2.40571 	0.0292624 	-0.000656168 	1.84347e-05
2.40723 	0.0292659 	-0.000654708 	1.82948e-05
2.40875 	0.0292694 	-0.000653247 	1.81548e-05
2.41027 	0.0292729 	-0.000651775 	1.8015e-05
2.41179 	0.0292762 	-0.000650266 	1.78758e-05
2.41331 	0.0292795 	-0.000648757 	1.77367e-05
2.41483 	0.0292828 	-0.000647248 	1.75975e-05
2.41635 	0.0292861 	-0.000645739 	1.74584e-05
2.41786 	0.0292894 	-0.00064423 	1.73192e-05
2.41938 	0.0292928 	-0.000642722 	1.71801e-05
2.4209 	0.0292961 	-0.000641213 	1.70409e-05
2.42242 	0.0292994 	-0.000639704 	1.69017e-05
2.42394 	0.0293027 	-0.000638195 	1.67626e-05
2.42546 	0.029306 	-0.000636686 	1.66234e-05
2.42698 	0.0293093 	-0.000635178 	1.64843e-05
2.4285 	0.0293126 	-0.000633669 	1.63429e-05
2.43002 	0.0293157 	-0.000632163 	1.61694e-05
2.43153 	0.0293189 	-0.000630656 	1.59959e-05
2.43305 	0.029322 	-0.000629162 	1.58221e-05
2.43457 	0.029325 	-0.000627725 	1.56467e-05
2.43609 	0.0293281 	-0.000626288 	1.54714e-05
2.43761 	0.029331 	-0.000624829 	1.5318e-05
2.43913 	0.0293338 	-0.000623332 	1.52033e-05
2.44065 	0.0293366 	-0.000621834 	1.50885e-05
2.44217 	0.0293394 	-0.000620336 	1.49738e-05
2.44368 	0.0293422 	-0.000618838 	1.4859e-05
2.4452 	0.029345 	-0.00061734 	1.47443e-05
2.44672 	0.0293478 	-0.000615843 	1.46295e-05
2.44824 	0.0293506 	-0.000614345 	1.45148e-05
2.44976 	0.0293533 	-0.000612847 	1.44e-05
2.45128 	0.0293561 	-0.000611349 	1.42853e-05
2.4528 	0.0293589 	-0.000609852 	1.41705e-05
2.45432 	0.0293617 	-0.000608354 	1.40558e-05
2.45583 	0.0293644 	-0.000606851 	1.39527e-05
2.45735 	0.029367 	-0.000605342 	1.38636e-05
2.45887 	0.0293695 	-0.000603834 	1.37745e-05
2.46039 	0.029372 	-0.000602375 	1.36862e-05
2.46191 	0.0293744 	-0.000600943 	1.35982e-05
2.46343 	0.0293769 	-0.000599511 	1.35102e-05
2.46495 	0.029379 	-0.000598016 	1.34217e-05
2.46647 	0.0293812 	-0.000596517 	1.33332e-05
2.46798 	0.0293833 	-0.000595018 	1.32447e-05
2.4695 	0.0293855 	-0.000593519 	1.31561e-05
2.47102 	0.0293876 	-0.00059202 	1.30676e-05
2.47254 	0.0293898 	-0.000590521 	1.2979e-05
2.47406 	0.0293919 	-0.000589022 	1.28905e-05
2.47558 	0.0293941 	-0.000587523 	1.2802e-05
2.4771 	0.0293962 	-0.000586024 	1.27134e-05
2.47862 	0.0293983 	-0.000584525 	1.26249e-05
2.48013 	0.0294005 	-0.000583026 	1.25364e-05
2.48165 	0.0294025 	-0.00058152 	1.24432e-05
2.48317 	0.0294043 	-0.00058 	1.23393e-05
2.48469 	0.0294061 	-0.00057848 	1.22355e-05
2.48621 	0.0294078 	-0.000577005 	1.21285e-05
2.48773 	0.0294095 	-0.000575561 	1.20194e-05
2.48925 	0.0294112 	-0.000574117 	1.19103e-05
2.49077 	0.0294126 	-0.00057261 	1.17931e-05
2.49228 	0.029414 	-0.000571101 	1.16757e-05
2.4938 	0.0294154 	-0.000569592 	1.15583e-05
2.49532 	0.0294168 	-0.000568083 	1.14409e-05
2.49684 	0.0294181 	-0.000566574 	1.13234e-05
2.49836 	0.0294195 	-0.000565065 	1.1206e-05
2.49988 	0.0294209 	-0.000563557 	1.10886e-05
2.5014 	0.0294223 	-0.000562048 	1.09712e-05
2.50292 	0.0294237 	-0.000560539 	1.08538e-05
2.50443 	0.0294251 	-0.00055903 	1.07364e-05
2.50595 	0.0294265 	-0.000557521 	1.06189e-05
2.50747 	0.0294277 	-0.000556 	1.0509e-05
2.50899 	0.0294287 	-0.000554472 	1.04037e-05
2.51051 	0.0294298 	-0.000552944 	1.02983e-05
2.51203 	0.0294307 	-0.000551487 	1.01841e-05
2.51355 	0.0294316 	-0.000550029 	1.00699e-05
2.51507 	0.0294324 	-0.000548544 	9.95733e-06
2.51658 	0.0294331 	-0.000547028 	9.84654e-06
2.5181 	0.0294337 	-0.000545513 	9.73575e-06
2.51962 	0.0294344 	-0.000543997 	9.62496e-06
2.52114 	0.029435 	-0.000542481 	9.51417e-06
2.52266 	0.0294357 	-0.000540965 	9.40339e-06
2.52418 	0.0294363 	-0.000539449 	9.2926e-06
2.5257 	0.029437 	-0.000537933 	9.18181e-06
2.52722 	0.0294377 	-0.000536418 	9.07102e-06
2.52873 	0.0294383 	-0.000534902 	8.96023e-06
2.53025 	0.029439 	-0.000533386 	8.84944e-06
2.53177 	0.0294395 	-0.000531866 	8.75477e-06
2.53329 	0.0294399 	-0.000530339 	8.68457e-06
2.53481 	0.0294402 	-0.000528811 	8.61438e-06
2.53633 	0.0294404 	-0.000527339 	8.54388e-06
2.53785 	0.0294407 	-0.000525875 	8.47335e-06
2.53937 	0.0294407 	-0.000524391 	8.41715e-06
2.54088 	0.0294407 	-0.000522877 	8.38076e-06
2.5424 	0.0294406 	-0.000521364 	8.34438e-06
2.54392 	0.0294405 	-0.00051985 	8.30799e-06
2.54544 	0.0294405 	-0.000518337 	8.2716e-06
2.54696 	0.0294404 	-0.000516823 	8.23522e-06
2.54848 	0.0294403 	-0.00051531 	8.19883e-06
2.55 	0.0294403 	-0.000513797 	8.16244e-06
2.55152 	0.0294402 	-0.000512283 	8.12606e-06
2.55303 	0.0294401 	-0.00051077 	8.08967e-06
2.55455 	0.02944 	-0.000509256 	8.05329e-06
2.55607 	0.0294398 	-0.000507743 	8.04576e-06
2.55759 	0.0294395 	-0.000506229 	8.0548e-06
2.55911 	0.0294391 	-0.000504727 	8.0639e-06
2.56063 	0.0294386 	-0.000503271 	8.0733e-06
2.56215 	0.029438 	-0.000501816 	8.08269e-06
2.56367 	0.0294373 	-0.000500316 	8.13746e-06
2.56518 	0.0294365 	-0.000498808 	8.20137e-06
2.5667 	0.0294358 	-0.000497299 	8.26527e-06
2.56822 	0.029435 	-0.000495791 	8.32917e-06
2.56974 	0.0294342 	-0.000494282 	8.39308e-06
2.57126 	0.0294335 	-0.000492774 	8.45698e-06
2.57278 	0.0294327 	-0.000491265 	8.52089e-06
2.5743 	0.0294319 	-0.000489757 	8.58479e-06
2.57582 	0.0294312 	-0.000488248 	8.6487e-06
2.57733 	0.0294304 	-0.00048674 	8.7126e-06
2.57885 	0.0294296 	-0.00048523 	8.78872e-06
2.58037 	0.0294286 	-0.00048372 	8.88932e-06
2.58189 	0.0294275 	-0.000482209 	8.98993e-06
2.58341 	0.0294263 	-0.000480757 	9.10225e-06
2.58493 	0.0294251 	-0.000479306 	9.21482e-06
2.58645 	0.0294237 	-0.000477811 	9.32756e-06
2.58797 	0.0294222 	-0.000476297 	9.44038e-06
2.58948 	0.0294207 	-0.000474783 	9.5532e-06
2.591 	0.0294192 	-0.000473269 	9.66602e-06
2.59252 	0.0294177 	-0.000471755 	9.77883e-06
2.59404 	0.0294162 	-0.000470242 	9.89165e-06
2.59556 	0.0294147 	-0.000468728 	1.00045e-05
2.59708 	0.0294132 	-0.000467214 	1.01173e-05
2.5986 	0.0294118 	-0.0004657 	1.02301e-05
2.60012 	0.0294103 	-0.000464187 	1.03429e-05
2.60163 	0.0294086 	-0.000462667 	1.0446e-05
2.60315 	0.0294068 	-0.000461142 	1.05388e-05
2.60467 	0.029405 	-0.00045963 	1.06377e-05
2.60619 	0.0294029 	-0.000458167 	1.07583e-05
2.60771 	0.0294009 	-0.000456703 	1.08777e-05
2.60923 	0.0293985 	-0.000455173 	1.09397e-05
2.61075 	0.0293961 	-0.000453644 	1.10017e-05
2.61227 	0.0293937 	-0.000452114 	1.10636e-05
2.61378 	0.0293913 	-0.000450585 	1.11256e-05
2.6153 	0.0293889 	-0.000449056 	1.11875e-05
2.61682 	0.0293865 	-0.000447526 	1.12495e-05
2.61834 	0.0293841 	-0.000445997 	1.13114e-05
2.61986 	0.0293817 	-0.000444467 	1.13734e-05
2.62138 	0.0293793 	-0.000442938 	1.14354e-05
2.6229 	0.0293769 	-0.000441407 	1.14916e-05
2.62442 	0.0293741 	-0.000439855 	1.14899e-05
2.62593 	0.0293712 	-0.000438304 	1.14883e-05
2.62745 	0.0293681 	-0.000436803 	1.15022e-05
2.62897 	0.0293651 	-0.000435307 	1.15177e-05
2.63049 	0.0293616 	-0.000433771 	1.15163e-05
2.63201 	0.0293581 	-0.000432224 	1.15104e-05
2.63353 	0.0293545 	-0.000430676 	1.15045e-05
2.63505 	0.029351 	-0.000429129 	1.14985e-05
2.63657 	0.0293474 	-0.000427582 	1.14926e-05
2.63809 	0.0293439 	-0.000426035 	1.14867e-05
2.6396 	0.0293403 	-0.000424487 	1.14807e-05
2.64112 	0.0293367 	-0.00042294 	1.14748e-05
2.64264 	0.0293332 	-0.000421393 	1.14689e-05
2.64416 	0.0293296 	-0.000419843 	1.14637e-05
2.64568 	0.0293254 	-0.000418281 	1.14633e-05
2.6472 	0.0293213 	-0.00041672 	1.14626e-05
2.64872 	0.0293169 	-0.000415202 	1.14548e-05
2.65024 	0.0293126 	-0.000413685 	1.1447e-05
2.65175 	0.0293077 	-0.000412118 	1.14456e-05
2.65327 	0.0293028 	-0.000410552 	1.14442e-05
2.65479 	0.0292979 	-0.000408985 	1.14428e-05
2.65631 	0.029293 	-0.000407419 	1.14414e-05
2.65783 	0.0292881 	-0.000405852 	1.144e-05
2.65935 	0.0292832 	-0.000404286 	1.14386e-05
2.66087 	0.0292783 	-0.000402719 	1.14372e-05
2.66239 	0.0292734 	-0.000401153 	1.14357e-05
2.6639 	0.0292686 	-0.000399587 	1.14343e-05
2.66542 	0.0292633 	-0.000398014 	1.147e-05
2.66694 	0.0292578 	-0.000396437 	1.1527e-05
2.66846 	0.0292521 	-0.000394886 	1.1578e-05
2.66998 	0.0292462 	-0.000393352 	1.1625e-05
2.6715 	0.0292401 	-0.000391781 	1.16732e-05
2.67302 	0.0292338 	-0.00039019 	1.17219e-05
2.67454 	0.0292275 	-0.000388599 	1.17706e-05
2.67605 	0.0292212 	-0.000387009 	1.18194e-05
2.67757 	0.029215 	-0.000385418 	1.18681e-05
2.67909 	0.0292087 	-0.000383827 	1.19169e-05
2.68061 	0.0292024 	-0.000382237 	1.19656e-05
2.68213 	0.0291961 	-0.000380646 	1.20144e-05
2.68365 	0.0291898 	-0.000379055 	1.20631e-05
2.68517 	0.0291832 	-0.00037746 	1.21313e-05
2.68669 	0.0291763 	-0.000375861 	1.22147e-05
2.6882 	0.0291692 	-0.000374288 	1.23051e-05
2.68972 	0.0291619 	-0.000372733 	1.23999e-05
2.69124 	0.0291544 	-0.000371132 	1.24795e-05
2.69276 	0.0291467 	-0.000369514 	1.25533e-05
2.69428 	0.029139 	-0.000367896 	1.26272e-05
2.6958 	0.0291313 	-0.000366278 	1.2701e-05
2.69732 	0.0291236 	-0.000364659 	1.27748e-05
2.69884 	0.0291159 	-0.000363041 	1.28487e-05
2.70035 	0.0291082 	-0.000361423 	1.29225e-05
2.70187 	0.0291005 	-0.000359805 	1.29963e-05
2.70339 	0.0290928 	-0.000358187 	1.30702e-05
2.70491 	0.0290847 	-0.00035656 	1.31121e-05
2.70643 	0.0290764 	-0.000354934 	1.31524e-05
2.70795 	0.0290677 	-0.000353347 	1.32185e-05
2.70947 	0.0290588 	-0.000351746 	1.32785e-05
2.71099 	0.0290496 	-0.000350099 	1.3318e-05
2.7125 	0.0290405 	-0.000348452 	1.33574e-05
2.71402 	0.0290313 	-0.000346805 	1.33969e-05
2.71554 	0.0290221 	-0.000345158 	1.34364e-05
2.71706 	0.0290129 	-0.000343512 	1.34759e-05
2.71858 	0.0290038 	-0.000341865 	1.35153e-05
2.7201 	0.0289946 	-0.000340218 	1.35548e-05
2.72162 	0.0289854 	-0.000338571 	1.35943e-05
2.72314 	0.0289758 	-0.000336919 	1.35901e-05
2.72465 	0.028966 	-0.000335264 	1.35668e-05
2.72617 	0.0289557 	-0.00033364 	1.35623e-05
2.72769 	0.0289453 	-0.000332011 	1.35577e-05
2.72921 	0.0289344 	-0.000330331 	1.35405e-05
2.73073 	0.0289235 	-0.00032865 	1.35232e-05
2.73225 	0.0289127 	-0.000326969 	1.3506e-05
2.73377 	0.0289018 	-0.000325289 	1.34887e-05
2.73529 	0.0288909 	-0.000323608 	1.34715e-05
2.7368 	0.02888 	-0.000321928 	1.34542e-05
2.73832 	0.0288691 	-0.000320247 	1.3437e-05
2.73984 	0.0288582 	-0.000318567 	1.34198e-05
2.74136 	0.0288467 	-0.000316872 	1.33787e-05
2.74288 	0.0288349 	-0.000315181 	1.33351e-05
2.7444 	0.0288227 	-0.000313518 	1.32942e-05
2.74592 	0.0288102 	-0.000311825 	1.32394e-05
2.74744 	0.0287973 	-0.000310102 	1.31699e-05
2.74895 	0.0287844 	-0.000308378 	1.31004e-05
2.75047 	0.0287715 	-0.000306655 	1.30308e-05
2.75199 	0.0287587 	-0.000304931 	1.29613e-05
2.75351 	0.0287458 	-0.000303208 	1.28918e-05
2.75503 	0.0287329 	-0.000301484 	1.28223e-05
2.75655 	0.02872 	-0.000299761 	1.27528e-05
2.75807 	0.0287067 	-0.000298027 	1.26789e-05
2.75959 	0.0286928 	-0.000296281 	1.26005e-05
2.7611 	0.0286785 	-0.000294558 	1.25115e-05
2.76262 	0.0286639 	-0.000292827 	1.24095e-05
2.76414 	0.0286487 	-0.000291052 	1.22684e-05
2.76566 	0.0286335 	-0.000289277 	1.21273e-05
2.76718 	0.0286184 	-0.000287501 	1.19861e-05
2.7687 	0.0286032 	-0.000285726 	1.1845e-05
2.77022 	0.028588 	-0.000283951 	1.17039e-05
2.77174 	0.0285729 	-0.000282175 	1.15628e-05
2.77325 	0.0285577 	-0.0002804 	1.14217e-05
2.77477 	0.028542 	-0.000278613 	1.12708e-05
2.77629 	0.0285257 	-0.000276814 	1.11093e-05
2.77781 	0.0285089 	-0.000275034 	1.09211e-05
2.77933 	0.0284916 	-0.000273235 	1.07249e-05
2.78085 	0.0284738 	-0.000271395 	1.05204e-05
2.78237 	0.0284559 	-0.000269554 	1.03159e-05
2.78389 	0.0284381 	-0.000267714 	1.01115e-05
2.7854 	0.0284202 	-0.000265874 	9.90698e-06
2.78692 	0.0284024 	-0.000264034 	9.70251e-06
2.78844 	0.0283845 	-0.000262194 	9.49803e-06
2.78996 	0.0283666 	-0.000260354 	9.29356e-06
2.79148 	0.0283476 	-0.00025849 	9.10091e-06
2.793 	0.0283282 	-0.000256626 	8.89877e-06
2.79452 	0.0283082 	-0.00025477 	8.67398e-06
2.79604 	0.0282874 	-0.000252867 	8.45735e-06
2.79755 	0.0282664 	-0.000250956 	8.24209e-06
2.79907 	0.0282455 	-0.000249044 	8.02684e-06
2.80059 	0.0282245 	-0.000247133 	7.81159e-06
2.80211 	0.0282036 	-0.000245221 	7.59633e-06
2.80363 	0.0281826 	-0.00024331 	7.38108e-06
2.80515 	0.0281617 	-0.000241398 	7.16583e-06
2.80667 	0.0281398 	-0.000239479 	6.96216e-06
2.80819 	0.0281174 	-0.000237555 	6.76128e-06
2.8097 	0.0280941 	-0.000235627 	6.53976e-06
2.81122 	0.0280699 	-0.000233662 	6.32828e-06
2.81274 	0.0280455 	-0.000231684 	6.12027e-06
2.81426 	0.0280211 	-0.000229706 	5.91227e-06
2.81578 	0.0279966 	-0.000227727 	5.70426e-06
2.8173 	0.0279722 	-0.000225749 	5.49625e-06
2.81882 	0.0279477 	-0.000223771 	5.28824e-06
2.82034 	0.0279233 	-0.000221793 	5.08024e-06
2.82185 	0.0278977 	-0.000219815 	4.87312e-06
2.82337 	0.0278713 	-0.000217832 	4.66305e-06
2.82489 	0.0278441 	-0.000215839 	4.44716e-06
2.82641 	0.0278157 	-0.000213794 	4.2383e-06
2.82793 	0.0277874 	-0.00021175 	4.02945e-06
2.82945 	0.027759 	-0.000209705 	3.8206e-06
2.83097 	0.0277306 	-0.00020766 	3.61174e-06
2.83249 	0.0277023 	-0.000205616 	3.40289e-06
2.83401 	0.0276739 	-0.000203571 	3.19404e-06
2.83552 	0.0276451 	-0.000201527 	2.97762e-06
2.83704 	0.0276152 	-0.000199486 	2.74048e-06
2.83856 	0.0275839 	-0.000197428 	2.51106e-06
2.84008 	0.0275518 	-0.000195339 	2.29318e-06
2.8416 	0.0275192 	-0.000193231 	2.08216e-06
2.84312 	0.0274865 	-0.000191123 	1.87114e-06
2.84464 	0.0274539 	-0.000189015 	1.66012e-06
2.84616 	0.0274212 	-0.000186907 	1.4491e-06
2.84767 	0.0273886 	-0.000184799 	1.23808e-06
2.84919 	0.0273557 	-0.000182692 	1.02487e-06
2.85071 	0.0273213 	-0.000180595 	7.95483e-07
2.85223 	0.0272857 	-0.000178483 	5.58096e-07
2.85375 	0.0272488 	-0.000176339 	3.6377e-07
2.85527 	0.0272114 	-0.000174173 	2.0276e-07
2.85679 	0.027174 	-0.000172008 	4.17507e-08
2.85831 	0.0271366 	-0.000169842 	-1.19259e-07
2.85982 	0.0270991 	-0.000167677 	-2.80269e-07
2.86134 	0.0270617 	-0.000165512 	-4.41279e-07
2.86286 	0.0270237 	-0.00016335 	-5.77793e-07
2.86438 	0.0269843 	-0.000161197 	-6.62951e-07
2.8659 	0.0269431 	-0.000159019 	-7.75601e-07
2.86742 	0.0269004 	-0.000156809 	-7.99342e-07
2.86894 	0.0268575 	-0.000154596 	-8.10405e-07
2.87046 	0.0268146 	-0.000152382 	-8.21467e-07
2.87197 	0.0267717 	-0.000150168 	-8.32529e-07
2.87349 	0.0267287 	-0.000147954 	-8.43591e-07
2.87501 	0.0266858 	-0.000145741 	-8.54653e-07
2.87653 	0.0266411 	-0.000143557 	-7.72053e-07
2.87805 	0.0265947 	-0.000141353 	-6.86222e-07
2.87957 	0.0265464 	-0.00013912 	-5.76568e-07
2.88109 	0.0264971 	-0.000136873 	-4.36478e-07
2.88261 	0.0264478 	-0.000134625 	-2.96388e-07
2.88412 	0.0263984 	-0.000132377 	-1.56298e-07
2.88564 	0.0263491 	-0.00013013 	-1.62077e-08
2.88716 	0.0262997 	-0.000127882 	1.23882e-07
2.88868 	0.0262487 	-0.000125668 	2.92776e-07
2.8902 	0.0261955 	-0.000123442 	4.69415e-07
2.89172 	0.02614 	-0.000121183 	6.49135e-07
2.89324 	0.0260832 	-0.000118913 	8.36834e-07
2.89476 	0.0260263 	-0.000116642 	1.02453e-06
2.89627 	0.0259695 	-0.000114371 	1.21223e-06
2.89779 	0.0259126 	-0.0001121 	1.39993e-06
2.89931 	0.0258558 	-0.000109829 	1.58763e-06
2.90083 	0.0257965 	-0.000107614 	1.76174e-06
2.90235 	0.0257347 	-0.000105354 	1.93739e-06
2.90387 	0.0256699 	-0.000103078 	2.11309e-06
2.90539 	0.0256042 	-0.000100802 	2.2884e-06
2.90691 	0.0255386 	-9.85263e-05 	2.46372e-06
2.90842 	0.025473 	-9.62504e-05 	2.63904e-06
2.90994 	0.0254073 	-9.39745e-05 	2.81436e-06
2.91146 	0.0253406 	-9.17333e-05 	2.98551e-06
2.91298 	0.0252708 	-8.95295e-05 	3.15198e-06
2.9145 	0.0251973 	-8.72645e-05 	3.33115e-06
2.91602 	0.025121 	-8.50101e-05 	3.52276e-06
2.91754 	0.0250447 	-8.27557e-05 	3.71436e-06
2.91906 	0.0249683 	-8.05013e-05 	3.90596e-06
2.92057 	0.024892 	-7.82469e-05 	4.09757e-06
2.92209 	0.0248152 	-7.60085e-05 	4.29299e-06
2.92361 	0.0247345 	-7.38725e-05 	4.51602e-06
2.92513 	0.0246493 	-7.16432e-05 	4.74147e-06
2.92665 	0.02456 	-6.94409e-05 	4.97871e-06
2.92817 	0.0244707 	-6.72386e-05 	5.21594e-06
2.92969 	0.0243814 	-6.50362e-05 	5.45318e-06
2.93121 	0.024292 	-6.28339e-05 	5.69041e-06
2.93272 	0.0242019 	-6.06619e-05 	5.93766e-06
2.93424 	0.024107 	-5.85934e-05 	6.22868e-06
2.93576 	0.0240066 	-5.64437e-05 	6.51394e-06
2.93728 	0.0239024 	-5.43245e-05 	6.78472e-06
2.9388 	0.0237982 	-5.22053e-05 	7.05551e-06
2.94032 	0.023694 	-5.0086e-05 	7.3263e-06
2.94184 	0.0235898 	-4.79668e-05 	7.59708e-06
2.94336 	0.0234831 	-4.59477e-05 	7.88768e-06
2.94487 	0.0233706 	-4.39389e-05 	8.21936e-06
2.94639 	0.0232492 	-4.19332e-05 	8.50397e-06
2.94791 	0.0231255 	-3.99451e-05 	8.76705e-06
2.94943 	0.0230018 	-3.79569e-05 	9.03014e-06
2.95095 	0.0228781 	-3.59688e-05 	9.29322e-06
2.95247 	0.0227532 	-3.40155e-05 	9.55519e-06
2.95399 	0.0226197 	-3.22158e-05 	9.83092e-06
2.95551 	0.0224772 	-3.03564e-05 	1.00988e-05
2.95702 	0.0223297 	-2.85321e-05 	1.02934e-05
2.95854 	0.0221823 	-2.67078e-05 	1.04881e-05
2.96006 	0.0220348 	-2.48835e-05 	1.06827e-05
2.96158 	0.0218871 	-2.30697e-05 	1.08756e-05
2.9631 	0.0217306 	-2.14439e-05 	1.10492e-05
2.96462 	0.0215614 	-1.97674e-05 	1.12133e-05
2.96614 	0.0213834 	-1.81538e-05 	1.12762e-05
2.96766 	0.0212053 	-1.65403e-05 	1.13391e-05
2.96917 	0.0210273 	-1.49268e-05 	1.1402e-05
2.97069 	0.0208466 	-1.33683e-05 	1.14439e-05
2.97221 	0.0206513 	-1.19855e-05 	1.14305e-05
2.97373 	0.0204392 	-1.05988e-05 	1.13744e-05
2.97525 	0.0202212 	-9.24591e-06 	1.12708e-05
2.97677 	0.0200032 	-7.89302e-06 	1.11672e-05
2.97829 	0.0197852 	-6.54013e-06 	1.10637e-05
2.97981 	0.0195585 	-5.35054e-06 	1.08804e-05
2.98132 	0.0193128 	-4.20778e-06 	1.06707e-05
2.98284 	0.019047 	-3.13742e-06 	1.04214e-05
2.98436 	0.0187812 	-2.06706e-06 	1.01721e-05
2.98588 	0.0185154 	-9.96696e-07 	9.92281e-06
2.9874 	0.0182445 	-3.23742e-09 	9.64821e-06
2.98892 	0.0179519 	8.30103e-07 	9.3085e-06
2.99044 	0.017626 	1.57586e-06 	8.96894e-06
2.99196 	0.0172964 	2.30598e-06 	8.62964e-06
2.99347 	0.0169669 	3.0361e-06 	8.29034e-06
2.99499 	0.0166315 	3.70163e-06 	7.94279e-06
2.99651 	0.0162639 	4.15668e-06 	7.56924e-06
2.99803 	0.0158563 	4.52858e-06 	7.19087e-06
2.99955 	0.0154447 	4.88743e-06 	6.81149e-06
3.00107 	0.0150332 	5.24629e-06 	6.4321e-06
3.00259 	0.014609 	5.4916e-06 	6.03029e-06
3.00411 	0.0141393 	5.57783e-06 	5.63444e-06
3.00562 	0.0136352 	5.59425e-06 	5.24077e-06
3.00714 	0.0131311 	5.61066e-06 	4.84709e-06
3.00866 	0.012627 	5.62708e-06 	4.45342e-06
3.01018 	0.0120855 	5.43652e-06 	4.00684e-06
3.0117 	0.0114933 	5.1979e-06 	3.62468e-06
3.01322 	0.0108935 	4.94906e-06 	3.25698e-06
3.01474 	0.0102936 	4.70022e-06 	2.88929e-06
3.01626 	0.00967214 	4.34159e-06 	2.50954e-06
3.01777 	0.00898988 	3.93216e-06 	2.18053e-06
3.01929 	0.00830447 	3.53546e-06 	1.89123e-06
3.02081 	0.00761906 	3.13876e-06 	1.60193e-06
3.02233 	0.0069122 	2.67814e-06 	1.33987e-06
3.02385 	0.00616259 	2.23405e-06 	1.12578e-06
3.02537 	0.00541757 	1.80801e-06 	9.29606e-07
3.02689 	0.00467622 	1.38026e-06 	7.4543e-07
3.02841 	0.00389682 	9.77401e-07 	5.99021e-07
3.02992 	0.00313122 	6.94363e-07 	4.65951e-07
3.03144 	0.00236849 	4.18728e-07 	3.3505e-07
3.03296 	0.0015883 	2.73815e-07 	2.28689e-07
3.03448 	0.000788549 	1.3732e-07 	1.11224e-07
3.036 	2.24649e-16 	4.05891e-20 	2.9222e-20
