0.00151876 	2.94742e-05 	-2.51146e-07 	5.20834e-07
0.00303752 	6.15848e-05 	-5.17752e-07 	1.20195e-06
0.00455628 	9.28818e-05 	-7.87828e-07 	1.57219e-06
0.00607504 	0.00013369 	-1.26471e-06 	2.29789e-06
0.0075938 	0.000186474 	-2.00277e-06 	2.61009e-06
0.00911256 	0.000245821 	-2.88904e-06 	3.24639e-06
0.0106313 	0.000307721 	-3.8799e-06 	3.24264e-06
0.0121501 	0.000370515 	-4.91443e-06 	4.17438e-06
0.0136688 	0.000434385 	-6.13572e-06 	4.36316e-06
0.0151876 	0.00050205 	-7.5452e-06 	5.0269e-06
0.0167064 	0.000566996 	-9.0158e-06 	5.24385e-06
0.0182251 	0.000633732 	-1.06033e-05 	5.20024e-06
0.0197439 	0.000697003 	-1.21655e-05 	6.09403e-06
0.0212626 	0.000759483 	-1.38429e-05 	6.32292e-06
0.0227814 	0.00082277 	-1.56221e-05 	6.99446e-06
0.0243002 	0.000880821 	-1.75635e-05 	7.29838e-06
0.0258189 	0.000938826 	-1.9557e-05 	7.33378e-06
0.0273377 	0.000995202 	-2.15591e-05 	8.376e-06
0.0288564 	0.00104847 	-2.37021e-05 	8.71578e-06
0.0303752 	0.00110176 	-2.58923e-05 	8.73072e-06
0.0318939 	0.00115433 	-2.80036e-05 	9.92909e-06
0.0334127 	0.0012037 	-3.02873e-05 	1.03351e-05
0.0349315 	0.00125308 	-3.25709e-05 	1.07411e-05
0.0364502 	0.00130169 	-3.49114e-05 	1.09966e-05
0.037969 	0.0013477 	-3.72355e-05 	1.22227e-05
0.0394877 	0.0013932 	-3.96584e-05 	1.27453e-05
0.0410065 	0.00143786 	-4.22973e-05 	1.12836e-05
0.0425253 	0.00148124 	-4.45128e-05 	1.4466e-05
0.044044 	0.0015229 	-4.70625e-05 	1.51324e-05
0.0455628 	0.00156426 	-4.96729e-05 	1.51131e-05
0.0470815 	0.00160465 	-5.21438e-05 	1.65492e-05
0.0486003 	0.0016432 	-5.47348e-05 	1.78584e-05
0.0501191 	0.00168148 	-5.73841e-05 	1.86605e-05
0.0516378 	0.00171879 	-6.01874e-05 	1.70155e-05
0.0531566 	0.0017561 	-6.26403e-05 	2.08356e-05
0.0546753 	0.00179157 	-6.53553e-05 	2.17483e-05
0.0561941 	0.00182705 	-6.80703e-05 	2.2661e-05
0.0577129 	0.00186117 	-7.08793e-05 	2.00047e-05
0.0592316 	0.00189585 	-7.34545e-05 	2.49454e-05
0.0607504 	0.00192881 	-7.62219e-05 	2.59594e-05
0.0622691 	0.00196176 	-7.89894e-05 	2.69734e-05
0.0637879 	0.00199328 	-8.17248e-05 	2.41281e-05
0.0653067 	0.00202579 	-8.45033e-05 	2.93034e-05
0.0668254 	0.00205646 	-8.73192e-05 	3.03949e-05
0.0683442 	0.00208713 	-9.01351e-05 	3.14864e-05
0.0698629 	0.00211668 	-9.28017e-05 	2.95719e-05
0.0713817 	0.00214709 	-9.56835e-05 	3.33595e-05
0.0729005 	0.00217581 	-9.85449e-05 	3.47745e-05
0.0744192 	0.00220441 	-0.000101398 	3.58929e-05
0.075938 	0.00223266 	-0.000104181 	3.61556e-05
0.0774567 	0.00225992 	-0.000106837 	3.51326e-05
0.0789755 	0.00228788 	-0.000109905 	3.89494e-05
0.0804942 	0.00231455 	-0.000112797 	4.00377e-05
0.082013 	0.00234122 	-0.000115689 	4.11259e-05
0.0835318 	0.00236644 	-0.000118178 	3.88268e-05
0.0850505 	0.00239292 	-0.000121268 	4.18859e-05
0.0865693 	0.00241817 	-0.000124285 	4.37149e-05
0.088088 	0.002443 	-0.000127221 	4.47117e-05
0.0896068 	0.00246783 	-0.000130156 	4.57086e-05
0.0911256 	0.00249067 	-0.000132406 	4.22126e-05
0.0926443 	0.0025159 	-0.000135909 	4.67653e-05
0.0941631 	0.00253919 	-0.000138902 	4.778e-05
0.0956818 	0.00256241 	-0.000141874 	4.86473e-05
0.0972006 	0.00258563 	-0.000144846 	4.95145e-05
0.0987194 	0.00260703 	-0.000146953 	4.61156e-05
0.100238 	0.0026307 	-0.000150499 	4.98113e-05
0.101757 	0.00265281 	-0.000153592 	5.10247e-05
0.103276 	0.00267468 	-0.000156597 	5.17772e-05
0.104794 	0.00269655 	-0.000159602 	5.25297e-05
0.106313 	0.00271711 	-0.000161885 	5.03835e-05
0.107832 	0.00273875 	-0.000165043 	5.16594e-05
0.109351 	0.00276025 	-0.000168464 	5.3831e-05
0.110869 	0.00278087 	-0.000171518 	5.44541e-05
0.112388 	0.00280148 	-0.000174572 	5.50773e-05
0.113907 	0.00282167 	-0.000177365 	5.48345e-05
0.115426 	0.00284061 	-0.000179488 	5.23259e-05
0.116944 	0.00286192 	-0.000183532 	5.599e-05
0.118463 	0.00288131 	-0.000186635 	5.6408e-05
0.119982 	0.0029007 	-0.000189738 	5.68259e-05
0.121501 	0.00292009 	-0.000192841 	5.72439e-05
0.12302 	0.00293839 	-0.000195177 	5.5583e-05
0.124538 	0.00295696 	-0.000197929 	5.49691e-05
0.126057 	0.00297664 	-0.00020184 	5.73736e-05
0.127576 	0.002995 	-0.000204953 	5.75758e-05
0.129095 	0.00301336 	-0.000208065 	5.77781e-05
0.130613 	0.00303172 	-0.000211177 	5.79804e-05
0.132132 	0.00304896 	-0.000213333 	5.60974e-05
0.133651 	0.00306673 	-0.00021614 	5.55757e-05
0.13517 	0.00308551 	-0.000220119 	5.75391e-05
0.136688 	0.00310299 	-0.000223215 	5.75699e-05
0.138207 	0.00312047 	-0.000226311 	5.76007e-05
0.139726 	0.00313794 	-0.000229407 	5.76314e-05
0.141245 	0.00315465 	-0.000231767 	5.63751e-05
0.142763 	0.00317102 	-0.000233932 	5.47507e-05
0.144282 	0.0031891 	-0.000238116 	5.65761e-05
0.145801 	0.0032059 	-0.000241292 	5.66265e-05
0.14732 	0.0032226 	-0.000244386 	5.65317e-05
0.148838 	0.00323929 	-0.00024748 	5.64369e-05
0.150357 	0.00325592 	-0.000250491 	5.62236e-05
0.151876 	0.00327138 	-0.000252114 	5.40325e-05
0.153395 	0.00328809 	-0.000255586 	5.43692e-05
0.154913 	0.00330485 	-0.00025934 	5.508e-05
0.156432 	0.00332089 	-0.000262436 	5.4871e-05
0.157951 	0.00333693 	-0.000265533 	5.46621e-05
0.15947 	0.00335298 	-0.000268629 	5.44531e-05
0.160988 	0.00336869 	-0.000271234 	5.36712e-05
0.162507 	0.00338383 	-0.000272977 	5.18864e-05
0.164026 	0.00339995 	-0.000276942 	5.24948e-05
0.165545 	0.00341575 	-0.000280492 	5.26678e-05
0.167064 	0.0034312 	-0.000283589 	5.23664e-05
0.168582 	0.00344666 	-0.000286686 	5.2065e-05
0.170101 	0.00346212 	-0.000289784 	5.17636e-05
0.17162 	0.00347738 	-0.000292417 	5.1042e-05
0.173139 	0.00349235 	-0.000294324 	4.96626e-05
0.174657 	0.00350744 	-0.000298161 	4.98347e-05
0.176176 	0.00352249 	-0.000301819 	4.9896e-05
0.177695 	0.00353747 	-0.000304913 	4.95587e-05
0.179214 	0.00355245 	-0.000308006 	4.92214e-05
0.180732 	0.00356743 	-0.0003111 	4.88841e-05
0.182251 	0.0035824 	-0.000314058 	4.8452e-05
0.18377 	0.00359735 	-0.000316074 	4.73619e-05
0.185289 	0.00361187 	-0.000319269 	4.693e-05
0.186807 	0.00362608 	-0.00032334 	4.69871e-05
0.188326 	0.00364065 	-0.00032646 	4.66734e-05
0.189845 	0.00365525 	-0.000329528 	4.6339e-05
0.191364 	0.00366985 	-0.000332595 	4.60047e-05
0.192882 	0.00368444 	-0.000335662 	4.56704e-05
0.194401 	0.00369922 	-0.000338127 	4.50427e-05
0.19592 	0.00371415 	-0.000340123 	4.41866e-05
0.197439 	0.00372781 	-0.000344011 	4.40672e-05
0.198957 	0.00374153 	-0.000347849 	4.39498e-05
0.200476 	0.00375585 	-0.00035088 	4.36007e-05
0.201995 	0.00377017 	-0.00035391 	4.32516e-05
0.203514 	0.00378449 	-0.000356941 	4.29025e-05
0.205033 	0.00379881 	-0.000359971 	4.25534e-05
0.206551 	0.00381353 	-0.000362292 	4.19506e-05
0.20807 	0.00382844 	-0.000364294 	4.12333e-05
0.209589 	0.00384163 	-0.000368167 	4.10803e-05
0.211108 	0.00385489 	-0.000371987 	4.0913e-05
0.212626 	0.00386906 	-0.000374988 	4.05074e-05
0.214145 	0.00388323 	-0.00037799 	4.01017e-05
0.215664 	0.0038974 	-0.000380992 	3.9696e-05
0.217183 	0.00391156 	-0.000383993 	3.92904e-05
0.218701 	0.00392616 	-0.000386525 	3.87728e-05
0.22022 	0.0039412 	-0.000388581 	3.8142e-05
0.221739 	0.00395487 	-0.000391809 	3.78405e-05
0.223258 	0.00396786 	-0.000395621 	3.77031e-05
0.224776 	0.00398173 	-0.000398805 	3.73258e-05
0.226295 	0.00399589 	-0.000401782 	3.68691e-05
0.227814 	0.00401005 	-0.000404759 	3.64123e-05
0.229333 	0.0040242 	-0.000407736 	3.59556e-05
0.230851 	0.00403836 	-0.000410713 	3.54988e-05
0.23237 	0.0040536 	-0.000412896 	3.49236e-05
0.233889 	0.00406878 	-0.00041512 	3.43693e-05
0.235408 	0.00408207 	-0.000418689 	3.43425e-05
0.236926 	0.00409539 	-0.000422246 	3.43063e-05
0.238445 	0.00410974 	-0.000425194 	3.38047e-05
0.239964 	0.0041241 	-0.000428141 	3.3303e-05
0.241483 	0.00413845 	-0.000431089 	3.28014e-05
0.243002 	0.0041528 	-0.000434037 	3.22997e-05
0.24452 	0.00416729 	-0.000436915 	3.1781e-05
0.246039 	0.00418278 	-0.000439259 	3.11326e-05
0.247558 	0.00419815 	-0.000441677 	3.05374e-05
0.249077 	0.00421202 	-0.000445007 	3.05973e-05
0.250595 	0.0042259 	-0.000448337 	3.06572e-05
0.252114 	0.00424063 	-0.000451279 	3.01137e-05
0.253633 	0.00425542 	-0.000454194 	2.95306e-05
0.255152 	0.00427021 	-0.00045711 	2.89475e-05
0.25667 	0.00428501 	-0.000460026 	2.83644e-05
0.258189 	0.0042998 	-0.000462941 	2.77812e-05
0.259708 	0.00431545 	-0.000465499 	2.70191e-05
0.261227 	0.0043312 	-0.000468019 	2.62387e-05
0.262745 	0.00434607 	-0.000471077 	2.60127e-05
0.264264 	0.00436065 	-0.00047431 	2.59689e-05
0.265783 	0.00437561 	-0.000477383 	2.55968e-05
0.267302 	0.00439095 	-0.000480292 	2.48923e-05
0.26882 	0.0044063 	-0.000483202 	2.41879e-05
0.270339 	0.00442165 	-0.000486111 	2.34834e-05
0.271858 	0.00443699 	-0.00048902 	2.2779e-05
0.273377 	0.00445255 	-0.000491814 	2.2028e-05
0.274895 	0.00446854 	-0.000494385 	2.11875e-05
0.276414 	0.00448448 	-0.000496999 	2.03788e-05
0.277933 	0.00449976 	-0.000500239 	2.00169e-05
0.279452 	0.00451504 	-0.000503479 	1.96551e-05
0.28097 	0.00453069 	-0.000506496 	1.89827e-05
0.282489 	0.00454653 	-0.000509409 	1.81676e-05
0.284008 	0.00456236 	-0.000512323 	1.73525e-05
0.285527 	0.00457819 	-0.000515237 	1.65374e-05
0.287046 	0.00459402 	-0.00051815 	1.57223e-05
0.288564 	0.00460999 	-0.000520897 	1.49095e-05
0.290083 	0.00462616 	-0.000523402 	1.40999e-05
0.291602 	0.00464232 	-0.000525912 	1.32893e-05
0.293121 	0.00465831 	-0.000529205 	1.23212e-05
0.294639 	0.00467429 	-0.000532497 	1.13531e-05
0.296158 	0.0046904 	-0.000535593 	1.04234e-05
0.297677 	0.00470664 	-0.000538489 	9.53315e-06
0.299196 	0.00472288 	-0.000541385 	8.6429e-06
0.300714 	0.00473912 	-0.000544281 	7.75264e-06
0.302233 	0.00475536 	-0.000547176 	6.86239e-06
0.303752 	0.0047716 	-0.00055002 	6.00991e-06
0.305271 	0.00478786 	-0.000552386 	5.50736e-06
0.306789 	0.00480412 	-0.000554751 	5.0048e-06
0.308308 	0.0048206 	-0.000557679 	3.94997e-06
0.309827 	0.00483725 	-0.000561046 	2.46604e-06
0.311346 	0.0048539 	-0.000564412 	9.82106e-07
0.312864 	0.00487059 	-0.000567296 	-1.08441e-08
0.314383 	0.00488727 	-0.000570133 	-9.55924e-07
0.315902 	0.00490396 	-0.000572969 	-1.901e-06
0.317421 	0.00492064 	-0.000575806 	-2.84609e-06
0.318939 	0.00493733 	-0.000578643 	-3.79117e-06
0.320458 	0.00495392 	-0.000581204 	-4.41331e-06
0.321977 	0.00497037 	-0.00058335 	-4.55266e-06
0.323496 	0.00498682 	-0.000585497 	-4.69202e-06
0.325015 	0.00500387 	-0.000588559 	-5.93916e-06
0.326533 	0.00502114 	-0.000591965 	-7.60334e-06
0.328052 	0.00503841 	-0.000595372 	-9.26751e-06
0.329571 	0.00505553 	-0.000598194 	-1.03106e-05
0.33109 	0.00507265 	-0.000600972 	-1.13067e-05
0.332608 	0.00508976 	-0.000603751 	-1.23027e-05
0.334127 	0.00510687 	-0.000606529 	-1.32988e-05
0.335646 	0.00512398 	-0.000609307 	-1.42949e-05
0.337165 	0.00514092 	-0.000611823 	-1.49958e-05
0.338683 	0.00515748 	-0.000613754 	-1.50373e-05
0.340202 	0.00517404 	-0.000615684 	-1.50787e-05
0.341721 	0.00519109 	-0.000618318 	-1.5911e-05
0.34324 	0.00520863 	-0.000621689 	-1.75717e-05
0.344758 	0.00522618 	-0.00062506 	-1.92323e-05
0.346277 	0.00524365 	-0.000628092 	-2.05317e-05
0.347796 	0.00526105 	-0.000630834 	-2.15224e-05
0.349315 	0.00527844 	-0.000633577 	-2.25132e-05
0.350833 	0.00529584 	-0.000636319 	-2.35039e-05
0.352352 	0.00531324 	-0.000639061 	-2.44947e-05
0.353871 	0.00533064 	-0.000641804 	-2.54854e-05
0.35539 	0.00534748 	-0.00064378 	-2.57391e-05
0.356908 	0.0053642 	-0.00064558 	-2.58241e-05
0.358427 	0.00538093 	-0.00064738 	-2.59091e-05
0.359946 	0.00539841 	-0.000650418 	-2.70658e-05
0.361465 	0.00541603 	-0.000653692 	-2.8427e-05
0.362983 	0.00543366 	-0.000656966 	-2.97883e-05
0.364502 	0.0054512 	-0.000659791 	-3.0848e-05
0.366021 	0.00546871 	-0.000662452 	-3.17969e-05
0.36754 	0.00548621 	-0.000665114 	-3.27458e-05
0.369059 	0.00550372 	-0.000667775 	-3.36946e-05
0.370577 	0.00552122 	-0.000670436 	-3.46435e-05
0.372096 	0.00553873 	-0.000673097 	-3.55924e-05
0.373615 	0.00555569 	-0.000674871 	-3.60349e-05
0.375134 	0.00557259 	-0.000676553 	-3.6425e-05
0.376652 	0.00558949 	-0.000678235 	-3.68152e-05
0.378171 	0.00560694 	-0.000680978 	-3.77965e-05
0.37969 	0.00562455 	-0.000684035 	-3.89525e-05
0.381209 	0.00564217 	-0.000687091 	-4.01085e-05
0.382727 	0.00565973 	-0.000689898 	-4.11522e-05
0.384246 	0.00567726 	-0.000692452 	-4.20821e-05
0.385765 	0.00569478 	-0.000695006 	-4.3012e-05
0.387284 	0.0057123 	-0.00069756 	-4.3942e-05
0.388802 	0.00572983 	-0.000700113 	-4.48719e-05
0.390321 	0.00574735 	-0.000702667 	-4.58018e-05
0.39184 	0.00576464 	-0.000704708 	-4.65817e-05
0.393359 	0.00578177 	-0.000706377 	-4.72524e-05
0.394877 	0.0057989 	-0.000708045 	-4.79231e-05
0.396396 	0.00581623 	-0.000710049 	-4.87046e-05
0.397915 	0.00583411 	-0.000712932 	-4.97754e-05
0.399434 	0.00585198 	-0.000715815 	-5.08462e-05
0.400952 	0.00586986 	-0.000718697 	-5.1917e-05
0.402471 	0.00588752 	-0.000721245 	-5.28831e-05
0.40399 	0.00590515 	-0.000723722 	-5.38273e-05
0.405509 	0.00592277 	-0.0007262 	-5.47716e-05
0.407028 	0.00594039 	-0.000728678 	-5.57159e-05
0.408546 	0.00595801 	-0.000731155 	-5.66602e-05
0.410065 	0.00597563 	-0.000733633 	-5.76045e-05
0.411584 	0.00599285 	-0.000735471 	-5.84809e-05
0.413103 	0.00600999 	-0.000737173 	-5.93429e-05
0.414621 	0.00602712 	-0.000738876 	-6.0205e-05
0.41614 	0.00604462 	-0.000740982 	-6.10716e-05
0.417659 	0.0060628 	-0.000743849 	-6.19469e-05
0.419178 	0.00608097 	-0.000746717 	-6.28223e-05
0.420696 	0.00609915 	-0.000749584 	-6.36976e-05
0.422215 	0.00611705 	-0.000752134 	-6.4643e-05
0.423734 	0.00613486 	-0.000754558 	-6.56161e-05
0.425253 	0.00615266 	-0.000756983 	-6.65891e-05
0.426771 	0.00617046 	-0.000759407 	-6.75622e-05
0.42829 	0.00618827 	-0.000761832 	-6.85352e-05
0.429809 	0.00620607 	-0.000764256 	-6.95083e-05
0.431328 	0.00622352 	-0.000766169 	-7.05513e-05
0.432846 	0.00624076 	-0.000767789 	-7.16346e-05
0.434365 	0.006258 	-0.000769408 	-7.27179e-05
0.435884 	0.00627525 	-0.000771028 	-7.38012e-05
0.437403 	0.00629346 	-0.000773773 	-7.45828e-05
0.438921 	0.00631169 	-0.000776545 	-7.53569e-05
0.44044 	0.00632992 	-0.000779318 	-7.6131e-05
0.441959 	0.00634813 	-0.000782026 	-7.69165e-05
0.443478 	0.0063662 	-0.000784384 	-7.77635e-05
0.444996 	0.00638428 	-0.000786742 	-7.86104e-05
0.446515 	0.00640235 	-0.0007891 	-7.94573e-05
0.448034 	0.00642043 	-0.000791458 	-8.03042e-05
0.449553 	0.0064385 	-0.000793817 	-8.11512e-05
0.451072 	0.00645657 	-0.000796171 	-8.19983e-05
0.45259 	0.0064743 	-0.000797796 	-8.28836e-05
0.454109 	0.00649203 	-0.000799421 	-8.37688e-05
0.455628 	0.00650976 	-0.000801046 	-8.46541e-05
0.457147 	0.00652753 	-0.000802823 	-8.55011e-05
0.458665 	0.00654551 	-0.00080542 	-8.61425e-05
0.460184 	0.00656349 	-0.000808018 	-8.67839e-05
0.461703 	0.00658147 	-0.000810616 	-8.74254e-05
0.463222 	0.00659953 	-0.00081316 	-8.80527e-05
0.46474 	0.00661813 	-0.00081538 	-8.85955e-05
0.466259 	0.00663672 	-0.000817601 	-8.91383e-05
0.467778 	0.00665532 	-0.000819821 	-8.96811e-05
0.469297 	0.00667391 	-0.000822041 	-9.02238e-05
0.470815 	0.00669251 	-0.000824262 	-9.07666e-05
0.472334 	0.0067111 	-0.000826482 	-9.13094e-05
0.473853 	0.00673003 	-0.000828201 	-9.17633e-05
0.475372 	0.00674899 	-0.000829881 	-9.22105e-05
0.47689 	0.00676794 	-0.000831561 	-9.26577e-05
0.478409 	0.00678689 	-0.000833242 	-9.31048e-05
0.479928 	0.00680513 	-0.000835479 	-9.37156e-05
0.481447 	0.00682328 	-0.00083779 	-9.43479e-05
0.482965 	0.00684142 	-0.000840101 	-9.49803e-05
0.484484 	0.00685956 	-0.000842411 	-9.56126e-05
0.486003 	0.00687855 	-0.000844544 	-9.59643e-05
0.487522 	0.00689795 	-0.000846588 	-9.61755e-05
0.489041 	0.00691736 	-0.000848632 	-9.63866e-05
0.490559 	0.00693676 	-0.000850675 	-9.65978e-05
0.492078 	0.00695617 	-0.000852719 	-9.6809e-05
0.493597 	0.00697557 	-0.000854763 	-9.70201e-05
0.495116 	0.00699538 	-0.000856693 	-9.70899e-05
0.496634 	0.0070158 	-0.000858454 	-9.69483e-05
0.498153 	0.00703622 	-0.000860215 	-9.68066e-05
0.499672 	0.00705664 	-0.000861976 	-9.6665e-05
0.501191 	0.00707685 	-0.000863787 	-9.66059e-05
0.502709 	0.00709588 	-0.000865879 	-9.70078e-05
0.504228 	0.00711492 	-0.000867971 	-9.74097e-05
0.505747 	0.00713396 	-0.000870063 	-9.78116e-05
0.507266 	0.00715299 	-0.000872155 	-9.82135e-05
0.508784 	0.00717291 	-0.000874138 	-9.83603e-05
0.510303 	0.00719316 	-0.00087608 	-9.84103e-05
0.511822 	0.0072134 	-0.000878023 	-9.84603e-05
0.513341 	0.00723365 	-0.000879965 	-9.85103e-05
0.514859 	0.0072539 	-0.000881907 	-9.85603e-05
0.516378 	0.00727415 	-0.000883849 	-9.86104e-05
0.517897 	0.00729481 	-0.000885711 	-9.85243e-05
0.519416 	0.00731606 	-0.000887458 	-9.82478e-05
0.520934 	0.00733731 	-0.000889206 	-9.79713e-05
0.522453 	0.00735856 	-0.000890954 	-9.76948e-05
0.523972 	0.00737981 	-0.000892701 	-9.74183e-05
0.525491 	0.0074001 	-0.000894669 	-9.75593e-05
0.52701 	0.00742034 	-0.000896646 	-9.77187e-05
0.528528 	0.00744059 	-0.000898623 	-9.78782e-05
0.530047 	0.00746084 	-0.0009006 	-9.80377e-05
0.531566 	0.00748131 	-0.000902555 	-9.81298e-05
0.533085 	0.00750226 	-0.000904462 	-9.80751e-05
0.534603 	0.00752321 	-0.000906368 	-9.80204e-05
0.536122 	0.00754416 	-0.000908275 	-9.79657e-05
0.537641 	0.00756511 	-0.000910181 	-9.7911e-05
0.53916 	0.00758606 	-0.000912088 	-9.78562e-05
0.540678 	0.00760701 	-0.000913995 	-9.78015e-05
0.542197 	0.00762846 	-0.000915668 	-9.74702e-05
0.543716 	0.00764993 	-0.000917335 	-9.71312e-05
0.545235 	0.0076714 	-0.000919002 	-9.67923e-05
0.546753 	0.00769286 	-0.00092067 	-9.64533e-05
0.548272 	0.00771425 	-0.000922393 	-9.62155e-05
0.549791 	0.00773544 	-0.000924251 	-9.62165e-05
0.55131 	0.00775663 	-0.000926109 	-9.62175e-05
0.552828 	0.00777782 	-0.000927967 	-9.62185e-05
0.554347 	0.00779901 	-0.000929825 	-9.62196e-05
0.555866 	0.00782031 	-0.000931689 	-9.61224e-05
0.557385 	0.00784175 	-0.000933562 	-9.58959e-05
0.558903 	0.00786319 	-0.000935434 	-9.56694e-05
0.560422 	0.00788463 	-0.000937307 	-9.54429e-05
0.561941 	0.00790607 	-0.000939179 	-9.52164e-05
0.56346 	0.00792751 	-0.000941051 	-9.49899e-05
0.564978 	0.00794896 	-0.000942908 	-9.47402e-05
0.566497 	0.00797053 	-0.000944554 	-9.41726e-05
0.568016 	0.00799211 	-0.000946199 	-9.3605e-05
0.569535 	0.00801369 	-0.000947845 	-9.30374e-05
0.571054 	0.00803527 	-0.000949491 	-9.24698e-05
0.572572 	0.00805684 	-0.000951159 	-9.19468e-05
0.574091 	0.00807838 	-0.000952941 	-9.16433e-05
0.57561 	0.00809991 	-0.000954722 	-9.13398e-05
0.577129 	0.00812145 	-0.000956504 	-9.10363e-05
0.578647 	0.00814299 	-0.000958286 	-9.07328e-05
0.580166 	0.00816455 	-0.000960069 	-9.04348e-05
0.581685 	0.00818632 	-0.000961879 	-9.02048e-05
0.583204 	0.0082081 	-0.000963689 	-8.99749e-05
0.584722 	0.00822987 	-0.000965498 	-8.97449e-05
0.586241 	0.00825165 	-0.000967308 	-8.95149e-05
0.58776 	0.00827342 	-0.000969118 	-8.9285e-05
0.589279 	0.0082952 	-0.000970927 	-8.9055e-05
0.590797 	0.00831703 	-0.000972575 	-8.88715e-05
0.592316 	0.00833888 	-0.000974154 	-8.8708e-05
0.593835 	0.00836074 	-0.000975733 	-8.85445e-05
0.595354 	0.0083826 	-0.000977312 	-8.8381e-05
0.596872 	0.00840445 	-0.000978891 	-8.82174e-05
0.598391 	0.00842624 	-0.000980602 	-8.80494e-05
0.59991 	0.00844798 	-0.000982411 	-8.78779e-05
0.601429 	0.00846971 	-0.00098422 	-8.77064e-05
0.602947 	0.00849145 	-0.000986029 	-8.75349e-05
0.604466 	0.00851319 	-0.000987839 	-8.73634e-05
0.605985 	0.00853504 	-0.000989616 	-8.72306e-05
0.607504 	0.00855728 	-0.000991291 	-8.72183e-05
0.609023 	0.00857952 	-0.000992966 	-8.72059e-05
0.610541 	0.00860175 	-0.000994642 	-8.71935e-05
0.61206 	0.00862399 	-0.000996317 	-8.71811e-05
0.613579 	0.00864623 	-0.000997992 	-8.71688e-05
0.615098 	0.00866846 	-0.000999668 	-8.71564e-05
0.616616 	0.00869078 	-0.00100103 	-8.74468e-05
0.618135 	0.00871312 	-0.00100235 	-8.77842e-05
0.619654 	0.00873545 	-0.00100366 	-8.81215e-05
0.621173 	0.00875778 	-0.00100498 	-8.84589e-05
0.622691 	0.00878012 	-0.00100629 	-8.87963e-05
0.62421 	0.0088023 	-0.00100788 	-8.90626e-05
0.625729 	0.00882434 	-0.00100974 	-8.92592e-05
0.627248 	0.00884638 	-0.00101159 	-8.94557e-05
0.628766 	0.00886842 	-0.00101345 	-8.96522e-05
0.630285 	0.00889046 	-0.0010153 	-8.98487e-05
0.631804 	0.0089125 	-0.00101716 	-9.00452e-05
0.633323 	0.00893525 	-0.00101868 	-9.0282e-05
0.634841 	0.00895804 	-0.00102017 	-9.05214e-05
0.63636 	0.00898083 	-0.00102167 	-9.07609e-05
0.637879 	0.00900362 	-0.00102317 	-9.10004e-05
0.639398 	0.00902641 	-0.00102466 	-9.12398e-05
0.640916 	0.0090492 	-0.00102616 	-9.14793e-05
0.642435 	0.0090721 	-0.00102735 	-9.19004e-05
0.643954 	0.00909509 	-0.0010283 	-9.24594e-05
0.645473 	0.00911807 	-0.00102925 	-9.30185e-05
0.646991 	0.00914106 	-0.00103021 	-9.35775e-05
0.64851 	0.00916405 	-0.00103116 	-9.41365e-05
0.650029 	0.00918703 	-0.00103212 	-9.46955e-05
0.651548 	0.00920969 	-0.00103385 	-9.52698e-05
0.653067 	0.00923233 	-0.00103561 	-9.58445e-05
0.654585 	0.00925498 	-0.00103737 	-9.64192e-05
0.656104 	0.00927762 	-0.00103914 	-9.69939e-05
0.657623 	0.00930027 	-0.0010409 	-9.75686e-05
0.659142 	0.00932301 	-0.00104259 	-9.81116e-05
0.66066 	0.00934628 	-0.00104388 	-9.84861e-05
0.662179 	0.00936956 	-0.00104518 	-9.88605e-05
0.663698 	0.00939283 	-0.00104648 	-9.9235e-05
0.665217 	0.0094161 	-0.00104777 	-9.96095e-05
0.666735 	0.00943937 	-0.00104907 	-9.9984e-05
0.668254 	0.00946265 	-0.00105037 	-0.000100358
0.669773 	0.00948602 	-0.00105115 	-0.000100816
0.671292 	0.00950942 	-0.00105181 	-0.000101294
0.67281 	0.00953282 	-0.00105248 	-0.000101771
0.674329 	0.00955621 	-0.00105314 	-0.000102248
0.675848 	0.00957961 	-0.0010538 	-0.000102726
0.677367 	0.00960301 	-0.00105446 	-0.000103203
0.678885 	0.00962623 	-0.00105597 	-0.000104115
0.680404 	0.00964944 	-0.0010575 	-0.000105042
0.681923 	0.00967266 	-0.00105904 	-0.000105968
0.683442 	0.00969587 	-0.00106057 	-0.000106895
0.68496 	0.00971908 	-0.00106211 	-0.000107822
0.686479 	0.0097423 	-0.00106364 	-0.000108749
0.687998 	0.00976587 	-0.00106479 	-0.000109213
0.689517 	0.00978947 	-0.00106591 	-0.000109631
0.691036 	0.00981307 	-0.00106702 	-0.000110049
0.692554 	0.00983667 	-0.00106814 	-0.000110466
0.694073 	0.00986028 	-0.00106925 	-0.000110884
0.695592 	0.00988388 	-0.00107036 	-0.000111302
0.697111 	0.00990745 	-0.00107112 	-0.000111566
0.698629 	0.009931 	-0.00107162 	-0.000111722
0.700148 	0.00995454 	-0.00107213 	-0.000111879
0.701667 	0.00997809 	-0.00107264 	-0.000112035
0.703186 	0.0100016 	-0.00107314 	-0.000112191
0.704704 	0.0100252 	-0.00107365 	-0.000112348
0.706223 	0.0100487 	-0.00107452 	-0.000112892
0.707742 	0.0100721 	-0.00107575 	-0.000113823
0.709261 	0.0100956 	-0.00107699 	-0.000114755
0.710779 	0.010119 	-0.00107822 	-0.000115686
0.712298 	0.0101424 	-0.00107945 	-0.000116617
0.713817 	0.0101659 	-0.00108069 	-0.000117548
0.715336 	0.0101894 	-0.00108187 	-0.000118374
0.716854 	0.0102131 	-0.00108283 	-0.000118767
0.718373 	0.0102369 	-0.0010838 	-0.00011916
0.719892 	0.0102607 	-0.00108477 	-0.000119552
0.721411 	0.0102844 	-0.00108573 	-0.000119945
0.722929 	0.0103082 	-0.0010867 	-0.000120338
0.724448 	0.010332 	-0.00108767 	-0.000120731
0.725967 	0.0103556 	-0.00108817 	-0.000120778
0.727486 	0.0103793 	-0.00108863 	-0.000120793
0.729005 	0.010403 	-0.00108909 	-0.000120807
0.730523 	0.0104266 	-0.00108955 	-0.000120822
0.732042 	0.0104503 	-0.00109001 	-0.000120836
0.733561 	0.010474 	-0.00109047 	-0.000120851
0.73508 	0.0104976 	-0.00109116 	-0.000121268
0.736598 	0.0105212 	-0.00109201 	-0.00012198
0.738117 	0.0105449 	-0.00109286 	-0.000122691
0.739636 	0.0105685 	-0.00109371 	-0.000123403
0.741155 	0.0105921 	-0.00109456 	-0.000124115
0.742673 	0.0106157 	-0.00109541 	-0.000124826
0.744192 	0.0106393 	-0.00109626 	-0.000125531
0.745711 	0.0106631 	-0.00109709 	-0.00012594
0.74723 	0.0106868 	-0.00109791 	-0.00012635
0.748748 	0.0107105 	-0.00109873 	-0.000126759
0.750267 	0.0107343 	-0.00109956 	-0.000127169
0.751786 	0.010758 	-0.00110038 	-0.000127578
0.753305 	0.0107817 	-0.0011012 	-0.000127987
0.754823 	0.0108052 	-0.00110182 	-0.000128277
0.756342 	0.0108287 	-0.00110237 	-0.000128534
0.757861 	0.0108521 	-0.00110292 	-0.000128791
0.75938 	0.0108756 	-0.00110348 	-0.000129048
0.760898 	0.010899 	-0.00110403 	-0.000129306
0.762417 	0.0109225 	-0.00110458 	-0.000129563
0.763936 	0.0109459 	-0.00110516 	-0.000129904
0.765455 	0.0109692 	-0.00110584 	-0.000130574
0.766973 	0.0109926 	-0.00110651 	-0.000131245
0.768492 	0.0110159 	-0.00110718 	-0.000131915
0.770011 	0.0110392 	-0.00110786 	-0.000132586
0.77153 	0.0110626 	-0.00110853 	-0.000133256
0.773049 	0.0110859 	-0.00110921 	-0.000133927
0.774567 	0.0111094 	-0.00110988 	-0.000134496
0.776086 	0.0111331 	-0.00111057 	-0.000134911
0.777605 	0.0111567 	-0.00111125 	-0.000135327
0.779124 	0.0111804 	-0.00111193 	-0.000135742
0.780642 	0.0112041 	-0.00111262 	-0.000136158
0.782161 	0.0112277 	-0.0011133 	-0.000136573
0.78368 	0.0112514 	-0.00111394 	-0.000136962
0.785199 	0.011275 	-0.00111445 	-0.000137254
0.786717 	0.0112987 	-0.00111495 	-0.000137546
0.788236 	0.0113223 	-0.00111546 	-0.000137839
0.789755 	0.011346 	-0.00111596 	-0.000138131
0.791274 	0.0113696 	-0.00111646 	-0.000138424
0.792792 	0.0113933 	-0.00111697 	-0.000138716
0.794311 	0.0114168 	-0.0011175 	-0.000139111
0.79583 	0.0114402 	-0.00111807 	-0.000139672
0.797349 	0.0114635 	-0.00111864 	-0.000140233
0.798867 	0.0114868 	-0.00111921 	-0.000140795
0.800386 	0.0115101 	-0.00111978 	-0.000141356
0.801905 	0.0115335 	-0.00112035 	-0.000141917
0.803424 	0.0115568 	-0.00112092 	-0.000142478
0.804942 	0.0115802 	-0.00112148 	-0.000142915
0.806461 	0.0116039 	-0.00112204 	-0.000143099
0.80798 	0.0116276 	-0.00112259 	-0.000143282
0.809499 	0.0116513 	-0.00112314 	-0.000143466
0.811018 	0.011675 	-0.0011237 	-0.00014365
0.812536 	0.0116987 	-0.00112425 	-0.000143833
0.814055 	0.0117224 	-0.00112476 	-0.000143948
0.815574 	0.0117463 	-0.00112513 	-0.000143806
0.817093 	0.0117701 	-0.0011255 	-0.000143665
0.818611 	0.011794 	-0.00112587 	-0.000143523
0.82013 	0.0118178 	-0.00112624 	-0.000143381
0.821649 	0.0118417 	-0.00112661 	-0.000143239
0.823168 	0.0118655 	-0.00112698 	-0.000143097
0.824686 	0.0118893 	-0.00112736 	-0.000142987
0.826205 	0.0119127 	-0.00112777 	-0.000143094
0.827724 	0.011936 	-0.00112819 	-0.000143202
0.829243 	0.0119594 	-0.0011286 	-0.000143309
0.830761 	0.0119827 	-0.00112901 	-0.000143417
0.83228 	0.0120061 	-0.00112942 	-0.000143524
0.833799 	0.0120295 	-0.00112984 	-0.000143632
0.835318 	0.0120528 	-0.00113025 	-0.000143739
0.836836 	0.0120765 	-0.0011307 	-0.000143664
0.838355 	0.0121004 	-0.00113115 	-0.00014355
0.839874 	0.0121242 	-0.00113161 	-0.000143436
0.841393 	0.012148 	-0.00113206 	-0.000143322
0.842911 	0.0121718 	-0.00113252 	-0.000143208
0.84443 	0.0121956 	-0.00113297 	-0.000143094
0.845949 	0.0122196 	-0.00113335 	-0.000142812
0.847468 	0.0122437 	-0.0011337 	-0.000142481
0.848986 	0.0122679 	-0.00113406 	-0.00014215
0.850505 	0.012292 	-0.00113441 	-0.000141819
0.852024 	0.0123161 	-0.00113477 	-0.000141488
0.853543 	0.0123402 	-0.00113512 	-0.000141157
0.855062 	0.0123643 	-0.00113548 	-0.000140826
0.85658 	0.0123882 	-0.00113589 	-0.000140563
0.858099 	0.0124117 	-0.00113636 	-0.000140387
0.859618 	0.0124352 	-0.00113683 	-0.000140211
0.861137 	0.0124587 	-0.00113731 	-0.000140036
0.862655 	0.0124822 	-0.00113778 	-0.00013986
0.864174 	0.0125058 	-0.00113825 	-0.000139684
0.865693 	0.0125293 	-0.00113872 	-0.000139508
0.867212 	0.0125528 	-0.0011392 	-0.000139332
0.86873 	0.0125768 	-0.00113958 	-0.00013904
0.870249 	0.0126008 	-0.00113994 	-0.000138734
0.871768 	0.0126249 	-0.00114031 	-0.000138428
0.873287 	0.012649 	-0.00114068 	-0.000138123
0.874805 	0.012673 	-0.00114105 	-0.000137817
0.876324 	0.0126971 	-0.00114142 	-0.000137512
0.877843 	0.0127214 	-0.00114159 	-0.0001371
0.879362 	0.0127458 	-0.00114174 	-0.000136679
0.88088 	0.0127702 	-0.0011419 	-0.000136257
0.882399 	0.0127946 	-0.00114205 	-0.000135836
0.883918 	0.012819 	-0.0011422 	-0.000135415
0.885437 	0.0128433 	-0.00114236 	-0.000134994
0.886955 	0.0128677 	-0.00114251 	-0.000134573
0.888474 	0.0128919 	-0.0011428 	-0.00013418
0.889993 	0.0129157 	-0.00114332 	-0.000133839
0.891512 	0.0129394 	-0.00114385 	-0.000133499
0.893031 	0.0129632 	-0.00114438 	-0.000133158
0.894549 	0.012987 	-0.00114491 	-0.000132817
0.896068 	0.0130107 	-0.00114543 	-0.000132477
0.897587 	0.0130345 	-0.00114596 	-0.000132136
0.899106 	0.0130583 	-0.00114649 	-0.000131796
0.900624 	0.0130823 	-0.00114685 	-0.00013132
0.902143 	0.0131066 	-0.0011471 	-0.000130739
0.903662 	0.0131308 	-0.00114734 	-0.000130158
0.905181 	0.0131551 	-0.00114758 	-0.000129578
0.906699 	0.0131793 	-0.00114783 	-0.000128997
0.908218 	0.0132036 	-0.00114807 	-0.000128416
0.909737 	0.0132279 	-0.00114807 	-0.000127679
0.911256 	0.0132523 	-0.00114794 	-0.000126863
0.912774 	0.0132767 	-0.00114781 	-0.000126047
0.914293 	0.0133012 	-0.00114768 	-0.000125231
0.915812 	0.0133256 	-0.00114755 	-0.000124415
0.917331 	0.01335 	-0.00114742 	-0.000123599
0.918849 	0.0133744 	-0.00114729 	-0.000122782
0.920368 	0.0133988 	-0.00114716 	-0.000121966
0.921887 	0.0134227 	-0.00114749 	-0.000121098
0.923406 	0.0134465 	-0.0011479 	-0.00012022
0.924924 	0.0134704 	-0.00114831 	-0.000119342
0.926443 	0.0134942 	-0.00114872 	-0.000118465
0.927962 	0.0135181 	-0.00114912 	-0.000117587
0.929481 	0.0135419 	-0.00114953 	-0.000116709
0.930999 	0.0135658 	-0.00114994 	-0.000115832
0.932518 	0.0135896 	-0.00115035 	-0.000114954
0.934037 	0.0136138 	-0.00115048 	-0.000114173
0.935556 	0.0136381 	-0.00115055 	-0.000113413
0.937075 	0.0136624 	-0.00115063 	-0.000112652
0.938593 	0.0136867 	-0.0011507 	-0.000111891
0.940112 	0.013711 	-0.00115077 	-0.000111131
0.941631 	0.0137353 	-0.00115084 	-0.000110371
0.94315 	0.0137597 	-0.00115054 	-0.000109646
0.944668 	0.0137841 	-0.00115024 	-0.000108921
0.946187 	0.0138085 	-0.00114994 	-0.000108197
0.947706 	0.013833 	-0.00114964 	-0.000107472
0.949225 	0.0138574 	-0.00114933 	-0.000106748
0.950743 	0.0138818 	-0.00114903 	-0.000106023
0.952262 	0.0139062 	-0.00114873 	-0.000105299
0.953781 	0.0139306 	-0.00114843 	-0.000104574
0.9553 	0.0139543 	-0.00114865 	-0.000103731
0.956818 	0.0139779 	-0.00114889 	-0.000102883
0.958337 	0.0140016 	-0.00114913 	-0.000102035
0.959856 	0.0140252 	-0.00114937 	-0.000101188
0.961375 	0.0140489 	-0.0011496 	-0.00010034
0.962893 	0.0140725 	-0.00114984 	-9.94926e-05
0.964412 	0.0140962 	-0.00115008 	-9.8645e-05
0.965931 	0.0141199 	-0.00115032 	-9.77974e-05
0.96745 	0.0141441 	-0.00115032 	-9.6974e-05
0.968968 	0.0141685 	-0.00115023 	-9.61601e-05
0.970487 	0.0141929 	-0.00115014 	-9.53462e-05
0.972006 	0.0142173 	-0.00115005 	-9.45323e-05
0.973525 	0.0142417 	-0.00114996 	-9.37184e-05
0.975044 	0.0142661 	-0.00114987 	-9.29045e-05
0.976562 	0.014291 	-0.00114947 	-9.20467e-05
0.978081 	0.0143159 	-0.00114906 	-9.11882e-05
0.9796 	0.0143408 	-0.00114866 	-9.03297e-05
0.981119 	0.0143657 	-0.00114826 	-8.94712e-05
0.982637 	0.0143906 	-0.00114786 	-8.86128e-05
0.984156 	0.0144155 	-0.00114745 	-8.77543e-05
0.985675 	0.0144404 	-0.00114705 	-8.68958e-05
0.987194 	0.0144653 	-0.00114665 	-8.60373e-05
0.988712 	0.0144896 	-0.00114663 	-8.51696e-05
0.990231 	0.0145136 	-0.00114677 	-8.42982e-05
0.99175 	0.0145376 	-0.00114692 	-8.34268e-05
0.993269 	0.0145616 	-0.00114706 	-8.25554e-05
0.994787 	0.0145856 	-0.0011472 	-8.1684e-05
0.996306 	0.0146096 	-0.00114734 	-8.08126e-05
0.997825 	0.0146336 	-0.00114748 	-7.99413e-05
0.999344 	0.0146576 	-0.00114763 	-7.90699e-05
1.00086 	0.0146818 	-0.00114767 	-7.81953e-05
1.00238 	0.0147066 	-0.00114741 	-7.73107e-05
1.0039 	0.0147314 	-0.00114715 	-7.64262e-05
1.00542 	0.0147563 	-0.00114689 	-7.55416e-05
1.00694 	0.0147811 	-0.00114663 	-7.46571e-05
1.00846 	0.0148059 	-0.00114638 	-7.37725e-05
1.00997 	0.014831 	-0.0011459 	-7.2917e-05
1.01149 	0.0148563 	-0.00114528 	-7.20816e-05
1.01301 	0.0148816 	-0.00114466 	-7.12463e-05
1.01453 	0.0149069 	-0.00114404 	-7.04109e-05
1.01605 	0.0149322 	-0.00114342 	-6.95756e-05
1.01757 	0.0149575 	-0.0011428 	-6.87402e-05
1.01909 	0.0149828 	-0.00114218 	-6.79048e-05
1.02061 	0.0150081 	-0.00114156 	-6.70695e-05
1.02213 	0.0150333 	-0.00114099 	-6.62313e-05
1.02364 	0.0150578 	-0.00114092 	-6.53689e-05
1.02516 	0.0150823 	-0.00114084 	-6.45064e-05
1.02668 	0.0151068 	-0.00114077 	-6.36439e-05
1.0282 	0.0151313 	-0.0011407 	-6.27814e-05
1.02972 	0.0151558 	-0.00114063 	-6.1919e-05
1.03124 	0.0151803 	-0.00114055 	-6.10565e-05
1.03276 	0.0152048 	-0.00114048 	-6.0194e-05
1.03428 	0.0152293 	-0.00114041 	-5.93315e-05
1.03579 	0.0152541 	-0.00114017 	-5.84889e-05
1.03731 	0.0152793 	-0.00113973 	-5.76728e-05
1.03883 	0.0153044 	-0.00113928 	-5.68567e-05
1.04035 	0.0153296 	-0.00113883 	-5.60406e-05
1.04187 	0.0153548 	-0.00113839 	-5.52245e-05
1.04339 	0.0153799 	-0.00113794 	-5.44085e-05
1.04491 	0.0154053 	-0.00113719 	-5.37104e-05
1.04643 	0.0154307 	-0.00113639 	-5.3033e-05
1.04794 	0.0154561 	-0.00113558 	-5.23555e-05
1.04946 	0.0154814 	-0.00113478 	-5.1678e-05
1.05098 	0.0155068 	-0.00113397 	-5.10005e-05
1.0525 	0.0155322 	-0.00113317 	-5.0323e-05
1.05402 	0.0155576 	-0.00113237 	-4.96456e-05
1.05554 	0.015583 	-0.00113156 	-4.89681e-05
1.05706 	0.0156083 	-0.00113083 	-4.82799e-05
1.05858 	0.015633 	-0.00113048 	-4.75344e-05
1.06009 	0.0156577 	-0.00113012 	-4.67889e-05
1.06161 	0.0156824 	-0.00112977 	-4.60434e-05
1.06313 	0.0157071 	-0.00112941 	-4.52979e-05
1.06465 	0.0157318 	-0.00112906 	-4.45524e-05
1.06617 	0.0157566 	-0.00112871 	-4.38069e-05
1.06769 	0.0157813 	-0.00112835 	-4.30613e-05
1.06921 	0.015806 	-0.001128 	-4.23158e-05
1.07073 	0.0158308 	-0.00112758 	-4.15747e-05
1.07224 	0.0158558 	-0.00112699 	-4.08448e-05
1.07376 	0.0158808 	-0.00112641 	-4.01148e-05
1.07528 	0.0159058 	-0.00112582 	-3.93848e-05
1.0768 	0.0159308 	-0.00112524 	-3.86548e-05
1.07832 	0.0159558 	-0.00112465 	-3.79248e-05
1.07984 	0.0159808 	-0.00112386 	-3.72325e-05
1.08136 	0.0160057 	-0.00112301 	-3.65504e-05
1.08288 	0.0160306 	-0.00112216 	-3.58684e-05
1.08439 	0.0160556 	-0.00112131 	-3.51863e-05
1.08591 	0.0160805 	-0.00112047 	-3.45043e-05
1.08743 	0.0161054 	-0.00111962 	-3.38222e-05
1.08895 	0.0161304 	-0.00111877 	-3.31401e-05
1.09047 	0.0161553 	-0.00111792 	-3.24581e-05
1.09199 	0.0161802 	-0.00111707 	-3.1776e-05
1.09351 	0.0162047 	-0.00111652 	-3.10363e-05
1.09503 	0.0162292 	-0.001116 	-3.02899e-05
1.09654 	0.0162537 	-0.00111549 	-2.95435e-05
1.09806 	0.0162782 	-0.00111497 	-2.87971e-05
1.09958 	0.0163027 	-0.00111445 	-2.80507e-05
1.1011 	0.0163271 	-0.00111394 	-2.73042e-05
1.10262 	0.0163516 	-0.00111342 	-2.65578e-05
1.10414 	0.0163761 	-0.00111291 	-2.58114e-05
1.10566 	0.0164006 	-0.00111239 	-2.5065e-05
1.10718 	0.0164251 	-0.00111173 	-2.45258e-05
1.10869 	0.0164497 	-0.00111105 	-2.40265e-05
1.11021 	0.0164742 	-0.00111037 	-2.35272e-05
1.11173 	0.0164988 	-0.00110969 	-2.30279e-05
1.11325 	0.0165234 	-0.001109 	-2.25286e-05
1.11477 	0.0165478 	-0.00110823 	-2.2129e-05
1.11629 	0.0165721 	-0.00110732 	-2.18721e-05
1.11781 	0.0165964 	-0.0011064 	-2.16153e-05
1.11933 	0.0166207 	-0.00110549 	-2.13585e-05
1.12084 	0.016645 	-0.00110458 	-2.11017e-05
1.12236 	0.0166693 	-0.00110367 	-2.08449e-05
1.12388 	0.0166936 	-0.00110276 	-2.05881e-05
1.1254 	0.0167179 	-0.00110185 	-2.03312e-05
1.12692 	0.0167422 	-0.00110094 	-2.00744e-05
1.12844 	0.0167664 	-0.00110011 	-1.98127e-05
1.12996 	0.0167904 	-0.00109943 	-1.95412e-05
1.13148 	0.0168143 	-0.00109875 	-1.92698e-05
1.13299 	0.0168382 	-0.00109807 	-1.89983e-05
1.13451 	0.0168622 	-0.00109739 	-1.87269e-05
1.13603 	0.0168861 	-0.00109671 	-1.84555e-05
1.13755 	0.01691 	-0.00109603 	-1.8184e-05
1.13907 	0.016934 	-0.00109535 	-1.79126e-05
1.14059 	0.0169579 	-0.00109467 	-1.76411e-05
1.14211 	0.0169819 	-0.00109398 	-1.73702e-05
1.14363 	0.0170059 	-0.00109319 	-1.71037e-05
1.14514 	0.01703 	-0.0010924 	-1.68371e-05
1.14666 	0.0170541 	-0.0010916 	-1.65706e-05
1.14818 	0.0170781 	-0.00109081 	-1.6304e-05
1.1497 	0.0171022 	-0.00109002 	-1.60375e-05
1.15122 	0.0171261 	-0.0010891 	-1.57313e-05
1.15274 	0.0171501 	-0.00108814 	-1.54118e-05
1.15426 	0.017174 	-0.00108718 	-1.50924e-05
1.15578 	0.0171979 	-0.00108622 	-1.47729e-05
1.15729 	0.0172218 	-0.00108525 	-1.44534e-05
1.15881 	0.0172457 	-0.00108429 	-1.41339e-05
1.16033 	0.0172696 	-0.00108333 	-1.38144e-05
1.16185 	0.0172935 	-0.00108237 	-1.34949e-05
1.16337 	0.0173174 	-0.00108141 	-1.31754e-05
1.16489 	0.017341 	-0.00108051 	-1.28837e-05
1.16641 	0.0173644 	-0.00107969 	-1.2619e-05
1.16793 	0.0173878 	-0.00107886 	-1.23543e-05
1.16944 	0.0174112 	-0.00107803 	-1.20895e-05
1.17096 	0.0174346 	-0.0010772 	-1.18248e-05
1.17248 	0.017458 	-0.00107638 	-1.15601e-05
1.174 	0.0174814 	-0.00107555 	-1.12954e-05
1.17552 	0.0175048 	-0.00107472 	-1.10306e-05
1.17704 	0.0175282 	-0.00107389 	-1.07659e-05
1.17856 	0.0175516 	-0.00107305 	-1.04833e-05
1.18008 	0.0175753 	-0.00107214 	-1.00744e-05
1.18159 	0.0175989 	-0.00107123 	-9.66544e-06
1.18311 	0.0176226 	-0.00107032 	-9.25651e-06
1.18463 	0.0176462 	-0.00106941 	-8.84759e-06
1.18615 	0.0176699 	-0.0010685 	-8.43866e-06
1.18767 	0.0176936 	-0.00106751 	-7.85236e-06
1.18919 	0.0177173 	-0.00106649 	-7.22701e-06
1.19071 	0.017741 	-0.00106547 	-6.60167e-06
1.19223 	0.0177647 	-0.00106446 	-5.97632e-06
1.19374 	0.0177884 	-0.00106344 	-5.35098e-06
1.19526 	0.0178121 	-0.00106243 	-4.72563e-06
1.19678 	0.0178358 	-0.00106141 	-4.10029e-06
1.1983 	0.0178596 	-0.0010604 	-3.47494e-06
1.19982 	0.0178833 	-0.00105938 	-2.8496e-06
1.20134 	0.0179067 	-0.0010584 	-2.25231e-06
1.20286 	0.0179298 	-0.00105747 	-1.69303e-06
1.20438 	0.0179529 	-0.00105653 	-1.13375e-06
1.20589 	0.017976 	-0.0010556 	-5.74471e-07
1.20741 	0.0179991 	-0.00105467 	-1.51901e-08
1.20893 	0.0180222 	-0.00105373 	5.44091e-07
1.21045 	0.0180453 	-0.0010528 	1.10337e-06
1.21197 	0.0180684 	-0.00105186 	1.66265e-06
1.21349 	0.0180915 	-0.00105093 	2.22193e-06
1.21501 	0.0181146 	-0.00104999 	2.78121e-06
1.21653 	0.0181381 	-0.00104896 	3.42366e-06
1.21805 	0.0181617 	-0.00104791 	4.07508e-06
1.21956 	0.0181853 	-0.00104686 	4.72651e-06
1.22108 	0.0182089 	-0.00104581 	5.37794e-06
1.2226 	0.0182325 	-0.00104476 	6.02936e-06
1.22412 	0.0182563 	-0.00104367 	6.77506e-06
1.22564 	0.0182802 	-0.00104255 	7.57216e-06
1.22716 	0.018304 	-0.00104143 	8.36927e-06
1.22868 	0.0183279 	-0.00104032 	9.16638e-06
1.2302 	0.0183518 	-0.0010392 	9.96348e-06
1.23171 	0.0183756 	-0.00103808 	1.07606e-05
1.23323 	0.0183995 	-0.00103697 	1.15577e-05
1.23475 	0.0184234 	-0.00103585 	1.23548e-05
1.23627 	0.0184472 	-0.00103473 	1.31519e-05
1.23779 	0.018471 	-0.00103362 	1.3942e-05
1.23931 	0.0184943 	-0.00103259 	1.46784e-05
1.24083 	0.0185175 	-0.00103156 	1.54148e-05
1.24235 	0.0185407 	-0.00103053 	1.61511e-05
1.24386 	0.018564 	-0.0010295 	1.68875e-05
1.24538 	0.0185872 	-0.00102846 	1.76238e-05
1.2469 	0.0186104 	-0.00102743 	1.83602e-05
1.24842 	0.0186337 	-0.0010264 	1.90966e-05
1.24994 	0.0186569 	-0.00102537 	1.98329e-05
1.25146 	0.0186801 	-0.00102434 	2.05693e-05
1.25298 	0.0187036 	-0.00102323 	2.1313e-05
1.2545 	0.0187272 	-0.00102203 	2.2065e-05
1.25601 	0.0187508 	-0.00102083 	2.2817e-05
1.25753 	0.0187744 	-0.00101963 	2.35689e-05
1.25905 	0.018798 	-0.00101843 	2.43209e-05
1.26057 	0.0188216 	-0.00101721 	2.50908e-05
1.26209 	0.0188453 	-0.00101593 	2.5913e-05
1.26361 	0.0188689 	-0.00101465 	2.67352e-05
1.26513 	0.0188926 	-0.00101337 	2.75574e-05
1.26665 	0.0189162 	-0.00101209 	2.83796e-05
1.26816 	0.0189398 	-0.00101081 	2.92019e-05
1.26968 	0.0189635 	-0.00100953 	3.00241e-05
1.2712 	0.0189871 	-0.00100825 	3.08463e-05
1.27272 	0.0190108 	-0.00100697 	3.16685e-05
1.27424 	0.0190344 	-0.00100569 	3.24907e-05
1.27576 	0.0190577 	-0.00100448 	3.32432e-05
1.27728 	0.0190807 	-0.0010033 	3.39497e-05
1.2788 	0.0191038 	-0.00100213 	3.46562e-05
1.28031 	0.0191269 	-0.00100096 	3.53627e-05
1.28183 	0.0191499 	-0.000999789 	3.60691e-05
1.28335 	0.019173 	-0.000998617 	3.67756e-05
1.28487 	0.019196 	-0.000997445 	3.74821e-05
1.28639 	0.0192191 	-0.000996273 	3.81885e-05
1.28791 	0.0192422 	-0.000995101 	3.8895e-05
1.28943 	0.0192652 	-0.000993929 	3.96015e-05
1.29095 	0.0192884 	-0.000992631 	4.03546e-05
1.29246 	0.0193115 	-0.000991311 	4.11157e-05
1.29398 	0.0193347 	-0.000989991 	4.18768e-05
1.2955 	0.0193579 	-0.000988671 	4.26379e-05
1.29702 	0.019381 	-0.000987351 	4.3399e-05
1.29854 	0.019404 	-0.000985974 	4.42028e-05
1.30006 	0.0194268 	-0.000984567 	4.50279e-05
1.30158 	0.0194497 	-0.00098316 	4.5853e-05
1.3031 	0.0194726 	-0.000981753 	4.66781e-05
1.30461 	0.0194954 	-0.000980347 	4.75032e-05
1.30613 	0.0195183 	-0.00097894 	4.83283e-05
1.30765 	0.0195412 	-0.000977533 	4.91534e-05
1.30917 	0.019564 	-0.000976126 	4.99786e-05
1.31069 	0.0195869 	-0.000974719 	5.08037e-05
1.31221 	0.0196097 	-0.000973313 	5.16288e-05
1.31373 	0.0196321 	-0.000972042 	5.23727e-05
1.31525 	0.0196545 	-0.000970784 	5.31087e-05
1.31676 	0.0196769 	-0.000969527 	5.38447e-05
1.31828 	0.0196992 	-0.000968269 	5.45808e-05
1.3198 	0.0197216 	-0.000967012 	5.53168e-05
1.32132 	0.019744 	-0.000965754 	5.60528e-05
1.32284 	0.0197663 	-0.000964496 	5.67889e-05
1.32436 	0.0197887 	-0.000963239 	5.75249e-05
1.32588 	0.0198111 	-0.000961981 	5.8261e-05
1.3274 	0.0198334 	-0.000960709 	5.89965e-05
1.32891 	0.0198559 	-0.000959266 	5.97266e-05
1.33043 	0.0198783 	-0.000957823 	6.04567e-05
1.33195 	0.0199008 	-0.000956379 	6.11868e-05
1.33347 	0.0199232 	-0.000954936 	6.19169e-05
1.33499 	0.0199457 	-0.000953493 	6.2647e-05
1.33651 	0.0199678 	-0.000951931 	6.33313e-05
1.33803 	0.01999 	-0.000950357 	6.40108e-05
1.33955 	0.0200121 	-0.000948783 	6.46903e-05
1.34106 	0.0200343 	-0.000947209 	6.53699e-05
1.34258 	0.0200564 	-0.000945635 	6.60494e-05
1.3441 	0.0200786 	-0.000944061 	6.67289e-05
1.34562 	0.0201007 	-0.000942487 	6.74085e-05
1.34714 	0.0201229 	-0.000940913 	6.8088e-05
1.34866 	0.0201451 	-0.000939339 	6.87676e-05
1.35018 	0.0201672 	-0.000937779 	6.94495e-05
1.3517 	0.0201888 	-0.0009364 	7.01639e-05
1.35321 	0.0202104 	-0.000935022 	7.08782e-05
1.35473 	0.0202321 	-0.000933643 	7.15925e-05
1.35625 	0.0202537 	-0.000932264 	7.23069e-05
1.35777 	0.0202754 	-0.000930885 	7.30212e-05
1.35929 	0.020297 	-0.000929506 	7.37355e-05
1.36081 	0.0203186 	-0.000928128 	7.44498e-05
1.36233 	0.0203403 	-0.000926749 	7.51642e-05
1.36385 	0.0203619 	-0.00092537 	7.58785e-05
1.36536 	0.0203836 	-0.00092396 	7.65521e-05
1.36688 	0.0204053 	-0.000922396 	7.7028e-05
1.3684 	0.0204271 	-0.000920833 	7.75039e-05
1.36992 	0.0204488 	-0.000919269 	7.79798e-05
1.37144 	0.0204706 	-0.000917706 	7.84557e-05
1.37296 	0.0204923 	-0.000916142 	7.89305e-05
1.37448 	0.0205139 	-0.000914467 	7.91428e-05
1.376 	0.0205355 	-0.000912793 	7.93552e-05
1.37751 	0.0205571 	-0.000911118 	7.95675e-05
1.37903 	0.0205787 	-0.000909443 	7.97799e-05
1.38055 	0.0206003 	-0.000907768 	7.99923e-05
1.38207 	0.0206219 	-0.000906094 	8.02046e-05
1.38359 	0.0206435 	-0.000904419 	8.0417e-05
1.38511 	0.020665 	-0.000902744 	8.06293e-05
1.38663 	0.0206866 	-0.000901069 	8.08417e-05
1.38815 	0.0207082 	-0.000899411 	8.10684e-05
1.38966 	0.0207293 	-0.000897892 	8.14199e-05
1.39118 	0.0207504 	-0.000896372 	8.17715e-05
1.3927 	0.0207715 	-0.000894853 	8.2123e-05
1.39422 	0.0207926 	-0.000893334 	8.24746e-05
1.39574 	0.0208137 	-0.000891815 	8.28261e-05
1.39726 	0.0208348 	-0.000890296 	8.31776e-05
1.39878 	0.0208559 	-0.000888777 	8.35292e-05
1.4003 	0.020877 	-0.000887257 	8.38807e-05
1.40181 	0.0208981 	-0.000885738 	8.42323e-05
1.40333 	0.0209191 	-0.000884208 	8.45138e-05
1.40485 	0.0209401 	-0.00088262 	8.44212e-05
1.40637 	0.0209611 	-0.000881033 	8.43287e-05
1.40789 	0.0209821 	-0.000879445 	8.42362e-05
1.40941 	0.0210031 	-0.000877857 	8.41437e-05
1.41093 	0.021024 	-0.000876269 	8.40512e-05
1.41245 	0.0210448 	-0.000874658 	8.36087e-05
1.41396 	0.0210655 	-0.000873047 	8.316e-05
1.41548 	0.0210863 	-0.000871436 	8.27114e-05
1.417 	0.021107 	-0.000869825 	8.22627e-05
1.41852 	0.0211278 	-0.000868214 	8.18141e-05
1.42004 	0.0211485 	-0.000866603 	8.13655e-05
1.42156 	0.0211693 	-0.000864992 	8.09168e-05
1.42308 	0.02119 	-0.000863381 	8.04682e-05
1.4246 	0.0212108 	-0.00086177 	8.00195e-05
1.42612 	0.0212315 	-0.000860163 	7.95791e-05
1.42763 	0.0212519 	-0.000858658 	7.93486e-05
1.42915 	0.0212723 	-0.000857153 	7.91182e-05
1.43067 	0.0212927 	-0.000855648 	7.88878e-05
1.43219 	0.0213131 	-0.000854144 	7.86574e-05
1.43371 	0.0213335 	-0.000852639 	7.84269e-05
1.43523 	0.0213539 	-0.000851134 	7.81965e-05
1.43675 	0.0213743 	-0.000849629 	7.79661e-05
1.43827 	0.0213947 	-0.000848125 	7.77357e-05
1.43978 	0.0214151 	-0.00084662 	7.75052e-05
1.4413 	0.0214355 	-0.000845113 	7.72558e-05
1.44282 	0.0214555 	-0.000843581 	7.67385e-05
1.44434 	0.0214756 	-0.000842049 	7.62212e-05
1.44586 	0.0214956 	-0.000840517 	7.5704e-05
1.44738 	0.0215156 	-0.000838984 	7.51867e-05
1.4489 	0.0215356 	-0.000837452 	7.46695e-05
1.45042 	0.0215553 	-0.000835909 	7.39806e-05
1.45193 	0.0215749 	-0.000834364 	7.32662e-05
1.45345 	0.0215945 	-0.00083282 	7.25518e-05
1.45497 	0.0216141 	-0.000831275 	7.18373e-05
1.45649 	0.0216337 	-0.000829731 	7.11229e-05
1.45801 	0.0216534 	-0.000828186 	7.04085e-05
1.45953 	0.021673 	-0.000826641 	6.96941e-05
1.46105 	0.0216926 	-0.000825097 	6.89796e-05
1.46257 	0.0217122 	-0.000823552 	6.82652e-05
1.46408 	0.0217318 	-0.000822007 	6.75508e-05
1.4656 	0.0217512 	-0.000820576 	6.70078e-05
1.46712 	0.0217705 	-0.000819157 	6.64838e-05
1.46864 	0.0217899 	-0.000817738 	6.59598e-05
1.47016 	0.0218092 	-0.000816319 	6.54357e-05
1.47168 	0.0218285 	-0.000814899 	6.49117e-05
1.4732 	0.0218479 	-0.00081348 	6.43876e-05
1.47472 	0.0218672 	-0.000812061 	6.38636e-05
1.47623 	0.0218866 	-0.000810642 	6.33395e-05
1.47775 	0.0219059 	-0.000809223 	6.28155e-05
1.47927 	0.0219252 	-0.000807804 	6.22914e-05
1.48079 	0.0219442 	-0.000806354 	6.17332e-05
1.48231 	0.0219632 	-0.000804901 	6.11722e-05
1.48383 	0.0219822 	-0.000803448 	6.06112e-05
1.48535 	0.0220011 	-0.000801996 	6.00502e-05
1.48687 	0.0220201 	-0.000800543 	5.94892e-05
1.48838 	0.0220388 	-0.000799072 	5.88867e-05
1.4899 	0.0220574 	-0.000797593 	5.82658e-05
1.49142 	0.022076 	-0.000796114 	5.76449e-05
1.49294 	0.0220946 	-0.000794635 	5.70241e-05
1.49446 	0.0221132 	-0.000793156 	5.64032e-05
1.49598 	0.0221318 	-0.000791676 	5.57824e-05
1.4975 	0.0221504 	-0.000790197 	5.51615e-05
1.49902 	0.022169 	-0.000788718 	5.45406e-05
1.50053 	0.0221876 	-0.000787239 	5.39198e-05
1.50205 	0.0222062 	-0.00078576 	5.32989e-05
1.50357 	0.0222245 	-0.000784404 	5.27646e-05
1.50509 	0.0222429 	-0.000783095 	5.22637e-05
1.50661 	0.0222612 	-0.000781787 	5.17629e-05
1.50813 	0.0222795 	-0.000780478 	5.12621e-05
1.50965 	0.0222978 	-0.000779169 	5.07613e-05
1.51117 	0.0223161 	-0.000777861 	5.02605e-05
1.51268 	0.0223344 	-0.000776552 	4.97596e-05
1.5142 	0.0223527 	-0.000775243 	4.92588e-05
1.51572 	0.022371 	-0.000773935 	4.8758e-05
1.51724 	0.0223893 	-0.000772626 	4.82572e-05
1.51876 	0.0224074 	-0.000771239 	4.77112e-05
1.52028 	0.0224254 	-0.000769827 	4.71509e-05
1.5218 	0.0224435 	-0.000768414 	4.65905e-05
1.52332 	0.0224616 	-0.000767002 	4.60301e-05
1.52483 	0.0224796 	-0.00076559 	4.54698e-05
1.52635 	0.0224975 	-0.000764143 	4.48834e-05
1.52787 	0.0225153 	-0.000762658 	4.4269e-05
1.52939 	0.022533 	-0.000761173 	4.36546e-05
1.53091 	0.0225507 	-0.000759688 	4.30401e-05
1.53243 	0.0225685 	-0.000758204 	4.24257e-05
1.53395 	0.0225862 	-0.000756719 	4.18113e-05
1.53547 	0.022604 	-0.000755234 	4.11968e-05
1.53698 	0.0226217 	-0.000753749 	4.05824e-05
1.5385 	0.0226394 	-0.000752264 	3.9968e-05
1.54002 	0.0226572 	-0.000750779 	3.93535e-05
1.54154 	0.0226748 	-0.000749396 	3.88e-05
1.54306 	0.0226922 	-0.000748106 	3.83018e-05
1.54458 	0.0227096 	-0.000746816 	3.78036e-05
1.5461 	0.022727 	-0.000745525 	3.73053e-05
1.54762 	0.0227444 	-0.000744235 	3.68071e-05
1.54913 	0.0227618 	-0.000742945 	3.63089e-05
1.55065 	0.0227792 	-0.000741654 	3.58106e-05
1.55217 	0.0227966 	-0.000740364 	3.53124e-05
1.55369 	0.022814 	-0.000739074 	3.48142e-05
1.55521 	0.0228314 	-0.000737783 	3.43159e-05
1.55673 	0.0228488 	-0.000736401 	3.37887e-05
1.55825 	0.0228662 	-0.000734958 	3.32419e-05
1.55977 	0.0228836 	-0.000733514 	3.2695e-05
1.56128 	0.022901 	-0.00073207 	3.21482e-05
1.5628 	0.0229184 	-0.000730626 	3.16013e-05
1.56432 	0.0229358 	-0.000729164 	3.10694e-05
1.56584 	0.022953 	-0.000727647 	3.058e-05
1.56736 	0.0229703 	-0.000726131 	3.00905e-05
1.56888 	0.0229876 	-0.000724615 	2.96011e-05
1.5704 	0.0230048 	-0.000723098 	2.91117e-05
1.57192 	0.0230221 	-0.000721582 	2.86223e-05
1.57343 	0.0230393 	-0.000720066 	2.81329e-05
1.57495 	0.0230566 	-0.00071855 	2.76435e-05
1.57647 	0.0230739 	-0.000717033 	2.71541e-05
1.57799 	0.0230911 	-0.000715517 	2.66647e-05
1.57951 	0.0231083 	-0.000714061 	2.62e-05
1.58103 	0.0231252 	-0.000712722 	2.57833e-05
1.58255 	0.0231421 	-0.000711383 	2.53666e-05
1.58407 	0.023159 	-0.000710044 	2.49499e-05
1.58558 	0.0231759 	-0.000708705 	2.45332e-05
1.5871 	0.0231928 	-0.000707366 	2.41166e-05
1.58862 	0.0232097 	-0.000706027 	2.36999e-05
1.59014 	0.0232266 	-0.000704687 	2.32832e-05
1.59166 	0.0232435 	-0.000703348 	2.28665e-05
1.59318 	0.0232604 	-0.000702009 	2.24498e-05
1.5947 	0.0232773 	-0.000700608 	2.20117e-05
1.59622 	0.023294 	-0.000699134 	2.15489e-05
1.59773 	0.0233108 	-0.000697661 	2.10861e-05
1.59925 	0.0233276 	-0.000696187 	2.06233e-05
1.60077 	0.0233443 	-0.000694713 	2.01605e-05
1.60229 	0.0233611 	-0.000693238 	1.96993e-05
1.60381 	0.0233776 	-0.000691726 	1.92649e-05
1.60533 	0.0233941 	-0.000690213 	1.88304e-05
1.60685 	0.0234106 	-0.000688701 	1.83959e-05
1.60837 	0.0234271 	-0.000687189 	1.79614e-05
1.60988 	0.0234436 	-0.000685677 	1.75269e-05
1.6114 	0.0234602 	-0.000684165 	1.70924e-05
1.61292 	0.0234767 	-0.000682653 	1.66579e-05
1.61444 	0.0234932 	-0.00068114 	1.62234e-05
1.61596 	0.0235097 	-0.000679628 	1.5789e-05
1.61748 	0.0235261 	-0.000678144 	1.53417e-05
1.619 	0.0235423 	-0.000676779 	1.48407e-05
1.62052 	0.0235585 	-0.000675414 	1.43397e-05
1.62204 	0.0235747 	-0.000674048 	1.38387e-05
1.62355 	0.0235909 	-0.000672683 	1.33378e-05
1.62507 	0.0236071 	-0.000671318 	1.28368e-05
1.62659 	0.0236233 	-0.000669953 	1.23358e-05
1.62811 	0.0236395 	-0.000668587 	1.18349e-05
1.62963 	0.0236557 	-0.000667222 	1.13339e-05
1.63115 	0.0236719 	-0.000665857 	1.08329e-05
1.63267 	0.023688 	-0.000664456 	1.03632e-05
1.63419 	0.023704 	-0.000662999 	9.94224e-06
1.6357 	0.0237201 	-0.000661542 	9.52123e-06
1.63722 	0.0237361 	-0.000660086 	9.10023e-06
1.63874 	0.0237521 	-0.000658629 	8.67922e-06
1.64026 	0.0237681 	-0.000657172 	8.25821e-06
1.64178 	0.0237839 	-0.000655708 	7.90231e-06
1.6433 	0.0237997 	-0.000654242 	7.5535e-06
1.64482 	0.0238155 	-0.000652777 	7.20469e-06
1.64634 	0.0238313 	-0.000651312 	6.85588e-06
1.64785 	0.0238472 	-0.000649846 	6.50707e-06
1.64937 	0.023863 	-0.000648381 	6.15826e-06
1.65089 	0.0238788 	-0.000646915 	5.80945e-06
1.65241 	0.0238946 	-0.00064545 	5.46064e-06
1.65393 	0.0239104 	-0.000643985 	5.11183e-06
1.65545 	0.0239261 	-0.000642537 	4.74733e-06
1.65697 	0.0239417 	-0.000641228 	4.25853e-06
1.65849 	0.0239572 	-0.00063992 	3.76973e-06
1.66 	0.0239727 	-0.000638612 	3.28093e-06
1.66152 	0.0239882 	-0.000637303 	2.79213e-06
1.66304 	0.0240037 	-0.000635995 	2.30333e-06
1.66456 	0.0240192 	-0.000634687 	1.81453e-06
1.66608 	0.0240347 	-0.000633379 	1.32573e-06
1.6676 	0.0240502 	-0.00063207 	8.3693e-07
1.66912 	0.0240658 	-0.000630762 	3.48129e-07
1.67064 	0.0240812 	-0.000629419 	-8.33405e-08
1.67215 	0.0240965 	-0.000628025 	-4.29496e-07
1.67367 	0.0241118 	-0.000626631 	-7.75652e-07
1.67519 	0.0241271 	-0.000625237 	-1.12181e-06
1.67671 	0.0241424 	-0.000623843 	-1.46796e-06
1.67823 	0.0241577 	-0.000622449 	-1.81412e-06
1.67975 	0.0241728 	-0.000621041 	-2.06965e-06
1.68127 	0.024188 	-0.00061963 	-2.30533e-06
1.68279 	0.0242031 	-0.000618219 	-2.54101e-06
1.6843 	0.0242182 	-0.000616808 	-2.77669e-06
1.68582 	0.0242333 	-0.000615397 	-3.01237e-06
1.68734 	0.0242484 	-0.000613986 	-3.24805e-06
1.68886 	0.0242636 	-0.000612575 	-3.48373e-06
1.69038 	0.0242787 	-0.000611164 	-3.71941e-06
1.6919 	0.0242938 	-0.000609753 	-3.95509e-06
1.69342 	0.0243089 	-0.000608365 	-4.19796e-06
1.69494 	0.0243237 	-0.000607144 	-4.49168e-06
1.69645 	0.0243386 	-0.000605923 	-4.7854e-06
1.69797 	0.0243534 	-0.000604702 	-5.07912e-06
1.69949 	0.0243682 	-0.00060348 	-5.37283e-06
1.70101 	0.0243831 	-0.000602259 	-5.66655e-06
1.70253 	0.0243979 	-0.000601038 	-5.96027e-06
1.70405 	0.0244128 	-0.000599817 	-6.25399e-06
1.70557 	0.0244276 	-0.000598595 	-6.5477e-06
1.70709 	0.0244424 	-0.000597374 	-6.84142e-06
1.7086 	0.0244571 	-0.000596095 	-7.14692e-06
1.71012 	0.0244715 	-0.000594762 	-7.46318e-06
1.71164 	0.024486 	-0.00059343 	-7.77944e-06
1.71316 	0.0245004 	-0.000592097 	-8.09569e-06
1.71468 	0.0245149 	-0.000590765 	-8.41195e-06
1.7162 	0.0245293 	-0.000589432 	-8.72821e-06
1.71772 	0.0245434 	-0.000588068 	-9.07624e-06
1.71924 	0.0245575 	-0.000586697 	-9.43032e-06
1.72075 	0.0245715 	-0.000585326 	-9.7844e-06
1.72227 	0.0245856 	-0.000583955 	-1.01385e-05
1.72379 	0.0245996 	-0.000582584 	-1.04926e-05
1.72531 	0.0246136 	-0.000581213 	-1.08466e-05
1.72683 	0.0246277 	-0.000579842 	-1.12007e-05
1.72835 	0.0246417 	-0.000578472 	-1.15548e-05
1.72987 	0.0246558 	-0.000577101 	-1.19089e-05
1.73139 	0.0246698 	-0.000575776 	-1.22734e-05
1.7329 	0.0246835 	-0.000574584 	-1.26684e-05
1.73442 	0.0246973 	-0.000573393 	-1.30635e-05
1.73594 	0.0247111 	-0.000572202 	-1.34585e-05
1.73746 	0.0247249 	-0.00057101 	-1.38535e-05
1.73898 	0.0247386 	-0.000569819 	-1.42486e-05
1.7405 	0.0247524 	-0.000568628 	-1.46436e-05
1.74202 	0.0247662 	-0.000567437 	-1.50386e-05
1.74354 	0.02478 	-0.000566245 	-1.54337e-05
1.74505 	0.0247937 	-0.000565054 	-1.58287e-05
1.74657 	0.0248073 	-0.000563786 	-1.60934e-05
1.74809 	0.0248208 	-0.000562496 	-1.6321e-05
1.74961 	0.0248343 	-0.000561205 	-1.65487e-05
1.75113 	0.0248478 	-0.000559915 	-1.67764e-05
1.75265 	0.0248613 	-0.000558625 	-1.70041e-05
1.75417 	0.0248748 	-0.000557334 	-1.72317e-05
1.75569 	0.0248881 	-0.000556023 	-1.73271e-05
1.7572 	0.0249013 	-0.00055471 	-1.74208e-05
1.75872 	0.0249145 	-0.000553398 	-1.75146e-05
1.76024 	0.0249277 	-0.000552086 	-1.76083e-05
1.76176 	0.024941 	-0.000550774 	-1.77021e-05
1.76328 	0.0249542 	-0.000549462 	-1.77958e-05
1.7648 	0.0249674 	-0.00054815 	-1.78895e-05
1.76632 	0.0249806 	-0.000546837 	-1.79833e-05
1.76784 	0.0249938 	-0.000545525 	-1.8077e-05
1.76935 	0.025007 	-0.000544294 	-1.82396e-05
1.77087 	0.02502 	-0.000543133 	-1.84631e-05
1.77239 	0.025033 	-0.000541973 	-1.86867e-05
1.77391 	0.025046 	-0.000540813 	-1.89103e-05
1.77543 	0.025059 	-0.000539653 	-1.91339e-05
1.77695 	0.025072 	-0.000538493 	-1.93574e-05
1.77847 	0.025085 	-0.000537333 	-1.9581e-05
1.77999 	0.025098 	-0.000536172 	-1.98046e-05
1.7815 	0.025111 	-0.000535012 	-2.00281e-05
1.78302 	0.025124 	-0.000533838 	-2.02218e-05
1.78454 	0.0251367 	-0.000532608 	-2.02927e-05
1.78606 	0.0251494 	-0.000531378 	-2.03635e-05
1.78758 	0.0251621 	-0.000530148 	-2.04343e-05
1.7891 	0.0251748 	-0.000528918 	-2.05052e-05
1.79062 	0.0251875 	-0.000527687 	-2.0576e-05
1.79214 	0.0252001 	-0.000526456 	-2.06162e-05
1.79365 	0.0252125 	-0.000525221 	-2.0581e-05
1.79517 	0.025225 	-0.000523986 	-2.05458e-05
1.79669 	0.0252374 	-0.000522751 	-2.05106e-05
1.79821 	0.0252498 	-0.000521516 	-2.04755e-05
1.79973 	0.0252623 	-0.000520281 	-2.04403e-05
1.80125 	0.0252747 	-0.000519045 	-2.04051e-05
1.80277 	0.0252871 	-0.00051781 	-2.037e-05
1.80429 	0.0252996 	-0.000516575 	-2.03348e-05
1.8058 	0.025312 	-0.00051534 	-2.02996e-05
1.80732 	0.0253243 	-0.000514238 	-2.03555e-05
1.80884 	0.0253365 	-0.00051314 	-2.04138e-05
1.81036 	0.0253488 	-0.000512042 	-2.04721e-05
1.81188 	0.025361 	-0.000510943 	-2.05303e-05
1.8134 	0.0253733 	-0.000509845 	-2.05886e-05
1.81492 	0.0253856 	-0.000508746 	-2.06469e-05
1.81644 	0.0253978 	-0.000507648 	-2.07051e-05
1.81795 	0.0254101 	-0.000506549 	-2.07634e-05
1.81947 	0.0254224 	-0.000505451 	-2.08216e-05
1.82099 	0.0254344 	-0.000504297 	-2.09039e-05
1.82251 	0.0254464 	-0.00050313 	-2.09922e-05
1.82403 	0.0254584 	-0.000501963 	-2.10806e-05
1.82555 	0.0254704 	-0.000500796 	-2.11689e-05
1.82707 	0.0254824 	-0.000499628 	-2.12572e-05
1.82859 	0.0254944 	-0.000498461 	-2.13456e-05
1.83011 	0.0255062 	-0.000497292 	-2.14532e-05
1.83162 	0.025518 	-0.000496123 	-2.15665e-05
1.83314 	0.0255297 	-0.000494953 	-2.16798e-05
1.83466 	0.0255415 	-0.000493783 	-2.17932e-05
1.83618 	0.0255533 	-0.000492614 	-2.19065e-05
1.8377 	0.0255651 	-0.000491444 	-2.20198e-05
1.83922 	0.0255768 	-0.000490275 	-2.21331e-05
1.84074 	0.0255886 	-0.000489105 	-2.22465e-05
1.84226 	0.0256004 	-0.000487936 	-2.23598e-05
1.84377 	0.025612 	-0.000486843 	-2.24817e-05
1.84529 	0.0256236 	-0.0004858 	-2.26091e-05
1.84681 	0.0256352 	-0.000484756 	-2.27364e-05
1.84833 	0.0256468 	-0.000483712 	-2.28638e-05
1.84985 	0.0256584 	-0.000482668 	-2.29911e-05
1.85137 	0.02567 	-0.000481624 	-2.31185e-05
1.85289 	0.0256816 	-0.00048058 	-2.32458e-05
1.85441 	0.0256932 	-0.000479537 	-2.33732e-05
1.85592 	0.0257048 	-0.000478493 	-2.35006e-05
1.85744 	0.0257163 	-0.000477408 	-2.35958e-05
1.85896 	0.0257277 	-0.000476295 	-2.36702e-05
1.86048 	0.0257391 	-0.000475183 	-2.37446e-05
1.862 	0.0257506 	-0.000474071 	-2.3819e-05
1.86352 	0.025762 	-0.000472958 	-2.38934e-05
1.86504 	0.0257734 	-0.000471846 	-2.39678e-05
1.86656 	0.0257848 	-0.000470735 	-2.40107e-05
1.86807 	0.0257961 	-0.000469626 	-2.40161e-05
1.86959 	0.0258074 	-0.000468517 	-2.40214e-05
1.87111 	0.0258187 	-0.000467408 	-2.40268e-05
1.87263 	0.02583 	-0.000466299 	-2.40322e-05
1.87415 	0.0258414 	-0.000465189 	-2.40375e-05
1.87567 	0.0258527 	-0.00046408 	-2.40429e-05
1.87719 	0.025864 	-0.000462971 	-2.40483e-05
1.87871 	0.0258753 	-0.000461862 	-2.40536e-05
1.88022 	0.0258865 	-0.000460816 	-2.40668e-05
1.88174 	0.0258976 	-0.00045984 	-2.40887e-05
1.88326 	0.0259088 	-0.000458864 	-2.41106e-05
1.88478 	0.0259199 	-0.000457888 	-2.41326e-05
1.8863 	0.025931 	-0.000456912 	-2.41545e-05
1.88782 	0.0259421 	-0.000455936 	-2.41764e-05
1.88934 	0.0259532 	-0.000454961 	-2.41984e-05
1.89086 	0.0259644 	-0.000453985 	-2.42203e-05
1.89237 	0.0259755 	-0.000453009 	-2.42422e-05
1.89389 	0.0259864 	-0.000451983 	-2.42008e-05
1.89541 	0.0259973 	-0.000450929 	-2.41245e-05
1.89693 	0.0260082 	-0.000449875 	-2.40481e-05
1.89845 	0.0260191 	-0.000448821 	-2.39717e-05
1.89997 	0.02603 	-0.000447767 	-2.38954e-05
1.90149 	0.0260408 	-0.000446714 	-2.3819e-05
1.90301 	0.0260516 	-0.000445657 	-2.37071e-05
1.90452 	0.0260623 	-0.000444595 	-2.35344e-05
1.90604 	0.026073 	-0.000443533 	-2.33617e-05
1.90756 	0.0260837 	-0.000442471 	-2.31891e-05
1.90908 	0.0260944 	-0.000441409 	-2.30164e-05
1.9106 	0.0261051 	-0.000440347 	-2.28437e-05
1.91212 	0.0261158 	-0.000439285 	-2.26711e-05
1.91364 	0.0261265 	-0.000438223 	-2.24984e-05
1.91516 	0.0261372 	-0.000437161 	-2.23257e-05
1.91667 	0.0261478 	-0.000436168 	-2.2165e-05
1.91819 	0.0261583 	-0.000435227 	-2.20133e-05
1.91971 	0.0261688 	-0.000434286 	-2.18616e-05
1.92123 	0.0261794 	-0.000433344 	-2.17098e-05
1.92275 	0.0261899 	-0.000432403 	-2.15581e-05
1.92427 	0.0262004 	-0.000431462 	-2.14064e-05
1.92579 	0.0262109 	-0.000430521 	-2.12547e-05
1.92731 	0.0262215 	-0.00042958 	-2.1103e-05
1.92882 	0.026232 	-0.000428639 	-2.09513e-05
1.93034 	0.0262423 	-0.000427658 	-2.07132e-05
1.93186 	0.0262525 	-0.000426674 	-2.0469e-05
1.93338 	0.0262628 	-0.00042569 	-2.02248e-05
1.9349 	0.0262731 	-0.000424706 	-1.99807e-05
1.93642 	0.0262833 	-0.000423722 	-1.97365e-05
1.93794 	0.0262936 	-0.000422739 	-1.94924e-05
1.93946 	0.0263037 	-0.000421766 	-1.91975e-05
1.94097 	0.0263138 	-0.000420802 	-1.88584e-05
1.94249 	0.0263239 	-0.000419839 	-1.85193e-05
1.94401 	0.0263339 	-0.000418876 	-1.81802e-05
1.94553 	0.026344 	-0.000417913 	-1.78411e-05
1.94705 	0.0263541 	-0.000416949 	-1.7502e-05
1.94857 	0.0263642 	-0.000415986 	-1.71629e-05
1.95009 	0.0263742 	-0.000415023 	-1.68238e-05
1.95161 	0.0263843 	-0.000414059 	-1.64848e-05
1.95312 	0.0263943 	-0.00041318 	-1.61488e-05
1.95464 	0.0264042 	-0.000412308 	-1.58132e-05
1.95616 	0.0264141 	-0.000411435 	-1.54775e-05
1.95768 	0.0264241 	-0.000410563 	-1.51419e-05
1.9592 	0.026434 	-0.00040969 	-1.48062e-05
1.96072 	0.0264439 	-0.000408818 	-1.44706e-05
1.96224 	0.0264539 	-0.000407946 	-1.41349e-05
1.96376 	0.0264638 	-0.000407073 	-1.37993e-05
1.96527 	0.0264737 	-0.000406176 	-1.34369e-05
1.96679 	0.0264834 	-0.000405255 	-1.30476e-05
1.96831 	0.0264932 	-0.000404334 	-1.26583e-05
1.96983 	0.026503 	-0.000403413 	-1.22689e-05
1.97135 	0.0265128 	-0.000402491 	-1.18796e-05
1.97287 	0.0265225 	-0.00040157 	-1.14903e-05
1.97439 	0.0265323 	-0.000400649 	-1.11009e-05
1.97591 	0.026542 	-0.000399742 	-1.06511e-05
1.97742 	0.0265517 	-0.000398835 	-1.01995e-05
1.97894 	0.0265613 	-0.000397929 	-9.74796e-06
1.98046 	0.026571 	-0.000397022 	-9.29637e-06
1.98198 	0.0265807 	-0.000396115 	-8.84478e-06
1.9835 	0.0265904 	-0.000395209 	-8.3932e-06
1.98502 	0.0266 	-0.000394302 	-7.94161e-06
1.98654 	0.0266097 	-0.000393396 	-7.49002e-06
1.98806 	0.0266193 	-0.000392539 	-7.0308e-06
1.98957 	0.0266289 	-0.000391719 	-6.56583e-06
1.99109 	0.0266384 	-0.0003909 	-6.10085e-06
1.99261 	0.026648 	-0.00039008 	-5.63587e-06
1.99413 	0.0266575 	-0.000389261 	-5.1709e-06
1.99565 	0.0266671 	-0.000388442 	-4.70592e-06
1.99717 	0.0266766 	-0.000387622 	-4.24094e-06
1.99869 	0.0266862 	-0.000386803 	-3.77597e-06
2.00021 	0.0266956 	-0.000385961 	-3.31926e-06
2.00172 	0.026705 	-0.000385077 	-2.87786e-06
2.00324 	0.0267143 	-0.000384192 	-2.43646e-06
2.00476 	0.0267237 	-0.000383308 	-1.99506e-06
2.00628 	0.026733 	-0.000382424 	-1.55365e-06
2.0078 	0.0267424 	-0.00038154 	-1.11225e-06
2.00932 	0.0267517 	-0.000380656 	-6.70849e-07
2.01084 	0.026761 	-0.000379778 	-2.60593e-07
2.01236 	0.0267702 	-0.000378901 	1.36494e-07
2.01387 	0.0267793 	-0.000378025 	5.33582e-07
2.01539 	0.0267885 	-0.000377148 	9.3067e-07
2.01691 	0.0267977 	-0.000376272 	1.32776e-06
2.01843 	0.0268069 	-0.000375395 	1.72485e-06
2.01995 	0.0268161 	-0.000374519 	2.12193e-06
2.02147 	0.0268253 	-0.000373642 	2.51902e-06
2.02299 	0.0268344 	-0.000372812 	2.93047e-06
2.02451 	0.0268434 	-0.000372025 	3.35548e-06
2.02603 	0.0268525 	-0.000371238 	3.7805e-06
2.02754 	0.0268615 	-0.000370451 	4.20551e-06
2.02906 	0.0268705 	-0.000369664 	4.63052e-06
2.03058 	0.0268796 	-0.000368878 	5.05553e-06
2.0321 	0.0268886 	-0.000368091 	5.48055e-06
2.03362 	0.0268977 	-0.000367304 	5.90556e-06
2.03514 	0.0269066 	-0.000366485 	6.28586e-06
2.03666 	0.0269156 	-0.000365637 	6.62394e-06
2.03818 	0.0269245 	-0.000364788 	6.96203e-06
2.03969 	0.0269334 	-0.000363939 	7.30012e-06
2.04121 	0.0269423 	-0.00036309 	7.63821e-06
2.04273 	0.0269512 	-0.000362242 	7.97629e-06
2.04425 	0.0269602 	-0.000361393 	8.31438e-06
2.04577 	0.026969 	-0.000360558 	8.59377e-06
2.04729 	0.0269779 	-0.000359727 	8.85339e-06
2.04881 	0.0269867 	-0.000358897 	9.113e-06
2.05033 	0.0269956 	-0.000358066 	9.37261e-06
2.05184 	0.0270044 	-0.000357235 	9.63223e-06
2.05336 	0.0270133 	-0.000356405 	9.89184e-06
2.05488 	0.0270221 	-0.000355574 	1.01515e-05
2.0564 	0.027031 	-0.000354743 	1.04111e-05
2.05792 	0.0270397 	-0.000353988 	1.06967e-05
2.05944 	0.0270484 	-0.000353255 	1.09896e-05
2.06096 	0.027057 	-0.000352521 	1.12825e-05
2.06248 	0.0270657 	-0.000351787 	1.15754e-05
2.06399 	0.0270744 	-0.000351054 	1.18683e-05
2.06551 	0.0270831 	-0.00035032 	1.21612e-05
2.06703 	0.0270917 	-0.000349586 	1.24541e-05
2.06855 	0.0271004 	-0.000348852 	1.27468e-05
2.07007 	0.027109 	-0.00034804 	1.29882e-05
2.07159 	0.0271176 	-0.000347228 	1.32297e-05
2.07311 	0.0271262 	-0.000346415 	1.34712e-05
2.07463 	0.0271348 	-0.000345603 	1.37127e-05
2.07614 	0.0271434 	-0.000344791 	1.39542e-05
2.07766 	0.027152 	-0.000343979 	1.41957e-05
2.07918 	0.0271606 	-0.000343167 	1.44373e-05
2.0807 	0.0271691 	-0.000342363 	1.46801e-05
2.08222 	0.0271776 	-0.00034156 	1.49229e-05
2.08374 	0.0271862 	-0.000340756 	1.51657e-05
2.08526 	0.0271947 	-0.000339952 	1.54084e-05
2.08678 	0.0272033 	-0.000339148 	1.56512e-05
2.08829 	0.0272118 	-0.000338344 	1.5894e-05
2.08981 	0.0272204 	-0.00033754 	1.61368e-05
2.09133 	0.0272288 	-0.000336778 	1.6384e-05
2.09285 	0.0272372 	-0.000336085 	1.66384e-05
2.09437 	0.0272456 	-0.000335391 	1.68928e-05
2.09589 	0.0272539 	-0.000334697 	1.71472e-05
2.09741 	0.0272623 	-0.000334004 	1.74016e-05
2.09893 	0.0272707 	-0.00033331 	1.76559e-05
2.10044 	0.027279 	-0.000332617 	1.79103e-05
2.10196 	0.0272874 	-0.000331923 	1.81647e-05
2.10348 	0.0272957 	-0.000331143 	1.83844e-05
2.105 	0.0273039 	-0.000330346 	1.85973e-05
2.10652 	0.0273122 	-0.000329549 	1.88103e-05
2.10804 	0.0273204 	-0.000328751 	1.90232e-05
2.10956 	0.0273287 	-0.000327954 	1.92362e-05
2.11108 	0.0273369 	-0.000327157 	1.94491e-05
2.11259 	0.0273452 	-0.00032636 	1.96621e-05
2.11411 	0.0273533 	-0.000325551 	1.98509e-05
2.11563 	0.0273614 	-0.000324741 	2.00355e-05
2.11715 	0.0273695 	-0.00032393 	2.02201e-05
2.11867 	0.0273776 	-0.000323119 	2.04047e-05
2.12019 	0.0273858 	-0.000322308 	2.05893e-05
2.12171 	0.0273939 	-0.000321497 	2.07739e-05
2.12323 	0.027402 	-0.000320686 	2.09585e-05
2.12474 	0.02741 	-0.000319911 	2.11329e-05
2.12626 	0.027418 	-0.000319206 	2.12878e-05
2.12778 	0.0274259 	-0.0003185 	2.14428e-05
2.1293 	0.0274339 	-0.000317794 	2.15977e-05
2.13082 	0.0274418 	-0.000317089 	2.17526e-05
2.13234 	0.0274498 	-0.000316383 	2.19075e-05
2.13386 	0.0274577 	-0.000315677 	2.20625e-05
2.13538 	0.0274657 	-0.000314969 	2.22172e-05
2.13689 	0.0274735 	-0.000314177 	2.2365e-05
2.13841 	0.0274813 	-0.000313386 	2.25128e-05
2.13993 	0.0274891 	-0.000312594 	2.26607e-05
2.14145 	0.0274969 	-0.000311802 	2.28085e-05
2.14297 	0.0275047 	-0.000311011 	2.29563e-05
2.14449 	0.0275125 	-0.000310219 	2.31042e-05
2.14601 	0.0275203 	-0.000309428 	2.3252e-05
2.14753 	0.0275279 	-0.000308637 	2.33818e-05
2.14904 	0.0275355 	-0.000307847 	2.35107e-05
2.15056 	0.0275431 	-0.000307057 	2.36395e-05
2.15208 	0.0275507 	-0.000306266 	2.37683e-05
2.1536 	0.0275583 	-0.000305476 	2.38971e-05
2.15512 	0.0275659 	-0.000304686 	2.40259e-05
2.15664 	0.0275735 	-0.000303895 	2.41547e-05
2.15816 	0.027581 	-0.000303168 	2.42784e-05
2.15968 	0.0275884 	-0.000302472 	2.43997e-05
2.16119 	0.0275958 	-0.000301776 	2.4521e-05
2.16271 	0.0276033 	-0.00030108 	2.46423e-05
2.16423 	0.0276107 	-0.000300384 	2.47636e-05
2.16575 	0.0276182 	-0.000299688 	2.48849e-05
2.16727 	0.0276256 	-0.000298992 	2.50062e-05
2.16879 	0.027633 	-0.000298247 	2.51006e-05
2.17031 	0.0276404 	-0.000297468 	2.51765e-05
2.17183 	0.0276477 	-0.000296689 	2.52524e-05
2.17334 	0.0276551 	-0.00029591 	2.53283e-05
2.17486 	0.0276624 	-0.000295131 	2.54042e-05
2.17638 	0.0276697 	-0.000294352 	2.54801e-05
2.1779 	0.0276771 	-0.000293573 	2.5556e-05
2.17942 	0.0276844 	-0.000292794 	2.5615e-05
2.18094 	0.0276916 	-0.000292016 	2.56505e-05
2.18246 	0.0276988 	-0.000291237 	2.56859e-05
2.18398 	0.027706 	-0.000290458 	2.57214e-05
2.18549 	0.0277133 	-0.00028968 	2.57569e-05
2.18701 	0.0277205 	-0.000288901 	2.57923e-05
2.18853 	0.0277277 	-0.000288122 	2.58278e-05
2.19005 	0.0277349 	-0.000287379 	2.58844e-05
2.19157 	0.027742 	-0.000286694 	2.59755e-05
2.19309 	0.027749 	-0.000286009 	2.60667e-05
2.19461 	0.0277561 	-0.000285324 	2.61578e-05
2.19613 	0.0277632 	-0.000284638 	2.6249e-05
2.19764 	0.0277703 	-0.000283953 	2.63401e-05
2.19916 	0.0277773 	-0.000283268 	2.64313e-05
2.20068 	0.0277844 	-0.00028254 	2.64693e-05
2.2022 	0.0277913 	-0.000281777 	2.64623e-05
2.20372 	0.0277982 	-0.000281013 	2.64553e-05
2.20524 	0.0278052 	-0.000280249 	2.64483e-05
2.20676 	0.0278121 	-0.000279485 	2.64414e-05
2.20828 	0.0278191 	-0.000278722 	2.64344e-05
2.20979 	0.027826 	-0.000277958 	2.64274e-05
2.21131 	0.0278329 	-0.000277195 	2.63977e-05
2.21283 	0.0278397 	-0.000276435 	2.63112e-05
2.21435 	0.0278466 	-0.000275675 	2.62248e-05
2.21587 	0.0278534 	-0.000274915 	2.61383e-05
2.21739 	0.0278602 	-0.000274154 	2.60518e-05
2.21891 	0.027867 	-0.000273394 	2.59653e-05
2.22043 	0.0278738 	-0.000272634 	2.58788e-05
2.22194 	0.0278805 	-0.000271917 	2.58206e-05
2.22346 	0.0278872 	-0.000271246 	2.57925e-05
2.22498 	0.0278939 	-0.000270575 	2.57644e-05
2.2265 	0.0279005 	-0.000269905 	2.57362e-05
2.22802 	0.0279072 	-0.000269234 	2.57081e-05
2.22954 	0.0279138 	-0.000268563 	2.568e-05
2.23106 	0.0279205 	-0.000267892 	2.56519e-05
2.23258 	0.0279271 	-0.000267147 	2.55362e-05
2.2341 	0.0279336 	-0.000266392 	2.54092e-05
2.23561 	0.0279402 	-0.000265637 	2.52822e-05
2.23713 	0.0279468 	-0.000264883 	2.51552e-05
2.23865 	0.0279533 	-0.000264128 	2.50281e-05
2.24017 	0.0279599 	-0.000263373 	2.49011e-05
2.24169 	0.0279664 	-0.000262618 	2.47741e-05
2.24321 	0.0279729 	-0.000261867 	2.45916e-05
2.24473 	0.0279794 	-0.000261119 	2.43653e-05
2.24625 	0.0279858 	-0.000260371 	2.41389e-05
2.24776 	0.0279923 	-0.000259622 	2.39126e-05
2.24928 	0.0279987 	-0.000258874 	2.36862e-05
2.2508 	0.0280052 	-0.000258126 	2.34599e-05
2.25232 	0.0280116 	-0.000257377 	2.32335e-05
2.25384 	0.0280179 	-0.000256714 	2.30263e-05
2.25536 	0.0280241 	-0.00025605 	2.28192e-05
2.25688 	0.0280304 	-0.000255387 	2.26121e-05
2.2584 	0.0280366 	-0.000254723 	2.2405e-05
2.25991 	0.0280429 	-0.000254059 	2.21979e-05
2.26143 	0.0280492 	-0.000253396 	2.19909e-05
2.26295 	0.0280553 	-0.000252679 	2.17695e-05
2.26447 	0.0280614 	-0.000251931 	2.154e-05
2.26599 	0.0280675 	-0.000251182 	2.13105e-05
2.26751 	0.0280736 	-0.000250434 	2.1081e-05
2.26903 	0.0280797 	-0.000249686 	2.08514e-05
2.27055 	0.0280857 	-0.000248938 	2.06219e-05
2.27206 	0.0280918 	-0.00024819 	2.03924e-05
2.27358 	0.0280979 	-0.000247444 	2.01526e-05
2.2751 	0.0281038 	-0.000246709 	1.98815e-05
2.27662 	0.0281096 	-0.000245973 	1.96104e-05
2.27814 	0.0281155 	-0.000245237 	1.93394e-05
2.27966 	0.0281214 	-0.000244501 	1.90683e-05
2.28118 	0.0281273 	-0.000243765 	1.87973e-05
2.2827 	0.0281332 	-0.000243029 	1.85262e-05
2.28421 	0.0281389 	-0.000242364 	1.82446e-05
2.28573 	0.0281446 	-0.000241705 	1.79621e-05
2.28725 	0.0281503 	-0.000241046 	1.76795e-05
2.28877 	0.0281559 	-0.000240387 	1.7397e-05
2.29029 	0.0281616 	-0.000239727 	1.71145e-05
2.29181 	0.0281673 	-0.000239068 	1.6832e-05
2.29333 	0.0281729 	-0.000238353 	1.65973e-05
2.29485 	0.0281784 	-0.000237623 	1.63746e-05
2.29636 	0.028184 	-0.000236893 	1.6152e-05
2.29788 	0.0281895 	-0.000236164 	1.59293e-05
2.2994 	0.028195 	-0.000235434 	1.57066e-05
2.30092 	0.0282006 	-0.000234705 	1.5484e-05
2.30244 	0.0282061 	-0.000233975 	1.52613e-05
2.30396 	0.0282116 	-0.000233255 	1.50552e-05
2.30548 	0.028217 	-0.000232553 	1.48779e-05
2.307 	0.0282224 	-0.00023185 	1.47006e-05
2.30851 	0.0282278 	-0.000231148 	1.45232e-05
2.31003 	0.0282332 	-0.000230446 	1.43459e-05
2.31155 	0.0282386 	-0.000229743 	1.41686e-05
2.31307 	0.0282439 	-0.000229059 	1.39858e-05
2.31459 	0.0282491 	-0.000228424 	1.37886e-05
2.31611 	0.0282544 	-0.000227789 	1.35915e-05
2.31763 	0.0282596 	-0.000227154 	1.33943e-05
2.31915 	0.0282648 	-0.000226519 	1.31971e-05
2.32066 	0.02827 	-0.000225884 	1.29999e-05
2.32218 	0.0282751 	-0.000225223 	1.28253e-05
2.3237 	0.0282803 	-0.000224521 	1.26863e-05
2.32522 	0.0282854 	-0.00022382 	1.25474e-05
2.32674 	0.0282905 	-0.000223118 	1.24085e-05
2.32826 	0.0282956 	-0.000222417 	1.22696e-05
2.32978 	0.0283007 	-0.000221715 	1.21307e-05
2.3313 	0.0283058 	-0.000221014 	1.19918e-05
2.33281 	0.0283109 	-0.000220312 	1.18529e-05
2.33433 	0.0283159 	-0.000219638 	1.17507e-05
2.33585 	0.028321 	-0.000218966 	1.16518e-05
2.33737 	0.028326 	-0.000218295 	1.15529e-05
2.33889 	0.0283311 	-0.000217623 	1.14541e-05
2.34041 	0.0283361 	-0.000216951 	1.13552e-05
2.34193 	0.0283411 	-0.000216284 	1.12558e-05
2.34345 	0.028346 	-0.00021568 	1.11486e-05
2.34496 	0.0283508 	-0.000215076 	1.10414e-05
2.34648 	0.0283557 	-0.000214472 	1.09342e-05
2.348 	0.0283605 	-0.000213868 	1.08269e-05
2.34952 	0.0283653 	-0.000213265 	1.07197e-05
2.35104 	0.0283701 	-0.000212631 	1.06306e-05
2.35256 	0.0283749 	-0.000211954 	1.05684e-05
2.35408 	0.0283796 	-0.000211277 	1.05061e-05
2.3556 	0.0283843 	-0.000210599 	1.04439e-05
2.35711 	0.028389 	-0.000209922 	1.03816e-05
2.35863 	0.0283938 	-0.000209245 	1.03194e-05
2.36015 	0.0283985 	-0.000208568 	1.02572e-05
2.36167 	0.0284032 	-0.00020789 	1.01949e-05
2.36319 	0.0284078 	-0.000207231 	1.0144e-05
2.36471 	0.0284124 	-0.000206573 	1.00941e-05
2.36623 	0.0284171 	-0.000205916 	1.00443e-05
2.36775 	0.0284217 	-0.000205258 	9.9945e-06
2.36926 	0.0284263 	-0.0002046 	9.94468e-06
2.37078 	0.0284308 	-0.000203962 	9.89557e-06
2.3723 	0.0284352 	-0.00020337 	9.84826e-06
2.37382 	0.0284396 	-0.000202779 	9.80095e-06
2.37534 	0.028444 	-0.000202188 	9.75363e-06
2.37686 	0.0284484 	-0.000201597 	9.70632e-06
2.37838 	0.0284528 	-0.000201006 	9.659e-06
2.3799 	0.0284571 	-0.000200355 	9.61836e-06
2.38141 	0.0284613 	-0.000199695 	9.57886e-06
2.38293 	0.0284655 	-0.000199035 	9.53936e-06
2.38445 	0.0284697 	-0.000198375 	9.49987e-06
2.38597 	0.0284739 	-0.000197714 	9.46037e-06
2.38749 	0.0284781 	-0.000197054 	9.42087e-06
2.38901 	0.0284823 	-0.000196394 	9.38137e-06
2.39053 	0.0284864 	-0.000195741 	9.33504e-06
2.39205 	0.0284904 	-0.000195103 	9.27583e-06
2.39356 	0.0284944 	-0.000194464 	9.21663e-06
2.39508 	0.0284984 	-0.000193826 	9.15742e-06
2.3966 	0.0285023 	-0.000193188 	9.09821e-06
2.39812 	0.0285063 	-0.000192549 	9.03901e-06
2.39964 	0.0285101 	-0.00019197 	8.97532e-06
2.40116 	0.0285139 	-0.000191394 	8.91142e-06
2.40268 	0.0285176 	-0.000190817 	8.84752e-06
2.4042 	0.0285214 	-0.000190241 	8.78361e-06
2.40571 	0.0285252 	-0.000189665 	8.71971e-06
2.40723 	0.0285288 	-0.000189036 	8.6502e-06
2.40875 	0.0285324 	-0.000188389 	8.57877e-06
2.41027 	0.028536 	-0.000187741 	8.50735e-06
2.41179 	0.0285395 	-0.000187094 	8.43592e-06
2.41331 	0.0285431 	-0.000186447 	8.36449e-06
2.41483 	0.0285467 	-0.0001858 	8.29306e-06
2.41635 	0.0285503 	-0.000185153 	8.22163e-06
2.41786 	0.0285538 	-0.000184511 	8.14333e-06
2.41938 	0.0285572 	-0.000183886 	8.04301e-06
2.4209 	0.0285605 	-0.00018326 	7.9427e-06
2.42242 	0.0285639 	-0.000182635 	7.84238e-06
2.42394 	0.0285673 	-0.000182009 	7.74206e-06
2.42546 	0.0285706 	-0.000181388 	7.64012e-06
2.42698 	0.0285737 	-0.000180824 	7.51557e-06
2.4285 	0.0285769 	-0.00018026 	7.39103e-06
2.43002 	0.02858 	-0.000179697 	7.26648e-06
2.43153 	0.0285831 	-0.000179133 	7.14193e-06
2.43305 	0.0285862 	-0.000178563 	7.01667e-06
2.43457 	0.0285892 	-0.000177918 	6.88296e-06
2.43609 	0.0285921 	-0.000177273 	6.74925e-06
2.43761 	0.028595 	-0.000176628 	6.61554e-06
2.43913 	0.028598 	-0.000175983 	6.48184e-06
2.44065 	0.0286009 	-0.000175338 	6.34813e-06
2.44217 	0.0286039 	-0.000174693 	6.21442e-06
2.44368 	0.0286068 	-0.000174048 	6.08071e-06
2.4452 	0.0286096 	-0.000173413 	5.93562e-06
2.44672 	0.0286123 	-0.000172785 	5.78241e-06
2.44824 	0.0286149 	-0.000172158 	5.6292e-06
2.44976 	0.0286176 	-0.00017153 	5.47599e-06
2.45128 	0.0286203 	-0.000170903 	5.32278e-06
2.4528 	0.0286228 	-0.000170317 	5.16699e-06
2.45432 	0.0286252 	-0.000169755 	5.0097e-06
2.45583 	0.0286276 	-0.000169194 	4.85242e-06
2.45735 	0.0286301 	-0.000168632 	4.69513e-06
2.45887 	0.0286325 	-0.00016807 	4.53784e-06
2.46039 	0.0286347 	-0.000167431 	4.36489e-06
2.46191 	0.028637 	-0.000166778 	4.1893e-06
2.46343 	0.0286393 	-0.000166125 	4.01371e-06
2.46495 	0.0286415 	-0.000165473 	3.83812e-06
2.46647 	0.0286438 	-0.00016482 	3.66253e-06
2.46798 	0.028646 	-0.000164167 	3.48694e-06
2.4695 	0.0286483 	-0.000163514 	3.31135e-06
2.47102 	0.0286504 	-0.000162867 	3.13056e-06
2.47254 	0.0286524 	-0.000162228 	2.9415e-06
2.47406 	0.0286544 	-0.00016159 	2.75245e-06
2.47558 	0.0286564 	-0.000160951 	2.56339e-06
2.4771 	0.0286584 	-0.000160312 	2.37433e-06
2.47862 	0.0286602 	-0.00015972 	2.19662e-06
2.48013 	0.0286619 	-0.000159153 	2.02508e-06
2.48165 	0.0286636 	-0.000158586 	1.85354e-06
2.48317 	0.0286653 	-0.000158018 	1.682e-06
2.48469 	0.028667 	-0.000157444 	1.51275e-06
2.48621 	0.0286685 	-0.00015678 	1.36969e-06
2.48773 	0.02867 	-0.000156117 	1.22662e-06
2.48925 	0.0286716 	-0.000155453 	1.08356e-06
2.49077 	0.0286731 	-0.00015479 	9.40494e-07
2.49228 	0.0286747 	-0.000154127 	7.9743e-07
2.4938 	0.0286762 	-0.000153463 	6.54366e-07
2.49532 	0.0286777 	-0.0001528 	5.11301e-07
2.49684 	0.0286791 	-0.000152142 	3.91683e-07
2.49836 	0.0286804 	-0.000151489 	2.84866e-07
2.49988 	0.0286817 	-0.000150835 	1.78049e-07
2.5014 	0.028683 	-0.000150181 	7.12316e-08
2.50292 	0.0286842 	-0.000149534 	-3.61693e-08
2.50443 	0.0286852 	-0.000148944 	-1.48029e-07
2.50595 	0.0286861 	-0.000148354 	-2.59888e-07
2.50747 	0.0286871 	-0.000147764 	-3.71747e-07
2.50899 	0.028688 	-0.000147174 	-4.83607e-07
2.51051 	0.0286889 	-0.000146523 	-5.62346e-07
2.51203 	0.0286897 	-0.000145852 	-6.30132e-07
2.51355 	0.0286905 	-0.00014518 	-6.97918e-07
2.51507 	0.0286914 	-0.000144509 	-7.65705e-07
2.51658 	0.0286922 	-0.000143837 	-8.33491e-07
2.5181 	0.028693 	-0.000143166 	-9.01277e-07
2.51962 	0.0286939 	-0.000142494 	-9.69063e-07
2.52114 	0.0286946 	-0.000141831 	-1.01678e-06
2.52266 	0.0286953 	-0.000141183 	-1.02966e-06
2.52418 	0.0286959 	-0.000140534 	-1.04254e-06
2.5257 	0.0286965 	-0.000139886 	-1.05541e-06
2.52722 	0.0286971 	-0.000139239 	-1.06865e-06
2.52873 	0.0286974 	-0.000138643 	-1.09154e-06
2.53025 	0.0286977 	-0.000138046 	-1.11442e-06
2.53177 	0.028698 	-0.000137449 	-1.13731e-06
2.53329 	0.0286983 	-0.000136853 	-1.16019e-06
2.53481 	0.0286985 	-0.000136191 	-1.18025e-06
2.53633 	0.0286987 	-0.000135519 	-1.19988e-06
2.53785 	0.0286988 	-0.000134848 	-1.21951e-06
2.53937 	0.028699 	-0.000134176 	-1.23913e-06
2.54088 	0.0286992 	-0.000133504 	-1.25876e-06
2.5424 	0.0286994 	-0.000132833 	-1.27839e-06
2.54392 	0.0286995 	-0.000132161 	-1.29802e-06
2.54544 	0.0286996 	-0.000131504 	-1.30712e-06
2.54696 	0.0286996 	-0.00013086 	-1.30729e-06
2.54848 	0.0286996 	-0.000130216 	-1.30745e-06
2.55 	0.0286996 	-0.000129572 	-1.30762e-06
2.55152 	0.0286994 	-0.000128948 	-1.30497e-06
2.55303 	0.028699 	-0.000128355 	-1.29824e-06
2.55455 	0.0286987 	-0.000127761 	-1.2915e-06
2.55607 	0.0286983 	-0.000127168 	-1.28477e-06
2.55759 	0.0286978 	-0.000126544 	-1.28846e-06
2.55911 	0.0286973 	-0.000125878 	-1.30591e-06
2.56063 	0.0286967 	-0.000125213 	-1.32336e-06
2.56215 	0.0286962 	-0.000124548 	-1.34081e-06
2.56367 	0.0286956 	-0.000123883 	-1.35826e-06
2.56518 	0.0286951 	-0.000123217 	-1.37571e-06
2.5667 	0.0286945 	-0.000122552 	-1.39316e-06
2.56822 	0.028694 	-0.000121892 	-1.40973e-06
2.56974 	0.0286932 	-0.000121255 	-1.42202e-06
2.57126 	0.0286924 	-0.000120618 	-1.43431e-06
2.57278 	0.0286916 	-0.00011998 	-1.4466e-06
2.5743 	0.0286908 	-0.000119355 	-1.45495e-06
2.57582 	0.0286896 	-0.000118768 	-1.44995e-06
2.57733 	0.0286884 	-0.000118181 	-1.44496e-06
2.57885 	0.0286872 	-0.000117595 	-1.43996e-06
2.58037 	0.028686 	-0.000116976 	-1.44196e-06
2.58189 	0.0286845 	-0.000116316 	-1.45303e-06
2.58341 	0.0286831 	-0.000115655 	-1.4641e-06
2.58493 	0.0286816 	-0.000114995 	-1.47516e-06
2.58645 	0.0286801 	-0.000114334 	-1.48623e-06
2.58797 	0.0286787 	-0.000113674 	-1.4973e-06
2.58948 	0.0286772 	-0.000113013 	-1.50836e-06
2.591 	0.0286757 	-0.000112359 	-1.51757e-06
2.59252 	0.0286739 	-0.000111724 	-1.52131e-06
2.59404 	0.0286721 	-0.000111089 	-1.52506e-06
2.59556 	0.0286702 	-0.000110454 	-1.52881e-06
2.59708 	0.0286682 	-0.000109843 	-1.53136e-06
2.5986 	0.028666 	-0.000109256 	-1.53267e-06
2.60012 	0.0286637 	-0.000108669 	-1.53399e-06
2.60163 	0.0286615 	-0.000108082 	-1.5353e-06
2.60315 	0.028659 	-0.000107426 	-1.50041e-06
2.60467 	0.0286564 	-0.000106761 	-1.46054e-06
2.60619 	0.0286539 	-0.000106096 	-1.42067e-06
2.60771 	0.0286513 	-0.000105431 	-1.38081e-06
2.60923 	0.0286488 	-0.000104766 	-1.34094e-06
2.61075 	0.0286462 	-0.000104101 	-1.30107e-06
2.61227 	0.0286437 	-0.000103436 	-1.26121e-06
2.61378 	0.0286407 	-0.000102789 	-1.19588e-06
2.6153 	0.0286377 	-0.000102146 	-1.12362e-06
2.61682 	0.0286347 	-0.000101504 	-1.05137e-06
2.61834 	0.0286316 	-0.000100872 	-9.82494e-07
2.61986 	0.0286281 	-0.000100282 	-9.26905e-07
2.62138 	0.0286246 	-9.96925e-05 	-8.71317e-07
2.6229 	0.0286212 	-9.91026e-05 	-8.15729e-07
2.62442 	0.0286174 	-9.84448e-05 	-7.15157e-07
2.62593 	0.0286136 	-9.77655e-05 	-6.003e-07
2.62745 	0.0286098 	-9.70862e-05 	-4.85443e-07
2.62897 	0.028606 	-9.64068e-05 	-3.70586e-07
2.63049 	0.0286022 	-9.57275e-05 	-2.55729e-07
2.63201 	0.0285984 	-9.50482e-05 	-1.40872e-07
2.63353 	0.0285946 	-9.43688e-05 	-2.6015e-08
2.63505 	0.0285905 	-9.37002e-05 	1.0673e-07
2.63657 	0.0285862 	-9.30349e-05 	2.45056e-07
2.63809 	0.0285819 	-9.23696e-05 	3.83381e-07
2.6396 	0.0285774 	-9.1723e-05 	5.17348e-07
2.64112 	0.0285726 	-9.11113e-05 	6.43167e-07
2.64264 	0.0285677 	-9.04996e-05 	7.68987e-07
2.64416 	0.0285629 	-8.98818e-05 	8.9534e-07
2.64568 	0.0285577 	-8.91835e-05 	1.02879e-06
2.6472 	0.0285525 	-8.84852e-05 	1.16223e-06
2.64872 	0.0285473 	-8.77869e-05 	1.29568e-06
2.65024 	0.0285422 	-8.70886e-05 	1.42913e-06
2.65175 	0.028537 	-8.63903e-05 	1.56258e-06
2.65327 	0.0285318 	-8.5692e-05 	1.69602e-06
2.65479 	0.0285265 	-8.49967e-05 	1.82378e-06
2.65631 	0.0285208 	-8.43153e-05 	1.92512e-06
2.65783 	0.0285151 	-8.36338e-05 	2.02646e-06
2.65935 	0.0285093 	-8.29524e-05 	2.1278e-06
2.66087 	0.0285031 	-8.23154e-05 	2.22592e-06
2.66239 	0.0284968 	-8.1682e-05 	2.32378e-06
2.6639 	0.0284904 	-8.10485e-05 	2.42164e-06
2.66542 	0.0284838 	-8.03471e-05 	2.51957e-06
2.66694 	0.0284771 	-7.96296e-05 	2.61752e-06
2.66846 	0.0284704 	-7.89121e-05 	2.71547e-06
2.66998 	0.0284637 	-7.81945e-05 	2.81342e-06
2.6715 	0.028457 	-7.7477e-05 	2.91137e-06
2.67302 	0.0284503 	-7.67594e-05 	3.00932e-06
2.67454 	0.0284436 	-7.60423e-05 	3.10681e-06
2.67605 	0.0284362 	-7.53422e-05 	3.18745e-06
2.67757 	0.0284289 	-7.4642e-05 	3.2681e-06
2.67909 	0.0284216 	-7.39418e-05 	3.34874e-06
2.68061 	0.0284137 	-7.32811e-05 	3.42566e-06
2.68213 	0.0284057 	-7.26232e-05 	3.50232e-06
2.68365 	0.0283978 	-7.19654e-05 	3.57898e-06
2.68517 	0.0283894 	-7.12285e-05 	3.65529e-06
2.68669 	0.028381 	-7.04888e-05 	3.73158e-06
2.6882 	0.0283726 	-6.97491e-05 	3.80787e-06
2.68972 	0.0283642 	-6.90094e-05 	3.88416e-06
2.69124 	0.0283558 	-6.82697e-05 	3.96045e-06
2.69276 	0.0283474 	-6.753e-05 	4.03674e-06
2.69428 	0.0283388 	-6.67958e-05 	4.11428e-06
2.6958 	0.0283297 	-6.60743e-05 	4.19468e-06
2.69732 	0.0283206 	-6.53528e-05 	4.27509e-06
2.69884 	0.0283113 	-6.46438e-05 	4.35557e-06
2.70035 	0.0283015 	-6.3957e-05 	4.4362e-06
2.70187 	0.0282917 	-6.32702e-05 	4.51682e-06
2.70339 	0.0282816 	-6.25408e-05 	4.59036e-06
2.70491 	0.0282714 	-6.17748e-05 	4.6578e-06
2.70643 	0.0282611 	-6.10087e-05 	4.72524e-06
2.70795 	0.0282509 	-6.02426e-05 	4.79269e-06
2.70947 	0.0282406 	-5.94766e-05 	4.86013e-06
2.71099 	0.0282304 	-5.87105e-05 	4.92757e-06
2.7125 	0.0282201 	-5.79444e-05 	4.99501e-06
2.71402 	0.0282091 	-5.72027e-05 	5.05782e-06
2.71554 	0.0281981 	-5.6461e-05 	5.12062e-06
2.71706 	0.028187 	-5.5725e-05 	5.18514e-06
2.71858 	0.0281752 	-5.50121e-05 	5.25654e-06
2.7201 	0.0281634 	-5.42991e-05 	5.32794e-06
2.72162 	0.0281513 	-5.35452e-05 	5.39788e-06
2.72314 	0.028139 	-5.27531e-05 	5.46647e-06
2.72465 	0.0281267 	-5.1961e-05 	5.53506e-06
2.72617 	0.0281144 	-5.1169e-05 	5.60365e-06
2.72769 	0.0281021 	-5.03769e-05 	5.67225e-06
2.72921 	0.0280898 	-4.95848e-05 	5.74084e-06
2.73073 	0.0280775 	-4.87959e-05 	5.81049e-06
2.73225 	0.0280644 	-4.80336e-05 	5.88891e-06
2.73377 	0.0280513 	-4.72712e-05 	5.96733e-06
2.73529 	0.0280378 	-4.65181e-05 	6.04914e-06
2.7368 	0.0280238 	-4.57762e-05 	6.13509e-06
2.73832 	0.0280099 	-4.50344e-05 	6.22105e-06
2.73984 	0.0279954 	-4.42265e-05 	6.30931e-06
2.74136 	0.0279809 	-4.34111e-05 	6.39783e-06
2.74288 	0.0279664 	-4.25957e-05 	6.48635e-06
2.7444 	0.0279519 	-4.17804e-05 	6.57486e-06
2.74592 	0.0279374 	-4.0965e-05 	6.66338e-06
2.74744 	0.0279228 	-4.01497e-05 	6.75189e-06
2.74895 	0.0279078 	-3.9359e-05 	6.86455e-06
2.75047 	0.0278925 	-3.85833e-05 	6.99177e-06
2.75199 	0.0278771 	-3.78084e-05 	7.11787e-06
2.75351 	0.0278608 	-3.7041e-05 	7.2335e-06
2.75503 	0.0278444 	-3.62736e-05 	7.34913e-06
2.75655 	0.0278278 	-3.54588e-05 	7.46267e-06
2.75807 	0.027811 	-3.46209e-05 	7.5752e-06
2.75959 	0.0277941 	-3.37831e-05 	7.68772e-06
2.7611 	0.0277773 	-3.29452e-05 	7.80025e-06
2.76262 	0.0277605 	-3.21074e-05 	7.91277e-06
2.76414 	0.0277437 	-3.12696e-05 	8.0253e-06
2.76566 	0.0277264 	-3.04575e-05 	8.16071e-06
2.76718 	0.0277088 	-2.96676e-05 	8.31591e-06
2.7687 	0.0276911 	-2.88782e-05 	8.46921e-06
2.77022 	0.0276724 	-2.80913e-05 	8.6104e-06
2.77174 	0.0276537 	-2.73045e-05 	8.75159e-06
2.77325 	0.0276345 	-2.64567e-05 	8.85414e-06
2.77477 	0.0276152 	-2.55968e-05 	8.94902e-06
2.77629 	0.0275959 	-2.47369e-05 	9.0439e-06
2.77781 	0.0275766 	-2.38771e-05 	9.13878e-06
2.77933 	0.0275573 	-2.30172e-05 	9.23365e-06
2.78085 	0.027538 	-2.21573e-05 	9.32853e-06
2.78237 	0.027518 	-2.13405e-05 	9.40079e-06
2.78389 	0.0274978 	-2.0532e-05 	9.46869e-06
2.7854 	0.0274769 	-1.97257e-05 	9.53686e-06
2.78692 	0.0274555 	-1.89212e-05 	9.60525e-06
2.78844 	0.0274338 	-1.80877e-05 	9.6532e-06
2.78996 	0.0274118 	-1.72056e-05 	9.66678e-06
2.79148 	0.0273898 	-1.63235e-05 	9.68036e-06
2.793 	0.0273677 	-1.54414e-05 	9.69394e-06
2.79452 	0.0273457 	-1.45594e-05 	9.70752e-06
2.79604 	0.0273237 	-1.36773e-05 	9.7211e-06
2.79755 	0.0273012 	-1.28229e-05 	9.70308e-06
2.79907 	0.0272783 	-1.19941e-05 	9.65601e-06
2.80059 	0.0272549 	-1.1166e-05 	9.61035e-06
2.80211 	0.0272306 	-1.03391e-05 	9.56728e-06
2.80363 	0.027206 	-9.4921e-06 	9.50435e-06
2.80515 	0.027181 	-8.59338e-06 	9.39052e-06
2.80667 	0.027156 	-7.69466e-06 	9.27668e-06
2.80819 	0.0271309 	-6.79594e-06 	9.16285e-06
2.8097 	0.0271059 	-5.89722e-06 	9.04902e-06
2.81122 	0.0270809 	-4.99849e-06 	8.93519e-06
2.81274 	0.0270553 	-4.13718e-06 	8.77181e-06
2.81426 	0.0270294 	-3.3035e-06 	8.57185e-06
2.81578 	0.0270026 	-2.4672e-06 	8.37343e-06
2.8173 	0.026975 	-1.62848e-06 	8.17645e-06
2.81882 	0.0269471 	-7.55731e-07 	7.94943e-06
2.82034 	0.0269188 	1.44911e-07 	7.69776e-06
2.82185 	0.0268905 	1.04555e-06 	7.4461e-06
2.82337 	0.0268622 	1.94619e-06 	7.19443e-06
2.82489 	0.0268339 	2.84683e-06 	6.94277e-06
2.82641 	0.0268056 	3.74748e-06 	6.6911e-06
2.82793 	0.0267764 	4.56564e-06 	6.39257e-06
2.82945 	0.0267471 	5.38361e-06 	6.0925e-06
2.83097 	0.026716 	6.21257e-06 	5.76437e-06
2.83249 	0.0266849 	7.05118e-06 	5.44051e-06
2.83401 	0.0266531 	7.93667e-06 	5.13737e-06
2.83552 	0.0266213 	8.82216e-06 	4.83423e-06
2.83704 	0.0265896 	9.70765e-06 	4.53109e-06
2.83856 	0.0265578 	1.05931e-05 	4.22794e-06
2.84008 	0.026526 	1.14786e-05 	3.9248e-06
2.8416 	0.0264936 	1.22923e-05 	3.67854e-06
2.84312 	0.0264611 	1.30837e-05 	3.44998e-06
2.84464 	0.0264266 	1.38874e-05 	3.16628e-06
2.84616 	0.0263919 	1.46996e-05 	2.88225e-06
2.84767 	0.0263564 	1.55583e-05 	2.63097e-06
2.84919 	0.0263209 	1.6417e-05 	2.3797e-06
2.85071 	0.0262854 	1.72757e-05 	2.12842e-06
2.85223 	0.0262499 	1.81344e-05 	1.87714e-06
2.85375 	0.0262144 	1.89931e-05 	1.62587e-06
2.85527 	0.0261781 	1.97657e-05 	1.44583e-06
2.85679 	0.0261414 	2.0529e-05 	1.27129e-06
2.85831 	0.0261027 	2.1312e-05 	1.06403e-06
2.85982 	0.0260636 	2.21137e-05 	8.58399e-07
2.86134 	0.026024 	2.29393e-05 	6.54873e-07
2.86286 	0.0259843 	2.3765e-05 	4.51348e-07
2.86438 	0.0259446 	2.45906e-05 	2.47823e-07
2.8659 	0.025905 	2.54163e-05 	4.42975e-08
2.86742 	0.025865 	2.6205e-05 	-1.5752e-07
2.86894 	0.0258243 	2.69181e-05 	-3.5584e-07
2.87046 	0.025782 	2.76499e-05 	-5.51121e-07
2.87197 	0.0257388 	2.8394e-05 	-7.43764e-07
2.87349 	0.0256944 	2.91767e-05 	-9.2022e-07
2.87501 	0.0256501 	2.99595e-05 	-1.09668e-06
2.87653 	0.0256057 	3.07422e-05 	-1.27313e-06
2.87805 	0.0255614 	3.1525e-05 	-1.44959e-06
2.87957 	0.0255169 	3.22952e-05 	-1.62551e-06
2.88109 	0.0254715 	3.29573e-05 	-1.79686e-06
2.88261 	0.0254246 	3.36304e-05 	-1.95544e-06
2.88412 	0.0253763 	3.43139e-05 	-2.10197e-06
2.88564 	0.0253267 	3.50348e-05 	-2.19396e-06
2.88716 	0.0252771 	3.57557e-05 	-2.28595e-06
2.88868 	0.0252275 	3.64766e-05 	-2.37793e-06
2.8902 	0.0251778 	3.71975e-05 	-2.46992e-06
2.89172 	0.025128 	3.78923e-05 	-2.55261e-06
2.89324 	0.0250772 	3.84807e-05 	-2.59741e-06
2.89476 	0.0250242 	3.90831e-05 	-2.61651e-06
2.89627 	0.0249699 	3.9699e-05 	-2.60496e-06
2.89779 	0.0249143 	4.0336e-05 	-2.5374e-06
2.89931 	0.0248586 	4.0973e-05 	-2.46984e-06
2.90083 	0.024803 	4.161e-05 	-2.40227e-06
2.90235 	0.0247474 	4.2247e-05 	-2.33471e-06
2.90387 	0.0246911 	4.27941e-05 	-2.23473e-06
2.90539 	0.0246336 	4.32849e-05 	-2.10403e-06
2.90691 	0.0245733 	4.37965e-05 	-1.93035e-06
2.90842 	0.024511 	4.43205e-05 	-1.70091e-06
2.90994 	0.0244483 	4.48474e-05 	-1.45822e-06
2.91146 	0.0243856 	4.53743e-05 	-1.21554e-06
2.91298 	0.0243229 	4.59012e-05 	-9.7285e-07
2.9145 	0.0242596 	4.63781e-05 	-7.22247e-07
2.91602 	0.0241951 	4.67368e-05 	-4.52917e-07
2.91754 	0.024127 	4.71085e-05 	-1.18271e-07
2.91906 	0.0240569 	4.74984e-05 	2.24834e-07
2.92057 	0.0239859 	4.78978e-05 	5.70402e-07
2.92209 	0.0239149 	4.82971e-05 	9.15971e-07
2.92361 	0.0238439 	4.86965e-05 	1.26154e-06
2.92513 	0.0237723 	4.90511e-05 	1.59199e-06
2.92665 	0.0236993 	4.92945e-05 	1.88508e-06
2.92817 	0.0236219 	4.95341e-05 	2.245e-06
2.92969 	0.0235418 	4.97932e-05 	2.58568e-06
2.93121 	0.0234609 	5.00579e-05 	2.92083e-06
2.93272 	0.0233801 	5.03226e-05 	3.25597e-06
2.93424 	0.0232992 	5.05873e-05 	3.59112e-06
2.93576 	0.0232168 	5.07664e-05 	3.8751e-06
2.93728 	0.0231315 	5.08742e-05 	4.12533e-06
2.9388 	0.023042 	5.09776e-05 	4.3924e-06
2.94032 	0.0229483 	5.10929e-05 	4.67698e-06
2.94184 	0.0228546 	5.12082e-05 	4.96156e-06
2.94336 	0.0227608 	5.13236e-05 	5.24615e-06
2.94487 	0.0226666 	5.14218e-05 	5.52826e-06
2.94639 	0.0225685 	5.13725e-05 	5.78901e-06
2.94791 	0.0224651 	5.13056e-05 	5.99782e-06
2.94943 	0.0223564 	5.12533e-05 	6.26432e-06
2.95095 	0.0222468 	5.12038e-05 	6.54183e-06
2.95247 	0.0221372 	5.11543e-05 	6.81933e-06
2.95399 	0.0220276 	5.11048e-05 	7.09683e-06
2.95551 	0.0219134 	5.09075e-05 	7.43881e-06
2.95702 	0.0217936 	5.06733e-05 	7.70467e-06
2.95854 	0.0216656 	5.04361e-05 	8.01966e-06
2.96006 	0.0215356 	5.01994e-05 	8.35402e-06
2.96158 	0.0214055 	4.99628e-05 	8.68839e-06
2.9631 	0.0212755 	4.97261e-05 	9.02275e-06
2.96462 	0.0211375 	4.93108e-05 	9.48092e-06
2.96614 	0.0209923 	4.88605e-05 	9.86898e-06
2.96766 	0.0208355 	4.84125e-05 	1.02894e-05
2.96917 	0.0206782 	4.79646e-05 	1.07114e-05
2.97069 	0.020521 	4.75168e-05 	1.11333e-05
2.97221 	0.0203604 	4.70113e-05 	1.15836e-05
2.97373 	0.0201897 	4.63684e-05 	1.20925e-05
2.97525 	0.0200071 	4.57007e-05 	1.25732e-05
2.97677 	0.0198156 	4.50315e-05 	1.30204e-05
2.97829 	0.0196242 	4.43623e-05 	1.34677e-05
2.97981 	0.0194327 	4.36931e-05 	1.39149e-05
2.98132 	0.0192295 	4.28628e-05 	1.43575e-05
2.98284 	0.0190124 	4.19688e-05 	1.48422e-05
2.98436 	0.0187754 	4.1065e-05 	1.51443e-05
2.98588 	0.0185383 	4.01612e-05 	1.54463e-05
2.9874 	0.0183012 	3.92573e-05 	1.57484e-05
2.98892 	0.0180497 	3.82278e-05 	1.59417e-05
2.99044 	0.01778 	3.70979e-05 	1.61832e-05
2.99196 	0.0174787 	3.59485e-05 	1.61316e-05
2.99347 	0.0171774 	3.47991e-05 	1.608e-05
2.99499 	0.0168762 	3.36497e-05 	1.60285e-05
2.99651 	0.0165522 	3.23734e-05 	1.57716e-05
2.99803 	0.0161971 	3.09907e-05 	1.55185e-05
2.99955 	0.0158138 	2.96267e-05 	1.50627e-05
3.00107 	0.0154304 	2.82627e-05 	1.46069e-05
3.00259 	0.0150428 	2.68855e-05 	1.4126e-05
3.00411 	0.0146173 	2.53823e-05 	1.34911e-05
3.00562 	0.0141511 	2.38503e-05 	1.28189e-05
3.00714 	0.01367 	2.23426e-05 	1.20997e-05
3.00866 	0.013189 	2.08349e-05 	1.13805e-05
3.01018 	0.0126806 	1.92924e-05 	1.05963e-05
3.0117 	0.0121145 	1.76527e-05 	9.78296e-06
3.01322 	0.0115229 	1.61039e-05 	8.99346e-06
3.01474 	0.0109313 	1.4555e-05 	8.20396e-06
3.01626 	0.0103174 	1.30331e-05 	7.42891e-06
3.01777 	0.00963642 	1.14528e-05 	6.62594e-06
3.01929 	0.00893705 	1.00014e-05 	5.92498e-06
3.02081 	0.00823767 	8.55002e-06 	5.22402e-06
3.02233 	0.00751161 	7.18063e-06 	4.58145e-06
3.02385 	0.00672318 	5.84578e-06 	3.94476e-06
3.02537 	0.00593758 	4.61878e-06 	3.38835e-06
3.02689 	0.00515212 	3.44457e-06 	2.86239e-06
3.02841 	0.00430831 	2.40848e-06 	2.33863e-06
3.02992 	0.0034721 	1.67863e-06 	1.87114e-06
3.03144 	0.00264108 	1.00446e-06 	1.41274e-06
3.03296 	0.00176725 	6.64184e-07 	9.38873e-07
3.03448 	0.000877284 	3.29648e-07 	4.67688e-07
3.036 	-2.51704e-16 	-9.4534e-20 	-1.35425e-19
