0.00151876 	-1.3323e-05 	6.48168e-07 	-2.39356e-06
0.00303752 	-3.03204e-05 	1.37092e-06 	-4.64338e-06
0.00455628 	-4.32639e-05 	2.16629e-06 	-7.40059e-06
0.00607504 	-4.47558e-05 	3.31606e-06 	-9.26921e-06
0.0075938 	-2.8405e-05 	5.1229e-06 	-1.18426e-05
0.00911256 	2.22118e-06 	7.73299e-06 	-1.33705e-05
0.0106313 	4.31324e-05 	1.02843e-05 	-1.56296e-05
0.0121501 	7.9237e-05 	1.35608e-05 	-1.82342e-05
0.0136688 	0.00012891 	1.63542e-05 	-1.91641e-05
0.0151876 	0.000181029 	1.94282e-05 	-2.11811e-05
0.0167064 	0.000230498 	2.36287e-05 	-2.33465e-05
0.0182251 	0.000291453 	2.70419e-05 	-2.39381e-05
0.0197439 	0.00035278 	3.07967e-05 	-2.55544e-05
0.0212626 	0.000409018 	3.61106e-05 	-2.81485e-05
0.0227814 	0.000475229 	3.9838e-05 	-2.75361e-05
0.0243002 	0.000539104 	4.40986e-05 	-2.87593e-05
0.0258189 	0.000598598 	4.94275e-05 	-3.10343e-05
0.0273377 	0.000662241 	5.39485e-05 	-3.04808e-05
0.0288564 	0.000725092 	5.84028e-05 	-3.10833e-05
0.0303752 	0.000787427 	6.29484e-05 	-3.19855e-05
0.0318939 	0.000842161 	6.95849e-05 	-3.49805e-05
0.0334127 	0.000906292 	7.34792e-05 	-3.26291e-05
0.0349315 	0.000965513 	7.82058e-05 	-3.32424e-05
0.0364502 	0.00102473 	8.29324e-05 	-3.38558e-05
0.037969 	0.00107694 	8.98041e-05 	-3.66648e-05
0.0394877 	0.00113714 	9.3829e-05 	-3.39668e-05
0.0410065 	0.00119246 	9.8623e-05 	-3.43552e-05
0.0425253 	0.00124777 	0.000103417 	-3.47436e-05
0.044044 	0.00129614 	0.000110516 	-3.83444e-05
0.0455628 	0.00135301 	0.000114464 	-3.46188e-05
0.0470815 	0.00140434 	0.000119249 	-3.47763e-05
0.0486003 	0.00145556 	0.000124049 	-3.50067e-05
0.0501191 	0.00150257 	0.00013039 	-3.77305e-05
0.0516378 	0.00155254 	0.000135473 	-3.65768e-05
0.0531566 	0.0016023 	0.000139855 	-3.48756e-05
0.0546753 	0.0016496 	0.000144573 	-3.50285e-05
0.0561941 	0.00169589 	0.000149683 	-3.59031e-05
0.0577129 	0.00173829 	0.000156274 	-3.93129e-05
0.0592316 	0.00178685 	0.000160103 	-3.53833e-05
0.0607504 	0.00183099 	0.000164614 	-3.5074e-05
0.0622691 	0.00187462 	0.000169203 	-3.51855e-05
0.0637879 	0.00191612 	0.000174792 	-3.71397e-05
0.0653067 	0.00195688 	0.000180556 	-3.8851e-05
0.0668254 	0.00200126 	0.000184172 	-3.5233e-05
0.0683442 	0.00204161 	0.000188626 	-3.52854e-05
0.0698629 	0.00208197 	0.000193081 	-3.53379e-05
0.0713817 	0.00212049 	0.000198702 	-3.73685e-05
0.0729005 	0.00215863 	0.000204335 	-3.89977e-05
0.0744192 	0.0021994 	0.000207691 	-3.56633e-05
0.075938 	0.00223712 	0.000211852 	-3.53196e-05
0.0774567 	0.00227451 	0.000216102 	-3.53062e-05
0.0789755 	0.00231091 	0.000221223 	-3.66224e-05
0.0804942 	0.00234607 	0.00022738 	-3.94875e-05
0.082013 	0.00238372 	0.000230336 	-3.65155e-05
0.0835318 	0.00241975 	0.000233884 	-3.51458e-05
0.0850505 	0.00245446 	0.000237916 	-3.50816e-05
0.0865693 	0.00248908 	0.000242085 	-3.51886e-05
0.088088 	0.0025222 	0.000248287 	-3.78084e-05
0.0896068 	0.00255639 	0.000252481 	-3.75069e-05
0.0911256 	0.00259142 	0.000255085 	-3.48922e-05
0.0926443 	0.00262391 	0.000258847 	-3.46848e-05
0.0941631 	0.00265629 	0.000262658 	-3.45806e-05
0.0956818 	0.00268808 	0.000267518 	-3.55428e-05
0.0972006 	0.00271917 	0.000273594 	-3.77412e-05
0.0987194 	0.00275159 	0.000276441 	-3.62402e-05
0.100238 	0.002784 	0.000278828 	-3.4272e-05
0.101757 	0.00281435 	0.000282382 	-3.4085e-05
0.103276 	0.00284471 	0.000285937 	-3.38979e-05
0.104794 	0.00287443 	0.000290961 	-3.48707e-05
0.106313 	0.00290378 	0.000296875 	-3.65467e-05
0.107832 	0.00293428 	0.000299097 	-3.51488e-05
0.109351 	0.00296492 	0.000300815 	-3.33348e-05
0.110869 	0.00299346 	0.000304101 	-3.29849e-05
0.112388 	0.00302201 	0.000307386 	-3.26349e-05
0.113907 	0.00305007 	0.000312067 	-3.30509e-05
0.115426 	0.00307772 	0.000317958 	-3.41327e-05
0.116944 	0.00310613 	0.000320793 	-3.3441e-05
0.118463 	0.00313493 	0.000321998 	-3.18043e-05
0.119982 	0.00316254 	0.000324398 	-3.08899e-05
0.121501 	0.00318951 	0.000327437 	-3.03613e-05
0.12302 	0.00321633 	0.000331013 	-3.00561e-05
0.124538 	0.00324249 	0.000336833 	-3.06824e-05
0.126057 	0.00326884 	0.000341816 	-3.09427e-05
0.127576 	0.00329615 	0.000342611 	-2.93731e-05
0.129095 	0.00332343 	0.000343431 	-2.78153e-05
0.130613 	0.00334907 	0.000346249 	-2.71933e-05
0.132132 	0.00337472 	0.000349067 	-2.65712e-05
0.133651 	0.00339987 	0.000353617 	-2.65656e-05
0.13517 	0.00342467 	0.00035937 	-2.69879e-05
0.136688 	0.00344988 	0.000362975 	-2.66283e-05
0.138207 	0.00347568 	0.00036348 	-2.51396e-05
0.139726 	0.00350136 	0.000364177 	-2.37347e-05
0.141245 	0.00352585 	0.000366809 	-2.31715e-05
0.142763 	0.00355033 	0.000369442 	-2.26084e-05
0.144282 	0.00357431 	0.000374227 	-2.276e-05
0.145801 	0.0035981 	0.000379858 	-2.31924e-05
0.14732 	0.00362212 	0.000383508 	-2.30092e-05
0.148838 	0.00364655 	0.00038381 	-2.17866e-05
0.150357 	0.00367097 	0.000384112 	-2.0564e-05
0.151876 	0.00369453 	0.000386327 	-2.00554e-05
0.153395 	0.00371797 	0.000388809 	-1.96469e-05
0.154913 	0.00374112 	0.000392997 	-1.97381e-05
0.156432 	0.00376404 	0.000398478 	-2.02083e-05
0.157951 	0.00378698 	0.000403714 	-2.06168e-05
0.15947 	0.00381028 	0.000403923 	-1.97588e-05
0.160988 	0.00383358 	0.000404132 	-1.89009e-05
0.162507 	0.00385656 	0.000405117 	-1.82525e-05
0.164026 	0.003879 	0.000407461 	-1.79711e-05
0.165545 	0.00390136 	0.000410198 	-1.77847e-05
0.167064 	0.00392331 	0.000415441 	-1.82059e-05
0.168582 	0.00394525 	0.000420685 	-1.8627e-05
0.170101 	0.00396727 	0.000423732 	-1.86333e-05
0.17162 	0.00398938 	0.000423805 	-1.80778e-05
0.173139 	0.00401149 	0.000423878 	-1.75223e-05
0.174657 	0.00403321 	0.000425098 	-1.7126e-05
0.176176 	0.00405459 	0.000427294 	-1.68652e-05
0.177695 	0.00407582 	0.000430652 	-1.68009e-05
0.179214 	0.00409683 	0.000435684 	-1.70199e-05
0.180732 	0.00411783 	0.000440715 	-1.72389e-05
0.182251 	0.0041387 	0.000443203 	-1.70936e-05
0.18377 	0.00415944 	0.00044313 	-1.65814e-05
0.185289 	0.00418018 	0.000443057 	-1.60692e-05
0.186807 	0.00420075 	0.000443826 	-1.56375e-05
0.188326 	0.00422105 	0.000445858 	-1.53267e-05
0.189845 	0.00424132 	0.000448956 	-1.5155e-05
0.191364 	0.00426155 	0.000453757 	-1.5206e-05
0.192882 	0.00428178 	0.000458559 	-1.52571e-05
0.194401 	0.00430179 	0.000462052 	-1.51113e-05
0.19592 	0.00432115 	0.0004618 	-1.44023e-05
0.197439 	0.00434051 	0.000461549 	-1.36932e-05
0.198957 	0.00435988 	0.000461297 	-1.29842e-05
0.200476 	0.00437918 	0.000463024 	-1.26497e-05
0.201995 	0.00439851 	0.000465035 	-1.2365e-05
0.203514 	0.00441812 	0.000469623 	-1.24916e-05
0.205033 	0.00443774 	0.000474211 	-1.26181e-05
0.206551 	0.00445736 	0.000478799 	-1.27447e-05
0.20807 	0.00447595 	0.000479896 	-1.21713e-05
0.209589 	0.00449409 	0.000479489 	-1.12962e-05
0.211108 	0.00451223 	0.000479083 	-1.04211e-05
0.212626 	0.00453041 	0.000478952 	-9.6329e-06
0.214145 	0.00454885 	0.000480686 	-9.4305e-06
0.215664 	0.00456757 	0.000483487 	-9.46193e-06
0.217183 	0.00458669 	0.000487857 	-9.83747e-06
0.218701 	0.00460581 	0.000492227 	-1.0213e-05
0.22022 	0.00462494 	0.000496598 	-1.05885e-05
0.221739 	0.00464244 	0.000497051 	-9.98618e-06
0.223258 	0.00465956 	0.000496584 	-9.15412e-06
0.224776 	0.00467668 	0.000496116 	-8.32207e-06
0.226295 	0.0046938 	0.000495649 	-7.49002e-06
0.227814 	0.00471148 	0.000497236 	-7.45413e-06
0.229333 	0.00472963 	0.000499939 	-7.71334e-06
0.230851 	0.00474838 	0.000504041 	-8.3362e-06
0.23237 	0.00476714 	0.000508142 	-8.95906e-06
0.233889 	0.0047859 	0.000512243 	-9.58192e-06
0.235408 	0.00480324 	0.000513705 	-9.54441e-06
0.236926 	0.00481959 	0.000513286 	-9.03648e-06
0.238445 	0.00483593 	0.000512867 	-8.52856e-06
0.239964 	0.00485227 	0.000512448 	-8.02063e-06
0.241483 	0.00486899 	0.000512958 	-7.84172e-06
0.243002 	0.00488632 	0.000514774 	-8.08797e-06
0.24452 	0.00490492 	0.000518531 	-8.78778e-06
0.246039 	0.00492352 	0.000522289 	-9.4876e-06
0.247558 	0.00494212 	0.000526046 	-1.01874e-05
0.249077 	0.00496069 	0.000529747 	-1.08777e-05
0.250595 	0.00497666 	0.000529449 	-1.08977e-05
0.252114 	0.00499263 	0.000529151 	-1.09177e-05
0.253633 	0.0050086 	0.000528852 	-1.09377e-05
0.255152 	0.00502457 	0.000528554 	-1.09577e-05
0.25667 	0.00504112 	0.000529299 	-1.11497e-05
0.258189 	0.00505885 	0.000531686 	-1.15475e-05
0.259708 	0.00507741 	0.00053507 	-1.20456e-05
0.261227 	0.00509597 	0.000538455 	-1.25436e-05
0.262745 	0.00511454 	0.000541839 	-1.30417e-05
0.264264 	0.00513285 	0.000544901 	-1.35504e-05
0.265783 	0.00514878 	0.000544785 	-1.41637e-05
0.267302 	0.0051647 	0.000544669 	-1.47771e-05
0.26882 	0.00518062 	0.000544553 	-1.53905e-05
0.270339 	0.00519654 	0.000544437 	-1.60038e-05
0.271858 	0.00521284 	0.000544854 	-1.64776e-05
0.273377 	0.0052306 	0.000546989 	-1.65442e-05
0.274895 	0.00524913 	0.000549935 	-1.64372e-05
0.276414 	0.00526767 	0.00055288 	-1.63302e-05
0.277933 	0.0052862 	0.000555826 	-1.62232e-05
0.279452 	0.00530474 	0.000558771 	-1.61162e-05
0.28097 	0.00532126 	0.000559313 	-1.67757e-05
0.282489 	0.00533732 	0.000559297 	-1.76127e-05
0.284008 	0.00535338 	0.000559282 	-1.84498e-05
0.285527 	0.00536944 	0.000559267 	-1.92868e-05
0.287046 	0.0053855 	0.000559251 	-2.01238e-05
0.288564 	0.00540247 	0.000560386 	-2.02245e-05
0.290083 	0.00542076 	0.000562918 	-1.95885e-05
0.291602 	0.00543904 	0.00056545 	-1.89524e-05
0.293121 	0.00545733 	0.000567982 	-1.83163e-05
0.294639 	0.00547562 	0.000570514 	-1.76802e-05
0.296158 	0.00549355 	0.000572622 	-1.7255e-05
0.297677 	0.0055097 	0.000572605 	-1.78886e-05
0.299196 	0.00552584 	0.000572587 	-1.85221e-05
0.300714 	0.00554199 	0.000572569 	-1.91556e-05
0.302233 	0.00555814 	0.000572552 	-1.97892e-05
0.303752 	0.00557428 	0.000572534 	-2.04227e-05
0.305271 	0.00559147 	0.000573949 	-2.01072e-05
0.306789 	0.00560932 	0.000576177 	-1.93162e-05
0.308308 	0.00562717 	0.000578404 	-1.85252e-05
0.309827 	0.00564502 	0.000580632 	-1.77342e-05
0.311346 	0.00566287 	0.00058286 	-1.69432e-05
0.312864 	0.00568045 	0.00058474 	-1.63156e-05
0.314383 	0.00569651 	0.000584627 	-1.66247e-05
0.315902 	0.00571257 	0.000584515 	-1.69338e-05
0.317421 	0.00572863 	0.000584402 	-1.72429e-05
0.318939 	0.00574469 	0.000584289 	-1.7552e-05
0.320458 	0.00576075 	0.000584177 	-1.7861e-05
0.321977 	0.00577752 	0.000585058 	-1.76796e-05
0.323496 	0.00579515 	0.000587122 	-1.69032e-05
0.325015 	0.00581277 	0.000589186 	-1.61267e-05
0.326533 	0.00583039 	0.000591249 	-1.53503e-05
0.328052 	0.00584801 	0.000593313 	-1.45738e-05
0.329571 	0.00586563 	0.000595376 	-1.37974e-05
0.33109 	0.00588214 	0.000595739 	-1.36847e-05
0.332608 	0.00589828 	0.000595543 	-1.37896e-05
0.334127 	0.00591442 	0.000595348 	-1.38946e-05
0.335646 	0.00593056 	0.000595153 	-1.39995e-05
0.337165 	0.0059467 	0.000594957 	-1.41044e-05
0.338683 	0.00596291 	0.000594856 	-1.41741e-05
0.340202 	0.00598019 	0.000596468 	-1.35259e-05
0.341721 	0.00599763 	0.000598378 	-1.27257e-05
0.34324 	0.00601507 	0.000600289 	-1.19254e-05
0.344758 	0.00603251 	0.000602199 	-1.11251e-05
0.346277 	0.00604994 	0.000604109 	-1.03249e-05
0.347796 	0.00606738 	0.00060602 	-9.52464e-06
0.349315 	0.00608365 	0.000605764 	-9.5008e-06
0.350833 	0.00609988 	0.000605451 	-9.49739e-06
0.352352 	0.00611611 	0.000605139 	-9.49397e-06
0.353871 	0.00613235 	0.000604826 	-9.49055e-06
0.35539 	0.00614858 	0.000604514 	-9.48714e-06
0.356908 	0.00616502 	0.000604591 	-9.35161e-06
0.358427 	0.00618207 	0.000605976 	-8.74531e-06
0.359946 	0.00619929 	0.000607806 	-7.95698e-06
0.361465 	0.00621651 	0.000609637 	-7.16865e-06
0.362983 	0.00623373 	0.000611467 	-6.38031e-06
0.364502 	0.00625095 	0.000613297 	-5.59198e-06
0.366021 	0.00626817 	0.000615128 	-4.80365e-06
0.36754 	0.00628458 	0.000615183 	-4.50114e-06
0.369059 	0.00630079 	0.000614813 	-4.31467e-06
0.370577 	0.00631701 	0.000614444 	-4.1282e-06
0.372096 	0.00633322 	0.000614075 	-3.94172e-06
0.373615 	0.00634943 	0.000613705 	-3.75525e-06
0.375134 	0.00636572 	0.000613523 	-3.55763e-06
0.376652 	0.00638242 	0.000614408 	-3.29635e-06
0.378171 	0.00639925 	0.000615996 	-2.9728e-06
0.37969 	0.00641609 	0.000617672 	-2.64144e-06
0.381209 	0.00643293 	0.000619348 	-2.31007e-06
0.382727 	0.00644977 	0.000621024 	-1.97871e-06
0.384246 	0.00646662 	0.0006227 	-1.64734e-06
0.385765 	0.00648319 	0.00062383 	-1.42523e-06
0.387284 	0.00649894 	0.000623294 	-1.5361e-06
0.388802 	0.00651469 	0.000622758 	-1.64697e-06
0.390321 	0.00653044 	0.000622223 	-1.75784e-06
0.39184 	0.00654619 	0.000621687 	-1.86871e-06
0.393359 	0.00656194 	0.000621151 	-1.97958e-06
0.394877 	0.00657821 	0.000621411 	-2.04608e-06
0.396396 	0.0065948 	0.000622164 	-2.08508e-06
0.397915 	0.00661177 	0.000623693 	-1.92106e-06
0.399434 	0.00662879 	0.000625313 	-1.73319e-06
0.400952 	0.00664581 	0.000626933 	-1.54532e-06
0.402471 	0.00666283 	0.000628553 	-1.35745e-06
0.40399 	0.00667985 	0.000630173 	-1.16958e-06
0.405509 	0.00669643 	0.000631139 	-1.1767e-06
0.407028 	0.00671195 	0.000630504 	-1.66145e-06
0.408546 	0.00672747 	0.000629868 	-2.1462e-06
0.410065 	0.00674298 	0.000629232 	-2.63096e-06
0.411584 	0.0067585 	0.000628596 	-3.11571e-06
0.413103 	0.00677402 	0.000627961 	-3.60047e-06
0.414621 	0.0067904 	0.000628201 	-3.86593e-06
0.41614 	0.00680716 	0.000628815 	-4.0378e-06
0.417659 	0.00682426 	0.000629861 	-3.94761e-06
0.419178 	0.00684173 	0.000631361 	-3.58235e-06
0.420696 	0.0068592 	0.000632861 	-3.21708e-06
0.422215 	0.00687668 	0.000634361 	-2.85182e-06
0.423734 	0.00689415 	0.00063586 	-2.48656e-06
0.425253 	0.00691162 	0.00063736 	-2.12129e-06
0.426771 	0.00692728 	0.000636843 	-2.69107e-06
0.42829 	0.00694282 	0.000636178 	-3.32883e-06
0.429809 	0.00695835 	0.000635514 	-3.96659e-06
0.431328 	0.00697389 	0.00063485 	-4.60435e-06
0.432846 	0.00698942 	0.000634185 	-5.24211e-06
0.434365 	0.00700558 	0.000633978 	-5.68248e-06
0.435884 	0.0070227 	0.000634466 	-5.82259e-06
0.437403 	0.00703982 	0.000634954 	-5.96269e-06
0.438921 	0.0070576 	0.000636007 	-5.62704e-06
0.44044 	0.00707572 	0.000637347 	-5.05124e-06
0.441959 	0.00709384 	0.000638686 	-4.47545e-06
0.443478 	0.00711197 	0.000640025 	-3.89965e-06
0.444996 	0.00713009 	0.000641364 	-3.32385e-06
0.446515 	0.00714783 	0.000642375 	-2.93555e-06
0.448034 	0.00716373 	0.000641796 	-3.45441e-06
0.449553 	0.00717963 	0.000641217 	-3.97327e-06
0.451072 	0.00719553 	0.000640638 	-4.49212e-06
0.45259 	0.00721142 	0.00064006 	-5.01098e-06
0.454109 	0.00722732 	0.000639481 	-5.52984e-06
0.455628 	0.00724441 	0.000639588 	-5.75003e-06
0.457147 	0.00726201 	0.000639987 	-5.84323e-06
0.458665 	0.00727961 	0.000640386 	-5.93642e-06
0.460184 	0.00729767 	0.000641093 	-5.73384e-06
0.461703 	0.00731636 	0.000642223 	-5.12731e-06
0.463222 	0.00733504 	0.000643353 	-4.52078e-06
0.46474 	0.00735373 	0.000644482 	-3.91425e-06
0.466259 	0.00737242 	0.000645612 	-3.30772e-06
0.467778 	0.0073911 	0.000646734 	-2.70674e-06
0.469297 	0.00740755 	0.000646274 	-3.27181e-06
0.470815 	0.007424 	0.000645814 	-3.83689e-06
0.472334 	0.00744045 	0.000645354 	-4.40196e-06
0.473853 	0.00745689 	0.000644894 	-4.96704e-06
0.475372 	0.00747334 	0.000644433 	-5.53211e-06
0.47689 	0.00749071 	0.000644462 	-5.81273e-06
0.478409 	0.00750865 	0.0006448 	-5.91415e-06
0.479928 	0.00752659 	0.000645137 	-6.01558e-06
0.481447 	0.00754453 	0.000645474 	-6.11701e-06
0.482965 	0.00756324 	0.000646256 	-5.64483e-06
0.484484 	0.00758218 	0.000647178 	-4.99256e-06
0.486003 	0.00760113 	0.0006481 	-4.34028e-06
0.487522 	0.00762007 	0.000649022 	-3.688e-06
0.489041 	0.00763902 	0.000649944 	-3.03572e-06
0.490559 	0.00765707 	0.000650349 	-2.98012e-06
0.492078 	0.00767394 	0.00065007 	-3.71176e-06
0.493597 	0.00769082 	0.000649792 	-4.44341e-06
0.495116 	0.00770769 	0.000649514 	-5.17505e-06
0.496634 	0.00772457 	0.000649235 	-5.9067e-06
0.498153 	0.0077416 	0.00064903 	-6.5541e-06
0.499672 	0.00775972 	0.000649313 	-6.64017e-06
0.501191 	0.00777783 	0.000649596 	-6.72624e-06
0.502709 	0.00779594 	0.000649879 	-6.8123e-06
0.504228 	0.00781406 	0.000650162 	-6.89837e-06
0.505747 	0.0078328 	0.000650694 	-6.43517e-06
0.507266 	0.00785184 	0.000651345 	-5.71234e-06
0.508784 	0.00787088 	0.000651996 	-4.9895e-06
0.510303 	0.00788992 	0.000652647 	-4.26667e-06
0.511822 	0.00790895 	0.000653298 	-3.54384e-06
0.513341 	0.00792712 	0.000653566 	-3.38503e-06
0.514859 	0.00794421 	0.000653366 	-3.91692e-06
0.516378 	0.0079613 	0.000653166 	-4.4488e-06
0.517897 	0.00797839 	0.000652966 	-4.98068e-06
0.519416 	0.00799548 	0.000652766 	-5.51256e-06
0.520934 	0.00801289 	0.000652671 	-5.92453e-06
0.522453 	0.00803121 	0.00065289 	-5.97915e-06
0.523972 	0.00804954 	0.000653108 	-6.03377e-06
0.525491 	0.00806787 	0.000653327 	-6.08839e-06
0.52701 	0.00808619 	0.000653545 	-6.14301e-06
0.528528 	0.00810469 	0.000653812 	-6.10023e-06
0.530047 	0.00812398 	0.000654303 	-5.6047e-06
0.531566 	0.00814326 	0.000654795 	-5.10918e-06
0.533085 	0.00816255 	0.000655286 	-4.61366e-06
0.534603 	0.00818184 	0.000655777 	-4.11813e-06
0.536122 	0.00820101 	0.000656231 	-3.65415e-06
0.537641 	0.0082183 	0.000656093 	-3.68566e-06
0.53916 	0.0082356 	0.000655954 	-3.71718e-06
0.540678 	0.0082529 	0.000655816 	-3.74869e-06
0.542197 	0.00827019 	0.000655677 	-3.78021e-06
0.543716 	0.00828749 	0.000655539 	-3.81172e-06
0.545235 	0.00830604 	0.00065569 	-3.94645e-06
0.546753 	0.00832462 	0.000655849 	-4.0838e-06
0.548272 	0.0083432 	0.000656008 	-4.22116e-06
0.549791 	0.00836178 	0.000656167 	-4.35851e-06
0.55131 	0.00838037 	0.000656325 	-4.49586e-06
0.552828 	0.00839919 	0.000656538 	-4.63507e-06
0.554347 	0.00841874 	0.000656906 	-4.77966e-06
0.555866 	0.00843828 	0.000657274 	-4.92424e-06
0.557385 	0.00845782 	0.000657643 	-5.06883e-06
0.558903 	0.00847736 	0.000658011 	-5.21342e-06
0.560422 	0.00849638 	0.000658251 	-5.37262e-06
0.561941 	0.00851392 	0.00065813 	-5.57287e-06
0.56346 	0.00853146 	0.000658009 	-5.77313e-06
0.564978 	0.00854901 	0.000657888 	-5.97338e-06
0.566497 	0.00856655 	0.000657767 	-6.17364e-06
0.568016 	0.00858447 	0.000657707 	-6.40257e-06
0.569535 	0.00860325 	0.000657786 	-6.69772e-06
0.571054 	0.00862203 	0.000657864 	-6.99287e-06
0.572572 	0.00864081 	0.000657943 	-7.28802e-06
0.574091 	0.00865959 	0.000658022 	-7.58316e-06
0.57561 	0.00867837 	0.000658101 	-7.87831e-06
0.577129 	0.00869716 	0.00065818 	-8.17346e-06
0.578647 	0.00871675 	0.000658397 	-8.50061e-06
0.580166 	0.00873641 	0.000658627 	-8.83059e-06
0.581685 	0.00875607 	0.000658856 	-9.16057e-06
0.583204 	0.00877574 	0.000659085 	-9.49054e-06
0.584722 	0.00879529 	0.000659287 	-9.83828e-06
0.586241 	0.00881306 	0.000659053 	-1.04688e-05
0.58776 	0.00883083 	0.000658818 	-1.10994e-05
0.589279 	0.0088486 	0.000658583 	-1.173e-05
0.590797 	0.00886637 	0.000658349 	-1.23605e-05
0.592316 	0.0088844 	0.000658171 	-1.29353e-05
0.593835 	0.00890328 	0.000658178 	-1.33264e-05
0.595354 	0.00892216 	0.000658186 	-1.37176e-05
0.596872 	0.00894104 	0.000658193 	-1.41087e-05
0.598391 	0.00895992 	0.000658201 	-1.44998e-05
0.59991 	0.0089788 	0.000658208 	-1.4891e-05
0.601429 	0.00899768 	0.000658216 	-1.52821e-05
0.602947 	0.00901669 	0.000658258 	-1.5638e-05
0.604466 	0.00903636 	0.000658472 	-1.58195e-05
0.605985 	0.00905603 	0.000658687 	-1.6001e-05
0.607504 	0.0090757 	0.000658901 	-1.61825e-05
0.609023 	0.00909538 	0.000659116 	-1.6364e-05
0.610541 	0.0091142 	0.00065912 	-1.6866e-05
0.61206 	0.00913201 	0.000658871 	-1.77572e-05
0.613579 	0.00914981 	0.000658622 	-1.86484e-05
0.615098 	0.00916762 	0.000658372 	-1.95397e-05
0.616616 	0.00918542 	0.000658123 	-2.04309e-05
0.618135 	0.00920423 	0.000658063 	-2.0918e-05
0.619654 	0.00922333 	0.000658059 	-2.12833e-05
0.621173 	0.00924244 	0.000658056 	-2.16487e-05
0.622691 	0.00926155 	0.000658052 	-2.2014e-05
0.62421 	0.00928065 	0.000658049 	-2.23793e-05
0.625729 	0.00929976 	0.000658046 	-2.27447e-05
0.627248 	0.00931887 	0.000658042 	-2.311e-05
0.628766 	0.00933798 	0.00065804 	-2.34724e-05
0.630285 	0.00935811 	0.000658219 	-2.34502e-05
0.631804 	0.00937825 	0.000658398 	-2.34281e-05
0.633323 	0.00939838 	0.000658576 	-2.34059e-05
0.634841 	0.00941851 	0.000658755 	-2.33838e-05
0.63636 	0.00943784 	0.00065872 	-2.37093e-05
0.637879 	0.00945615 	0.000658418 	-2.44721e-05
0.639398 	0.00947446 	0.000658115 	-2.5235e-05
0.640916 	0.00949277 	0.000657812 	-2.59978e-05
0.642435 	0.00951109 	0.000657509 	-2.67607e-05
0.643954 	0.00953034 	0.000657451 	-2.70737e-05
0.645473 	0.00954969 	0.000657417 	-2.73426e-05
0.646991 	0.00956904 	0.000657383 	-2.76116e-05
0.64851 	0.00958838 	0.000657349 	-2.78805e-05
0.650029 	0.00960773 	0.000657315 	-2.81494e-05
0.651548 	0.00962708 	0.000657282 	-2.84184e-05
0.653067 	0.00964642 	0.000657248 	-2.86873e-05
0.654585 	0.00966577 	0.000657214 	-2.89562e-05
0.656104 	0.00968546 	0.000657274 	-2.9049e-05
0.657623 	0.00970558 	0.000657452 	-2.892e-05
0.659142 	0.0097257 	0.00065763 	-2.8791e-05
0.66066 	0.00974582 	0.000657809 	-2.86619e-05
0.662179 	0.00976587 	0.000657965 	-2.85516e-05
0.663698 	0.00978402 	0.000657551 	-2.89311e-05
0.665217 	0.00980217 	0.000657137 	-2.93105e-05
0.666735 	0.00982033 	0.000656722 	-2.969e-05
0.668254 	0.00983848 	0.000656308 	-3.00694e-05
0.669773 	0.00985748 	0.000656075 	-3.03202e-05
0.671292 	0.00987692 	0.000655934 	-3.05053e-05
0.67281 	0.00989636 	0.000655794 	-3.06905e-05
0.674329 	0.0099158 	0.000655653 	-3.08756e-05
0.675848 	0.00993524 	0.000655513 	-3.10608e-05
0.677367 	0.00995467 	0.000655372 	-3.12459e-05
0.678885 	0.00997411 	0.000655232 	-3.1431e-05
0.680404 	0.00999355 	0.000655091 	-3.16162e-05
0.681923 	0.010013 	0.000654951 	-3.18013e-05
0.683442 	0.0100329 	0.000654947 	-3.17942e-05
0.68496 	0.0100533 	0.000655093 	-3.15781e-05
0.686479 	0.0100737 	0.000655239 	-3.1362e-05
0.687998 	0.0100942 	0.000655385 	-3.11458e-05
0.689517 	0.010114 	0.000655366 	-3.1022e-05
0.691036 	0.0101321 	0.000654818 	-3.1194e-05
0.692554 	0.0101502 	0.00065427 	-3.1366e-05
0.694073 	0.0101683 	0.000653722 	-3.15381e-05
0.695592 	0.0101864 	0.000653182 	-3.17072e-05
0.697111 	0.0102059 	0.000652914 	-3.17701e-05
0.698629 	0.0102254 	0.000652647 	-3.18329e-05
0.700148 	0.0102449 	0.000652379 	-3.18958e-05
0.701667 	0.0102644 	0.000652112 	-3.19586e-05
0.703186 	0.0102839 	0.000651844 	-3.20215e-05
0.704704 	0.0103034 	0.000651577 	-3.20843e-05
0.706223 	0.0103229 	0.00065131 	-3.21472e-05
0.707742 	0.0103424 	0.000651042 	-3.221e-05
0.709261 	0.0103619 	0.000650775 	-3.22729e-05
0.710779 	0.0103815 	0.000650553 	-3.22784e-05
0.712298 	0.0104021 	0.000650655 	-3.18771e-05
0.713817 	0.0104228 	0.000650757 	-3.14758e-05
0.715336 	0.0104434 	0.00065086 	-3.10745e-05
0.716854 	0.0104639 	0.000650918 	-3.07108e-05
0.718373 	0.0104821 	0.000650173 	-3.10415e-05
0.719892 	0.0105002 	0.000649427 	-3.13721e-05
0.721411 	0.0105184 	0.000648681 	-3.17027e-05
0.722929 	0.0105366 	0.000647938 	-3.20309e-05
0.724448 	0.0105563 	0.000647613 	-3.19991e-05
0.725967 	0.0105759 	0.000647287 	-3.19674e-05
0.727486 	0.0105956 	0.000646962 	-3.19356e-05
0.729005 	0.0106153 	0.000646636 	-3.19039e-05
0.730523 	0.010635 	0.000646311 	-3.18721e-05
0.732042 	0.0106546 	0.000645985 	-3.18403e-05
0.733561 	0.0106743 	0.00064566 	-3.18086e-05
0.73508 	0.010694 	0.000645334 	-3.17768e-05
0.736598 	0.0107137 	0.000645009 	-3.17451e-05
0.738117 	0.0107333 	0.000644683 	-3.17133e-05
0.739636 	0.0107535 	0.000644575 	-3.14969e-05
0.741155 	0.0107745 	0.000644814 	-3.09845e-05
0.742673 	0.0107954 	0.000645053 	-3.04722e-05
0.744192 	0.0108164 	0.000645292 	-2.99599e-05
0.745711 	0.0108362 	0.000645009 	-2.99265e-05
0.74723 	0.010855 	0.00064417 	-3.04045e-05
0.748748 	0.0108737 	0.000643331 	-3.08824e-05
0.750267 	0.0108924 	0.000642492 	-3.13603e-05
0.751786 	0.010912 	0.000642017 	-3.15581e-05
0.753305 	0.0109321 	0.000641777 	-3.15755e-05
0.754823 	0.0109523 	0.000641538 	-3.15929e-05
0.756342 	0.0109724 	0.000641298 	-3.16103e-05
0.757861 	0.0109926 	0.000641058 	-3.16277e-05
0.75938 	0.0110127 	0.000640818 	-3.16451e-05
0.760898 	0.0110329 	0.000640578 	-3.16625e-05
0.762417 	0.0110531 	0.000640339 	-3.16799e-05
0.763936 	0.0110732 	0.000640099 	-3.16973e-05
0.765455 	0.0110934 	0.000639859 	-3.17147e-05
0.766973 	0.0111135 	0.000639619 	-3.17321e-05
0.768492 	0.011134 	0.000639566 	-3.16701e-05
0.770011 	0.0111554 	0.000640019 	-3.13929e-05
0.77153 	0.0111768 	0.000640471 	-3.11158e-05
0.773049 	0.0111982 	0.000640924 	-3.08386e-05
0.774567 	0.0112186 	0.000640702 	-3.09665e-05
0.776086 	0.0112381 	0.000639911 	-3.14369e-05
0.777605 	0.0112577 	0.000639119 	-3.19073e-05
0.779124 	0.0112772 	0.000638328 	-3.23777e-05
0.780642 	0.0112978 	0.000638111 	-3.25262e-05
0.782161 	0.0113185 	0.000638006 	-3.26119e-05
0.78368 	0.0113392 	0.000637901 	-3.26976e-05
0.785199 	0.0113599 	0.000637797 	-3.27833e-05
0.786717 	0.0113807 	0.000637692 	-3.28689e-05
0.788236 	0.0114014 	0.000637587 	-3.29546e-05
0.789755 	0.0114221 	0.000637483 	-3.30403e-05
0.791274 	0.0114429 	0.000637378 	-3.3126e-05
0.792792 	0.0114636 	0.000637273 	-3.32117e-05
0.794311 	0.0114843 	0.000637168 	-3.32973e-05
0.79583 	0.0115051 	0.000637064 	-3.3383e-05
0.797349 	0.0115258 	0.000636959 	-3.34687e-05
0.798867 	0.0115473 	0.000637403 	-3.34898e-05
0.800386 	0.0115691 	0.000637992 	-3.34938e-05
0.801905 	0.0115908 	0.000638582 	-3.34977e-05
0.803424 	0.0116122 	0.000638853 	-3.35949e-05
0.804942 	0.0116324 	0.000638078 	-3.39984e-05
0.806461 	0.0116525 	0.000637303 	-3.44019e-05
0.80798 	0.0116726 	0.000636528 	-3.48054e-05
0.809499 	0.0116935 	0.000636273 	-3.50172e-05
0.811018 	0.0117146 	0.000636244 	-3.51457e-05
0.812536 	0.0117358 	0.000636216 	-3.52743e-05
0.814055 	0.0117569 	0.000636187 	-3.54028e-05
0.815574 	0.0117781 	0.000636158 	-3.55314e-05
0.817093 	0.0117993 	0.000636129 	-3.56599e-05
0.818611 	0.0118204 	0.0006361 	-3.57885e-05
0.82013 	0.0118416 	0.000636072 	-3.5917e-05
0.821649 	0.0118627 	0.000636043 	-3.60456e-05
0.823168 	0.0118839 	0.000636014 	-3.61741e-05
0.824686 	0.0119051 	0.000635985 	-3.63027e-05
0.826205 	0.0119262 	0.000635957 	-3.64312e-05
0.827724 	0.0119474 	0.000635928 	-3.65598e-05
0.829243 	0.0119695 	0.000636642 	-3.66151e-05
0.830761 	0.0119917 	0.000637391 	-3.66668e-05
0.83228 	0.0120139 	0.000638141 	-3.67185e-05
0.833799 	0.0120351 	0.000638059 	-3.69177e-05
0.835318 	0.0120556 	0.000637344 	-3.72292e-05
0.836836 	0.0120761 	0.000636628 	-3.75407e-05
0.838355 	0.0120968 	0.00063606 	-3.78176e-05
0.839874 	0.0121182 	0.000636085 	-3.79546e-05
0.841393 	0.0121397 	0.00063611 	-3.80916e-05
0.842911 	0.0121611 	0.000636136 	-3.82285e-05
0.84443 	0.0121826 	0.000636161 	-3.83655e-05
0.845949 	0.012204 	0.000636186 	-3.85025e-05
0.847468 	0.0122255 	0.000636212 	-3.86395e-05
0.848986 	0.0122469 	0.000636237 	-3.87764e-05
0.850505 	0.0122684 	0.000636262 	-3.89134e-05
0.852024 	0.0122898 	0.000636288 	-3.90504e-05
0.853543 	0.0123113 	0.000636313 	-3.91873e-05
0.855062 	0.0123327 	0.000636338 	-3.93243e-05
0.85658 	0.0123542 	0.000636364 	-3.94613e-05
0.858099 	0.0123756 	0.000636389 	-3.95983e-05
0.859618 	0.0123979 	0.00063706 	-3.95586e-05
0.861137 	0.0124204 	0.000637918 	-3.94678e-05
0.862655 	0.0124428 	0.000638777 	-3.9377e-05
0.864174 	0.0124644 	0.000638828 	-3.93486e-05
0.865693 	0.0124851 	0.000638229 	-3.93706e-05
0.867212 	0.0125058 	0.00063763 	-3.93926e-05
0.86873 	0.0125269 	0.000637286 	-3.94317e-05
0.870249 	0.0125487 	0.000637425 	-3.95029e-05
0.871768 	0.0125705 	0.000637564 	-3.95741e-05
0.873287 	0.0125923 	0.000637703 	-3.96453e-05
0.874805 	0.0126141 	0.000637842 	-3.97166e-05
0.876324 	0.012636 	0.000637981 	-3.97878e-05
0.877843 	0.0126578 	0.00063812 	-3.9859e-05
0.879362 	0.0126796 	0.000638259 	-3.99302e-05
0.88088 	0.0127014 	0.000638398 	-4.00015e-05
0.882399 	0.0127232 	0.000638537 	-4.00727e-05
0.883918 	0.012745 	0.000638677 	-4.01439e-05
0.885437 	0.0127668 	0.000638816 	-4.02151e-05
0.886955 	0.0127886 	0.000638955 	-4.02864e-05
0.888474 	0.0128105 	0.000639094 	-4.03576e-05
0.889993 	0.0128326 	0.00063945 	-4.04033e-05
0.891512 	0.0128555 	0.00064041 	-4.03782e-05
0.893031 	0.0128785 	0.00064137 	-4.03531e-05
0.894549 	0.0129012 	0.000642071 	-4.03293e-05
0.896068 	0.0129225 	0.000641747 	-4.03102e-05
0.897587 	0.0129438 	0.000641424 	-4.02912e-05
0.899106 	0.0129652 	0.000641194 	-4.02813e-05
0.900624 	0.0129875 	0.000641499 	-4.03226e-05
0.902143 	0.0130097 	0.000641804 	-4.03639e-05
0.903662 	0.0130319 	0.000642109 	-4.04052e-05
0.905181 	0.0130542 	0.000642414 	-4.04466e-05
0.906699 	0.0130764 	0.000642719 	-4.04879e-05
0.908218 	0.0130986 	0.000643023 	-4.05292e-05
0.909737 	0.0131209 	0.000643328 	-4.05705e-05
0.911256 	0.0131431 	0.000643633 	-4.06119e-05
0.912774 	0.0131653 	0.000643938 	-4.06532e-05
0.914293 	0.0131876 	0.000644243 	-4.06945e-05
0.915812 	0.0132098 	0.000644548 	-4.07358e-05
0.917331 	0.013232 	0.000644853 	-4.07772e-05
0.918849 	0.0132542 	0.000645158 	-4.08185e-05
0.920368 	0.0132765 	0.000645462 	-4.08598e-05
0.921887 	0.0132991 	0.000646065 	-4.08727e-05
0.923406 	0.0133224 	0.000647052 	-4.08488e-05
0.924924 	0.0133456 	0.000648039 	-4.08249e-05
0.926443 	0.0133681 	0.000648508 	-4.08763e-05
0.927962 	0.0133899 	0.000648507 	-4.09963e-05
0.929481 	0.0134116 	0.000648505 	-4.11163e-05
0.930999 	0.0134338 	0.000648747 	-4.12054e-05
0.932518 	0.0134563 	0.000649138 	-4.12757e-05
0.934037 	0.0134787 	0.000649529 	-4.1346e-05
0.935556 	0.0135011 	0.000649919 	-4.14162e-05
0.937075 	0.0135236 	0.00065031 	-4.14865e-05
0.938593 	0.013546 	0.000650701 	-4.15568e-05
0.940112 	0.0135685 	0.000651092 	-4.1627e-05
0.941631 	0.0135909 	0.000651482 	-4.16973e-05
0.94315 	0.0136133 	0.000651873 	-4.17676e-05
0.944668 	0.0136358 	0.000652264 	-4.18378e-05
0.946187 	0.0136582 	0.000652655 	-4.19081e-05
0.947706 	0.0136807 	0.000653046 	-4.19784e-05
0.949225 	0.0137031 	0.000653436 	-4.20486e-05
0.950743 	0.0137255 	0.000653827 	-4.21189e-05
0.952262 	0.013748 	0.000654218 	-4.21892e-05
0.953781 	0.0137706 	0.000654736 	-4.2218e-05
0.9553 	0.0137938 	0.000655548 	-4.21514e-05
0.956818 	0.0138169 	0.00065636 	-4.20847e-05
0.958337 	0.0138393 	0.000656805 	-4.2116e-05
0.959856 	0.0138611 	0.000656924 	-4.22338e-05
0.961375 	0.0138829 	0.000657043 	-4.23517e-05
0.962893 	0.0139051 	0.000657324 	-4.23052e-05
0.964412 	0.0139275 	0.000657654 	-4.22081e-05
0.965931 	0.0139499 	0.000657985 	-4.21111e-05
0.96745 	0.0139723 	0.000658315 	-4.20141e-05
0.968968 	0.0139946 	0.000658645 	-4.19171e-05
0.970487 	0.014017 	0.000658976 	-4.182e-05
0.972006 	0.0140394 	0.000659306 	-4.1723e-05
0.973525 	0.0140618 	0.000659636 	-4.1626e-05
0.975044 	0.0140842 	0.000659966 	-4.1529e-05
0.976562 	0.0141066 	0.000660297 	-4.1432e-05
0.978081 	0.014129 	0.000660627 	-4.13349e-05
0.9796 	0.0141514 	0.000660957 	-4.12379e-05
0.981119 	0.0141737 	0.000661287 	-4.11409e-05
0.982637 	0.0141961 	0.000661618 	-4.10439e-05
0.984156 	0.0142185 	0.000661948 	-4.09469e-05
0.985675 	0.0142409 	0.000662278 	-4.08498e-05
0.987194 	0.0142637 	0.000662817 	-4.06043e-05
0.988712 	0.0142866 	0.000663385 	-4.03383e-05
0.990231 	0.0143092 	0.000663835 	-4.00803e-05
0.99175 	0.0143308 	0.000663901 	-3.98484e-05
0.993269 	0.0143524 	0.000663967 	-3.96164e-05
0.994787 	0.0143744 	0.000664152 	-3.92724e-05
0.996306 	0.0143967 	0.000664417 	-3.88528e-05
0.997825 	0.014419 	0.000664682 	-3.84331e-05
0.999344 	0.0144413 	0.000664947 	-3.80135e-05
1.00086 	0.0144636 	0.000665213 	-3.75939e-05
1.00238 	0.0144858 	0.000665478 	-3.71742e-05
1.0039 	0.0145081 	0.000665743 	-3.67546e-05
1.00542 	0.0145304 	0.000666009 	-3.6335e-05
1.00694 	0.0145527 	0.000666274 	-3.59153e-05
1.00846 	0.014575 	0.000666539 	-3.54957e-05
1.00997 	0.0145973 	0.000666804 	-3.50761e-05
1.01149 	0.0146196 	0.00066707 	-3.46564e-05
1.01301 	0.0146419 	0.000667335 	-3.42368e-05
1.01453 	0.0146642 	0.0006676 	-3.38171e-05
1.01605 	0.0146865 	0.000667865 	-3.33975e-05
1.01757 	0.0147088 	0.000668131 	-3.29779e-05
1.01909 	0.0147312 	0.000668442 	-3.25534e-05
1.02061 	0.0147541 	0.000668966 	-3.21067e-05
1.02213 	0.0147771 	0.00066949 	-3.166e-05
1.02364 	0.0147991 	0.000669772 	-3.11457e-05
1.02516 	0.0148207 	0.000669926 	-3.05954e-05
1.02668 	0.0148424 	0.000670091 	-3.00588e-05
1.0282 	0.0148647 	0.00067034 	-2.96161e-05
1.02972 	0.0148871 	0.000670589 	-2.91733e-05
1.03124 	0.0149094 	0.000670837 	-2.87306e-05
1.03276 	0.0149318 	0.000671086 	-2.82879e-05
1.03428 	0.0149542 	0.000671335 	-2.78451e-05
1.03579 	0.0149765 	0.000671584 	-2.74024e-05
1.03731 	0.0149989 	0.000671832 	-2.69596e-05
1.03883 	0.0150213 	0.000672081 	-2.65169e-05
1.04035 	0.0150436 	0.00067233 	-2.60741e-05
1.04187 	0.015066 	0.000672578 	-2.56314e-05
1.04339 	0.0150884 	0.000672827 	-2.51887e-05
1.04491 	0.0151107 	0.000673076 	-2.47459e-05
1.04643 	0.0151331 	0.000673325 	-2.43032e-05
1.04794 	0.0151555 	0.000673573 	-2.38604e-05
1.04946 	0.0151778 	0.000673822 	-2.34177e-05
1.05098 	0.0152002 	0.000674071 	-2.29749e-05
1.0525 	0.0152227 	0.000674358 	-2.25658e-05
1.05402 	0.0152458 	0.000674782 	-2.22752e-05
1.05554 	0.0152688 	0.000675206 	-2.19845e-05
1.05706 	0.0152908 	0.000675391 	-2.151e-05
1.05858 	0.0153126 	0.000675514 	-2.09884e-05
1.06009 	0.0153345 	0.000675681 	-2.06357e-05
1.06161 	0.015357 	0.000675922 	-2.05719e-05
1.06313 	0.0153794 	0.000676164 	-2.0508e-05
1.06465 	0.0154018 	0.000676405 	-2.04442e-05
1.06617 	0.0154242 	0.000676646 	-2.03803e-05
1.06769 	0.0154467 	0.000676888 	-2.03165e-05
1.06921 	0.0154691 	0.000677129 	-2.02527e-05
1.07073 	0.0154915 	0.000677371 	-2.01888e-05
1.07224 	0.0155139 	0.000677612 	-2.0125e-05
1.07376 	0.0155363 	0.000677853 	-2.00611e-05
1.07528 	0.0155588 	0.000678095 	-1.99973e-05
1.0768 	0.0155812 	0.000678336 	-1.99335e-05
1.07832 	0.0156036 	0.000678578 	-1.98696e-05
1.07984 	0.015626 	0.000678819 	-1.98058e-05
1.08136 	0.0156485 	0.00067906 	-1.97419e-05
1.08288 	0.0156709 	0.000679302 	-1.96781e-05
1.08439 	0.0156933 	0.000679543 	-1.96143e-05
1.08591 	0.0157157 	0.000679789 	-1.95579e-05
1.08743 	0.0157388 	0.00068023 	-1.98683e-05
1.08895 	0.0157619 	0.000680672 	-2.01786e-05
1.09047 	0.0157842 	0.000680895 	-2.02377e-05
1.09199 	0.015806 	0.000681015 	-2.01784e-05
1.09351 	0.0158281 	0.00068119 	-2.02188e-05
1.09503 	0.0158506 	0.000681477 	-2.04571e-05
1.09654 	0.0158731 	0.000681763 	-2.06954e-05
1.09806 	0.0158956 	0.00068205 	-2.09336e-05
1.09958 	0.0159181 	0.000682336 	-2.11719e-05
1.1011 	0.0159406 	0.000682622 	-2.14102e-05
1.10262 	0.0159631 	0.000682909 	-2.16485e-05
1.10414 	0.0159856 	0.000683195 	-2.18868e-05
1.10566 	0.0160081 	0.000683482 	-2.2125e-05
1.10718 	0.0160306 	0.000683768 	-2.23633e-05
1.10869 	0.0160531 	0.000684054 	-2.26016e-05
1.11021 	0.0160757 	0.000684341 	-2.28399e-05
1.11173 	0.0160982 	0.000684627 	-2.30782e-05
1.11325 	0.0161207 	0.000684914 	-2.33164e-05
1.11477 	0.0161432 	0.0006852 	-2.35547e-05
1.11629 	0.0161657 	0.000685487 	-2.3793e-05
1.11781 	0.0161882 	0.000685773 	-2.40313e-05
1.11933 	0.0162107 	0.000686059 	-2.42696e-05
1.12084 	0.0162336 	0.000686485 	-2.47272e-05
1.12236 	0.0162568 	0.000687007 	-2.53355e-05
1.12388 	0.0162797 	0.000687427 	-2.58618e-05
1.1254 	0.0163018 	0.00068763 	-2.62132e-05
1.12692 	0.0163239 	0.000687837 	-2.65563e-05
1.12844 	0.0163464 	0.000688152 	-2.67012e-05
1.12996 	0.016369 	0.000688466 	-2.6846e-05
1.13148 	0.0163915 	0.000688781 	-2.69908e-05
1.13299 	0.0164141 	0.000689095 	-2.71357e-05
1.13451 	0.0164366 	0.00068941 	-2.72805e-05
1.13603 	0.0164592 	0.000689724 	-2.74253e-05
1.13755 	0.0164817 	0.000690039 	-2.75702e-05
1.13907 	0.0165043 	0.000690353 	-2.7715e-05
1.14059 	0.0165268 	0.000690668 	-2.78598e-05
1.14211 	0.0165493 	0.000690982 	-2.80047e-05
1.14363 	0.0165719 	0.000691297 	-2.81495e-05
1.14514 	0.0165944 	0.000691611 	-2.82943e-05
1.14666 	0.016617 	0.000691926 	-2.84392e-05
1.14818 	0.0166395 	0.00069224 	-2.8584e-05
1.1497 	0.0166621 	0.000692555 	-2.87288e-05
1.15122 	0.0166846 	0.000692869 	-2.88737e-05
1.15274 	0.0167072 	0.000693184 	-2.90185e-05
1.15426 	0.0167297 	0.000693498 	-2.91633e-05
1.15578 	0.0167527 	0.000693971 	-2.93331e-05
1.15729 	0.0167757 	0.000694452 	-2.95041e-05
1.15881 	0.0167979 	0.000694698 	-2.96451e-05
1.16033 	0.0168199 	0.000694858 	-2.97752e-05
1.16185 	0.016842 	0.00069508 	-2.98314e-05
1.16337 	0.0168644 	0.000695362 	-2.98137e-05
1.16489 	0.0168867 	0.000695644 	-2.9796e-05
1.16641 	0.0169091 	0.000695927 	-2.97783e-05
1.16793 	0.0169314 	0.000696209 	-2.97606e-05
1.16944 	0.0169538 	0.000696491 	-2.97428e-05
1.17096 	0.0169762 	0.000696774 	-2.97251e-05
1.17248 	0.0169985 	0.000697056 	-2.97074e-05
1.174 	0.0170209 	0.000697338 	-2.96897e-05
1.17552 	0.0170432 	0.00069762 	-2.9672e-05
1.17704 	0.0170656 	0.000697903 	-2.96543e-05
1.17856 	0.017088 	0.000698185 	-2.96366e-05
1.18008 	0.0171103 	0.000698467 	-2.96188e-05
1.18159 	0.0171327 	0.00069875 	-2.96011e-05
1.18311 	0.0171551 	0.000699032 	-2.95834e-05
1.18463 	0.0171774 	0.000699314 	-2.95657e-05
1.18615 	0.0171998 	0.000699597 	-2.9548e-05
1.18767 	0.0172221 	0.000699879 	-2.95303e-05
1.18919 	0.0172446 	0.000700186 	-2.95069e-05
1.19071 	0.0172674 	0.000700658 	-2.94458e-05
1.19223 	0.0172903 	0.000701131 	-2.93847e-05
1.19374 	0.0173122 	0.000701256 	-2.93213e-05
1.19526 	0.017334 	0.000701356 	-2.92578e-05
1.19678 	0.017356 	0.00070158 	-2.92457e-05
1.1983 	0.017378 	0.000701849 	-2.92526e-05
1.19982 	0.0174 	0.000702118 	-2.92595e-05
1.20134 	0.0174221 	0.000702388 	-2.92664e-05
1.20286 	0.0174441 	0.000702657 	-2.92733e-05
1.20438 	0.0174661 	0.000702926 	-2.92802e-05
1.20589 	0.0174882 	0.000703196 	-2.92871e-05
1.20741 	0.0175102 	0.000703465 	-2.92941e-05
1.20893 	0.0175322 	0.000703734 	-2.9301e-05
1.21045 	0.0175542 	0.000704003 	-2.93079e-05
1.21197 	0.0175763 	0.000704273 	-2.93148e-05
1.21349 	0.0175983 	0.000704542 	-2.93217e-05
1.21501 	0.0176203 	0.000704811 	-2.93286e-05
1.21653 	0.0176424 	0.000705081 	-2.93355e-05
1.21805 	0.0176644 	0.00070535 	-2.93424e-05
1.21956 	0.0176864 	0.000705619 	-2.93494e-05
1.22108 	0.0177085 	0.000705888 	-2.93563e-05
1.2226 	0.0177305 	0.000706158 	-2.93632e-05
1.22412 	0.0177526 	0.000706463 	-2.93674e-05
1.22564 	0.017775 	0.000707006 	-2.93541e-05
1.22716 	0.0177975 	0.00070755 	-2.93408e-05
1.22868 	0.017819 	0.000707662 	-2.92384e-05
1.2302 	0.0178404 	0.000707749 	-2.91308e-05
1.23171 	0.0178619 	0.000707972 	-2.92126e-05
1.23323 	0.0178836 	0.000708241 	-2.93589e-05
1.23475 	0.0179052 	0.00070851 	-2.95052e-05
1.23627 	0.0179268 	0.000708779 	-2.96514e-05
1.23779 	0.0179484 	0.000709048 	-2.97977e-05
1.23931 	0.01797 	0.000709317 	-2.9944e-05
1.24083 	0.0179916 	0.000709586 	-3.00902e-05
1.24235 	0.0180132 	0.000709855 	-3.02365e-05
1.24386 	0.0180349 	0.000710125 	-3.03828e-05
1.24538 	0.0180565 	0.000710394 	-3.0529e-05
1.2469 	0.0180781 	0.000710663 	-3.06753e-05
1.24842 	0.0180997 	0.000710932 	-3.08216e-05
1.24994 	0.0181213 	0.000711201 	-3.09678e-05
1.25146 	0.0181429 	0.00071147 	-3.11141e-05
1.25298 	0.0181646 	0.000711739 	-3.12604e-05
1.2545 	0.0181862 	0.000712008 	-3.14066e-05
1.25601 	0.0182078 	0.000712277 	-3.15529e-05
1.25753 	0.0182294 	0.000712546 	-3.16992e-05
1.25905 	0.018251 	0.000712815 	-3.18454e-05
1.26057 	0.0182731 	0.000713412 	-3.2084e-05
1.26209 	0.0182951 	0.000714016 	-3.23247e-05
1.26361 	0.0183163 	0.000714271 	-3.24667e-05
1.26513 	0.0183372 	0.000714428 	-3.25809e-05
1.26665 	0.0183583 	0.000714639 	-3.27396e-05
1.26816 	0.0183796 	0.000714892 	-3.29322e-05
1.26968 	0.0184008 	0.000715144 	-3.31248e-05
1.2712 	0.018422 	0.000715397 	-3.33174e-05
1.27272 	0.0184432 	0.000715649 	-3.351e-05
1.27424 	0.0184644 	0.000715902 	-3.37026e-05
1.27576 	0.0184857 	0.000716154 	-3.38952e-05
1.27728 	0.0185069 	0.000716407 	-3.40878e-05
1.2788 	0.0185281 	0.00071666 	-3.42804e-05
1.28031 	0.0185493 	0.000716912 	-3.4473e-05
1.28183 	0.0185706 	0.000717165 	-3.46656e-05
1.28335 	0.0185918 	0.000717417 	-3.48582e-05
1.28487 	0.018613 	0.00071767 	-3.50508e-05
1.28639 	0.0186342 	0.000717922 	-3.52434e-05
1.28791 	0.0186554 	0.000718175 	-3.5436e-05
1.28943 	0.0186767 	0.000718428 	-3.56286e-05
1.29095 	0.0186979 	0.00071868 	-3.58212e-05
1.29246 	0.0187191 	0.000718933 	-3.60138e-05
1.29398 	0.0187403 	0.000719185 	-3.62064e-05
1.2955 	0.0187619 	0.000719637 	-3.63893e-05
1.29702 	0.0187836 	0.000720179 	-3.65679e-05
1.29854 	0.0188048 	0.000720558 	-3.67093e-05
1.30006 	0.0188254 	0.000720745 	-3.68067e-05
1.30158 	0.018846 	0.000720946 	-3.68762e-05
1.3031 	0.018867 	0.0007212 	-3.68419e-05
1.30461 	0.0188879 	0.000721455 	-3.68076e-05
1.30613 	0.0189089 	0.000721709 	-3.67734e-05
1.30765 	0.0189298 	0.000721963 	-3.67391e-05
1.30917 	0.0189507 	0.000722218 	-3.67048e-05
1.31069 	0.0189717 	0.000722472 	-3.66705e-05
1.31221 	0.0189926 	0.000722726 	-3.66362e-05
1.31373 	0.0190136 	0.000722981 	-3.66019e-05
1.31525 	0.0190345 	0.000723235 	-3.65676e-05
1.31676 	0.0190555 	0.00072349 	-3.65333e-05
1.31828 	0.0190764 	0.000723744 	-3.6499e-05
1.3198 	0.0190973 	0.000723998 	-3.64647e-05
1.32132 	0.0191183 	0.000724253 	-3.64304e-05
1.32284 	0.0191392 	0.000724507 	-3.63961e-05
1.32436 	0.0191602 	0.000724762 	-3.63618e-05
1.32588 	0.0191811 	0.000725016 	-3.63275e-05
1.3274 	0.0192021 	0.00072527 	-3.62932e-05
1.32891 	0.019223 	0.000725525 	-3.62589e-05
1.33043 	0.0192441 	0.000725861 	-3.61916e-05
1.33195 	0.0192655 	0.000726405 	-3.60413e-05
1.33347 	0.019287 	0.000726948 	-3.58909e-05
1.33499 	0.0193073 	0.000727197 	-3.56678e-05
1.33651 	0.0193277 	0.000727445 	-3.54447e-05
1.33803 	0.0193484 	0.00072772 	-3.51189e-05
1.33955 	0.0193692 	0.000728007 	-3.47486e-05
1.34106 	0.0193901 	0.000728293 	-3.43783e-05
1.34258 	0.019411 	0.00072858 	-3.4008e-05
1.3441 	0.0194318 	0.000728866 	-3.36377e-05
1.34562 	0.0194527 	0.000729153 	-3.32673e-05
1.34714 	0.0194736 	0.000729439 	-3.2897e-05
1.34866 	0.0194944 	0.000729726 	-3.25267e-05
1.35018 	0.0195153 	0.000730012 	-3.21564e-05
1.3517 	0.0195362 	0.000730299 	-3.17861e-05
1.35321 	0.0195571 	0.000730585 	-3.14158e-05
1.35473 	0.0195779 	0.000730872 	-3.10455e-05
1.35625 	0.0195988 	0.000731158 	-3.06751e-05
1.35777 	0.0196197 	0.000731445 	-3.03048e-05
1.35929 	0.0196405 	0.000731731 	-2.99345e-05
1.36081 	0.0196614 	0.000732017 	-2.95642e-05
1.36233 	0.0196823 	0.000732304 	-2.91939e-05
1.36385 	0.0197031 	0.00073259 	-2.88236e-05
1.36536 	0.019724 	0.000732877 	-2.84532e-05
1.36688 	0.0197453 	0.000733357 	-2.79665e-05
1.3684 	0.0197668 	0.000733891 	-2.74475e-05
1.36992 	0.0197878 	0.000734324 	-2.69047e-05
1.37144 	0.0198083 	0.000734622 	-2.63299e-05
1.37296 	0.0198287 	0.000734921 	-2.57626e-05
1.37448 	0.0198495 	0.000735234 	-2.53524e-05
1.376 	0.0198702 	0.000735547 	-2.49423e-05
1.37751 	0.019891 	0.000735859 	-2.45321e-05
1.37903 	0.0199117 	0.000736172 	-2.41219e-05
1.38055 	0.0199325 	0.000736485 	-2.37117e-05
1.38207 	0.0199532 	0.000736797 	-2.33015e-05
1.38359 	0.019974 	0.00073711 	-2.28913e-05
1.38511 	0.0199947 	0.000737423 	-2.24811e-05
1.38663 	0.0200154 	0.000737736 	-2.20709e-05
1.38815 	0.0200362 	0.000738048 	-2.16607e-05
1.38966 	0.0200569 	0.000738361 	-2.12505e-05
1.39118 	0.0200777 	0.000738674 	-2.08403e-05
1.3927 	0.0200984 	0.000738987 	-2.04301e-05
1.39422 	0.0201192 	0.000739299 	-2.00199e-05
1.39574 	0.0201399 	0.000739612 	-1.96097e-05
1.39726 	0.0201607 	0.000739925 	-1.91995e-05
1.39878 	0.0201814 	0.000740237 	-1.87893e-05
1.4003 	0.0202022 	0.00074055 	-1.83792e-05
1.40181 	0.020223 	0.000740901 	-1.79934e-05
1.40333 	0.0202441 	0.000741396 	-1.77019e-05
1.40485 	0.0202653 	0.000741892 	-1.74104e-05
1.40637 	0.0202858 	0.000742257 	-1.70976e-05
1.40789 	0.020306 	0.00074258 	-1.67779e-05
1.40941 	0.0203264 	0.000742901 	-1.65056e-05
1.41093 	0.0203468 	0.000743215 	-1.63578e-05
1.41245 	0.0203672 	0.000743529 	-1.62101e-05
1.41396 	0.0203877 	0.000743843 	-1.60623e-05
1.41548 	0.0204081 	0.000744157 	-1.59146e-05
1.417 	0.0204285 	0.000744472 	-1.57668e-05
1.41852 	0.020449 	0.000744786 	-1.56191e-05
1.42004 	0.0204694 	0.0007451 	-1.54713e-05
1.42156 	0.0204898 	0.000745414 	-1.53236e-05
1.42308 	0.0205102 	0.000745728 	-1.51758e-05
1.4246 	0.0205307 	0.000746042 	-1.50281e-05
1.42612 	0.0205511 	0.000746356 	-1.48804e-05
1.42763 	0.0205715 	0.000746671 	-1.47326e-05
1.42915 	0.020592 	0.000746985 	-1.45849e-05
1.43067 	0.0206124 	0.000747299 	-1.44371e-05
1.43219 	0.0206328 	0.000747613 	-1.42894e-05
1.43371 	0.0206532 	0.000747927 	-1.41416e-05
1.43523 	0.0206737 	0.000748241 	-1.39939e-05
1.43675 	0.0206941 	0.000748555 	-1.38461e-05
1.43827 	0.0207147 	0.00074895 	-1.3747e-05
1.43978 	0.0207354 	0.000749404 	-1.36842e-05
1.4413 	0.0207561 	0.000749858 	-1.36215e-05
1.44282 	0.020776 	0.000750166 	-1.3561e-05
1.44434 	0.0207959 	0.000750474 	-1.35005e-05
1.44586 	0.0208158 	0.000750777 	-1.34941e-05
1.44738 	0.020836 	0.000751072 	-1.35661e-05
1.4489 	0.0208561 	0.000751367 	-1.36381e-05
1.45042 	0.0208762 	0.000751662 	-1.371e-05
1.45193 	0.0208963 	0.000751957 	-1.3782e-05
1.45345 	0.0209164 	0.000752252 	-1.3854e-05
1.45497 	0.0209365 	0.000752547 	-1.3926e-05
1.45649 	0.0209566 	0.000752842 	-1.39979e-05
1.45801 	0.0209767 	0.000753137 	-1.40699e-05
1.45953 	0.0209968 	0.000753432 	-1.41419e-05
1.46105 	0.0210169 	0.000753727 	-1.42138e-05
1.46257 	0.021037 	0.000754022 	-1.42858e-05
1.46408 	0.0210571 	0.000754317 	-1.43578e-05
1.4656 	0.0210772 	0.000754612 	-1.44298e-05
1.46712 	0.0210973 	0.000754907 	-1.45017e-05
1.46864 	0.0211174 	0.000755202 	-1.45737e-05
1.47016 	0.0211375 	0.000755497 	-1.46457e-05
1.47168 	0.0211577 	0.000755792 	-1.47176e-05
1.4732 	0.0211778 	0.000756087 	-1.47896e-05
1.47472 	0.0211981 	0.000756511 	-1.49072e-05
1.47623 	0.0212186 	0.00075695 	-1.50297e-05
1.47775 	0.0212388 	0.000757367 	-1.51643e-05
1.47927 	0.0212585 	0.000757698 	-1.53465e-05
1.48079 	0.0212781 	0.000758028 	-1.55287e-05
1.48231 	0.0212978 	0.00075832 	-1.56718e-05
1.48383 	0.0213174 	0.000758569 	-1.57702e-05
1.48535 	0.021337 	0.000758817 	-1.58686e-05
1.48687 	0.0213566 	0.000759065 	-1.5967e-05
1.48838 	0.0213762 	0.000759313 	-1.60654e-05
1.4899 	0.0213958 	0.000759561 	-1.61638e-05
1.49142 	0.0214154 	0.000759809 	-1.62622e-05
1.49294 	0.021435 	0.000760057 	-1.63606e-05
1.49446 	0.0214546 	0.000760306 	-1.6459e-05
1.49598 	0.0214742 	0.000760554 	-1.65574e-05
1.4975 	0.0214938 	0.000760802 	-1.66558e-05
1.49902 	0.0215134 	0.00076105 	-1.67542e-05
1.50053 	0.021533 	0.000761298 	-1.68526e-05
1.50205 	0.0215526 	0.000761546 	-1.6951e-05
1.50357 	0.0215722 	0.000761795 	-1.70494e-05
1.50509 	0.0215918 	0.000762043 	-1.71478e-05
1.50661 	0.0216114 	0.000762291 	-1.72462e-05
1.50813 	0.021631 	0.000762539 	-1.73446e-05
1.50965 	0.0216506 	0.000762805 	-1.7417e-05
1.51117 	0.0216703 	0.000763134 	-1.73933e-05
1.51268 	0.02169 	0.000763463 	-1.73696e-05
1.5142 	0.0217093 	0.000763759 	-1.73865e-05
1.51572 	0.0217283 	0.000763994 	-1.74755e-05
1.51724 	0.0217472 	0.00076423 	-1.75646e-05
1.51876 	0.0217661 	0.00076443 	-1.75778e-05
1.52028 	0.0217849 	0.000764589 	-1.75056e-05
1.5218 	0.0218038 	0.000764749 	-1.74334e-05
1.52332 	0.0218227 	0.000764908 	-1.73613e-05
1.52483 	0.0218415 	0.000765068 	-1.72891e-05
1.52635 	0.0218604 	0.000765227 	-1.7217e-05
1.52787 	0.0218793 	0.000765387 	-1.71448e-05
1.52939 	0.0218981 	0.000765546 	-1.70727e-05
1.53091 	0.021917 	0.000765706 	-1.70005e-05
1.53243 	0.0219359 	0.000765865 	-1.69283e-05
1.53395 	0.0219547 	0.000766025 	-1.68562e-05
1.53547 	0.0219736 	0.000766184 	-1.6784e-05
1.53698 	0.0219924 	0.000766344 	-1.67119e-05
1.5385 	0.0220113 	0.000766503 	-1.66397e-05
1.54002 	0.0220302 	0.000766663 	-1.65675e-05
1.54154 	0.022049 	0.000766822 	-1.64954e-05
1.54306 	0.0220679 	0.000766982 	-1.64232e-05
1.54458 	0.0220868 	0.000767141 	-1.63511e-05
1.5461 	0.0221057 	0.000767361 	-1.61734e-05
1.54762 	0.0221246 	0.000767633 	-1.59015e-05
1.54913 	0.0221436 	0.000767906 	-1.56296e-05
1.55065 	0.0221621 	0.000768123 	-1.54259e-05
1.55217 	0.0221802 	0.000768284 	-1.52884e-05
1.55369 	0.0221984 	0.000768446 	-1.5151e-05
1.55521 	0.0222165 	0.000768565 	-1.50284e-05
1.55673 	0.0222346 	0.00076863 	-1.49243e-05
1.55825 	0.0222527 	0.000768695 	-1.48203e-05
1.55977 	0.0222709 	0.000768761 	-1.47162e-05
1.56128 	0.022289 	0.000768826 	-1.46122e-05
1.5628 	0.0223071 	0.000768892 	-1.45081e-05
1.56432 	0.0223252 	0.000768957 	-1.44041e-05
1.56584 	0.0223433 	0.000769022 	-1.43e-05
1.56736 	0.0223614 	0.000769088 	-1.4196e-05
1.56888 	0.0223795 	0.000769153 	-1.40919e-05
1.5704 	0.0223976 	0.000769219 	-1.39879e-05
1.57192 	0.0224157 	0.000769284 	-1.38838e-05
1.57343 	0.0224338 	0.000769349 	-1.37798e-05
1.57495 	0.0224519 	0.000769415 	-1.36757e-05
1.57647 	0.02247 	0.00076948 	-1.35717e-05
1.57799 	0.0224882 	0.000769546 	-1.34676e-05
1.57951 	0.0225063 	0.000769611 	-1.33636e-05
1.58103 	0.0225244 	0.000769676 	-1.32595e-05
1.58255 	0.0225426 	0.000769856 	-1.31483e-05
1.58407 	0.0225608 	0.000770053 	-1.3036e-05
1.58558 	0.022579 	0.00077025 	-1.29237e-05
1.5871 	0.0225968 	0.000770392 	-1.2902e-05
1.58862 	0.0226142 	0.000770505 	-1.29269e-05
1.59014 	0.0226317 	0.000770618 	-1.29517e-05
1.59166 	0.0226491 	0.000770696 	-1.29821e-05
1.59318 	0.0226666 	0.000770722 	-1.30205e-05
1.5947 	0.0226841 	0.000770748 	-1.30589e-05
1.59622 	0.0227016 	0.000770774 	-1.30973e-05
1.59773 	0.0227191 	0.000770801 	-1.31357e-05
1.59925 	0.0227366 	0.000770827 	-1.31741e-05
1.60077 	0.0227541 	0.000770853 	-1.32126e-05
1.60229 	0.0227716 	0.000770879 	-1.3251e-05
1.60381 	0.0227891 	0.000770906 	-1.32894e-05
1.60533 	0.0228065 	0.000770932 	-1.33278e-05
1.60685 	0.022824 	0.000770958 	-1.33662e-05
1.60837 	0.0228415 	0.000770985 	-1.34047e-05
1.60988 	0.022859 	0.000771011 	-1.34431e-05
1.6114 	0.0228765 	0.000771037 	-1.34815e-05
1.61292 	0.022894 	0.000771063 	-1.35199e-05
1.61444 	0.0229115 	0.00077109 	-1.35583e-05
1.61596 	0.022929 	0.000771116 	-1.35967e-05
1.61748 	0.0229465 	0.00077118 	-1.36112e-05
1.619 	0.0229642 	0.000771358 	-1.3553e-05
1.62052 	0.022982 	0.000771537 	-1.34947e-05
1.62204 	0.0229997 	0.000771715 	-1.34365e-05
1.62355 	0.0230168 	0.000771841 	-1.34419e-05
1.62507 	0.0230337 	0.000771957 	-1.34589e-05
1.62659 	0.0230507 	0.000772073 	-1.34759e-05
1.62811 	0.0230677 	0.000772154 	-1.35207e-05
1.62963 	0.0230847 	0.000772179 	-1.36092e-05
1.63115 	0.0231017 	0.000772205 	-1.36977e-05
1.63267 	0.0231187 	0.00077223 	-1.37862e-05
1.63419 	0.0231357 	0.000772256 	-1.38747e-05
1.6357 	0.0231527 	0.000772281 	-1.39632e-05
1.63722 	0.0231697 	0.000772306 	-1.40517e-05
1.63874 	0.0231867 	0.000772332 	-1.41402e-05
1.64026 	0.0232037 	0.000772357 	-1.42287e-05
1.64178 	0.0232207 	0.000772383 	-1.43172e-05
1.6433 	0.0232377 	0.000772408 	-1.44057e-05
1.64482 	0.0232547 	0.000772434 	-1.44942e-05
1.64634 	0.0232717 	0.000772459 	-1.45827e-05
1.64785 	0.0232887 	0.000772484 	-1.46712e-05
1.64937 	0.0233057 	0.00077251 	-1.47597e-05
1.65089 	0.0233227 	0.000772535 	-1.48482e-05
1.65241 	0.0233397 	0.000772561 	-1.49367e-05
1.65393 	0.0233568 	0.000772673 	-1.50369e-05
1.65545 	0.0233739 	0.000772823 	-1.51423e-05
1.65697 	0.0233911 	0.000772973 	-1.52477e-05
1.65849 	0.0234082 	0.000773118 	-1.53551e-05
1.66 	0.0234248 	0.000773199 	-1.5487e-05
1.66152 	0.0234413 	0.000773281 	-1.56189e-05
1.66304 	0.0234579 	0.000773362 	-1.57507e-05
1.66456 	0.0234743 	0.00077341 	-1.58898e-05
1.66608 	0.0234907 	0.00077341 	-1.60396e-05
1.6676 	0.0235071 	0.00077341 	-1.61893e-05
1.66912 	0.0235234 	0.00077341 	-1.6339e-05
1.67064 	0.0235398 	0.00077341 	-1.64887e-05
1.67215 	0.0235562 	0.00077341 	-1.66384e-05
1.67367 	0.0235725 	0.00077341 	-1.67882e-05
1.67519 	0.0235889 	0.00077341 	-1.69379e-05
1.67671 	0.0236053 	0.000773409 	-1.70876e-05
1.67823 	0.0236217 	0.000773409 	-1.72373e-05
1.67975 	0.023638 	0.000773409 	-1.7387e-05
1.68127 	0.0236544 	0.000773409 	-1.75368e-05
1.68279 	0.0236708 	0.000773409 	-1.76865e-05
1.6843 	0.0236871 	0.000773409 	-1.78362e-05
1.68582 	0.0237035 	0.000773409 	-1.79859e-05
1.68734 	0.0237199 	0.000773409 	-1.81356e-05
1.68886 	0.0237362 	0.000773428 	-1.83099e-05
1.69038 	0.0237525 	0.000773515 	-1.85706e-05
1.6919 	0.0237688 	0.000773603 	-1.88313e-05
1.69342 	0.0237851 	0.00077369 	-1.9092e-05
1.69494 	0.0238012 	0.00077375 	-1.93699e-05
1.69645 	0.023817 	0.000773767 	-1.96755e-05
1.69797 	0.0238328 	0.000773783 	-1.9981e-05
1.69949 	0.0238485 	0.0007738 	-2.02866e-05
1.70101 	0.0238642 	0.00077377 	-2.04809e-05
1.70253 	0.0238798 	0.00077369 	-2.0556e-05
1.70405 	0.0238954 	0.000773611 	-2.06311e-05
1.70557 	0.0239111 	0.000773531 	-2.07062e-05
1.70709 	0.0239267 	0.000773451 	-2.07812e-05
1.7086 	0.0239423 	0.000773371 	-2.08563e-05
1.71012 	0.0239579 	0.000773292 	-2.09314e-05
1.71164 	0.0239735 	0.000773212 	-2.10065e-05
1.71316 	0.0239891 	0.000773132 	-2.10815e-05
1.71468 	0.0240047 	0.000773052 	-2.11566e-05
1.7162 	0.0240203 	0.000772973 	-2.12317e-05
1.71772 	0.0240359 	0.000772893 	-2.13068e-05
1.71924 	0.0240515 	0.000772813 	-2.13819e-05
1.72075 	0.0240671 	0.000772733 	-2.14569e-05
1.72227 	0.0240828 	0.000772654 	-2.1532e-05
1.72379 	0.0240984 	0.000772574 	-2.16071e-05
1.72531 	0.0241139 	0.000772556 	-2.1601e-05
1.72683 	0.0241295 	0.00077255 	-2.15807e-05
1.72835 	0.024145 	0.000772543 	-2.15605e-05
1.72987 	0.0241606 	0.000772536 	-2.15402e-05
1.73139 	0.0241756 	0.000772468 	-2.15101e-05
1.7329 	0.0241906 	0.000772383 	-2.14772e-05
1.73442 	0.0242055 	0.000772299 	-2.14444e-05
1.73594 	0.0242205 	0.000772214 	-2.14115e-05
1.73746 	0.0242355 	0.000772081 	-2.12906e-05
1.73898 	0.0242504 	0.000771921 	-2.11213e-05
1.7405 	0.0242654 	0.000771762 	-2.09519e-05
1.74202 	0.0242804 	0.000771603 	-2.07826e-05
1.74354 	0.0242954 	0.000771443 	-2.06133e-05
1.74505 	0.0243103 	0.000771284 	-2.0444e-05
1.74657 	0.0243253 	0.000771124 	-2.02747e-05
1.74809 	0.0243403 	0.000770965 	-2.01054e-05
1.74961 	0.0243553 	0.000770806 	-1.99361e-05
1.75113 	0.0243703 	0.000770646 	-1.97667e-05
1.75265 	0.0243852 	0.000770487 	-1.95974e-05
1.75417 	0.0244002 	0.000770327 	-1.94281e-05
1.75569 	0.0244152 	0.000770168 	-1.92588e-05
1.7572 	0.0244302 	0.000770008 	-1.90895e-05
1.75872 	0.0244451 	0.000769849 	-1.89202e-05
1.76024 	0.0244602 	0.000769775 	-1.87404e-05
1.76176 	0.0244753 	0.000769756 	-1.85537e-05
1.76328 	0.0244904 	0.000769737 	-1.8367e-05
1.7648 	0.0245055 	0.000769719 	-1.81804e-05
1.76632 	0.0245205 	0.00076967 	-1.79717e-05
1.76784 	0.0245349 	0.000769551 	-1.77104e-05
1.76935 	0.0245494 	0.000769431 	-1.74492e-05
1.77087 	0.0245638 	0.000769311 	-1.71879e-05
1.77239 	0.0245783 	0.000769192 	-1.69267e-05
1.77391 	0.0245928 	0.000769002 	-1.66815e-05
1.77543 	0.0246073 	0.000768806 	-1.64379e-05
1.77695 	0.0246219 	0.00076861 	-1.61943e-05
1.77847 	0.0246364 	0.000768414 	-1.59506e-05
1.77999 	0.0246509 	0.000768218 	-1.5707e-05
1.7815 	0.0246655 	0.000768022 	-1.54633e-05
1.78302 	0.02468 	0.000767826 	-1.52197e-05
1.78454 	0.0246945 	0.00076763 	-1.4976e-05
1.78606 	0.024709 	0.000767434 	-1.47324e-05
1.78758 	0.0247236 	0.000767238 	-1.44888e-05
1.7891 	0.0247381 	0.000767042 	-1.42451e-05
1.79062 	0.0247526 	0.000766845 	-1.40015e-05
1.79214 	0.0247672 	0.000766649 	-1.37578e-05
1.79365 	0.0247817 	0.000766453 	-1.35142e-05
1.79517 	0.0247963 	0.000766336 	-1.32928e-05
1.79669 	0.024811 	0.000766298 	-1.3094e-05
1.79821 	0.0248257 	0.000766259 	-1.28952e-05
1.79973 	0.0248404 	0.000766221 	-1.26964e-05
1.80125 	0.0248551 	0.000766183 	-1.24976e-05
1.80277 	0.0248692 	0.000766066 	-1.22941e-05
1.80429 	0.0248832 	0.000765944 	-1.20903e-05
1.8058 	0.0248972 	0.000765822 	-1.18865e-05
1.80732 	0.0249113 	0.0007657 	-1.16827e-05
1.80884 	0.0249254 	0.00076554 	-1.14742e-05
1.81036 	0.0249395 	0.000765298 	-1.12554e-05
1.81188 	0.0249536 	0.000765056 	-1.10365e-05
1.8134 	0.0249677 	0.000764815 	-1.08177e-05
1.81492 	0.0249818 	0.000764573 	-1.05988e-05
1.81644 	0.0249959 	0.000764331 	-1.038e-05
1.81795 	0.02501 	0.000764089 	-1.01612e-05
1.81947 	0.0250241 	0.000763847 	-9.94231e-06
1.82099 	0.0250383 	0.000763605 	-9.72346e-06
1.82251 	0.0250524 	0.000763364 	-9.50462e-06
1.82403 	0.0250665 	0.000763122 	-9.28577e-06
1.82555 	0.0250806 	0.00076288 	-9.06693e-06
1.82707 	0.0250947 	0.000762638 	-8.84808e-06
1.82859 	0.0251088 	0.000762396 	-8.62924e-06
1.83011 	0.025123 	0.000762213 	-8.38291e-06
1.83162 	0.0251372 	0.000762076 	-8.11412e-06
1.83314 	0.0251513 	0.00076194 	-7.84533e-06
1.83466 	0.0251655 	0.000761804 	-7.57654e-06
1.83618 	0.0251797 	0.000761668 	-7.30775e-06
1.8377 	0.0251935 	0.000761499 	-7.08835e-06
1.83922 	0.0252071 	0.00076132 	-6.88547e-06
1.84074 	0.0252207 	0.00076114 	-6.68259e-06
1.84226 	0.0252343 	0.000760961 	-6.47971e-06
1.84377 	0.0252479 	0.000760781 	-6.27683e-06
1.84529 	0.0252614 	0.000760491 	-6.039e-06
1.84681 	0.025275 	0.000760183 	-5.79582e-06
1.84833 	0.0252885 	0.000759875 	-5.55265e-06
1.84985 	0.0253021 	0.000759568 	-5.30947e-06
1.85137 	0.0253156 	0.00075926 	-5.0663e-06
1.85289 	0.0253292 	0.000758952 	-4.82312e-06
1.85441 	0.0253427 	0.000758645 	-4.57995e-06
1.85592 	0.0253563 	0.000758337 	-4.33677e-06
1.85744 	0.0253698 	0.000758029 	-4.0936e-06
1.85896 	0.0253834 	0.000757722 	-3.85043e-06
1.86048 	0.0253969 	0.000757414 	-3.60725e-06
1.862 	0.0254105 	0.000757106 	-3.36408e-06
1.86352 	0.025424 	0.000756799 	-3.1209e-06
1.86504 	0.0254376 	0.000756557 	-2.84713e-06
1.86656 	0.0254511 	0.000756333 	-2.56477e-06
1.86807 	0.0254647 	0.000756109 	-2.28241e-06
1.86959 	0.0254782 	0.000755885 	-2.00004e-06
1.87111 	0.0254917 	0.000755661 	-1.71768e-06
1.87263 	0.0255049 	0.000755421 	-1.47087e-06
1.87415 	0.0255179 	0.000755174 	-1.23719e-06
1.87567 	0.0255309 	0.000754927 	-1.00352e-06
1.87719 	0.0255439 	0.00075468 	-7.69841e-07
1.87871 	0.0255569 	0.000754434 	-5.36165e-07
1.88022 	0.0255698 	0.000754119 	-3.32991e-07
1.88174 	0.0255827 	0.000753758 	-1.50584e-07
1.88326 	0.0255956 	0.000753397 	3.18232e-08
1.88478 	0.0256085 	0.000753036 	2.1423e-07
1.8863 	0.0256214 	0.000752675 	3.96637e-07
1.88782 	0.0256343 	0.000752314 	5.79044e-07
1.88934 	0.0256472 	0.000751953 	7.61451e-07
1.89086 	0.0256601 	0.000751592 	9.43858e-07
1.89237 	0.025673 	0.000751231 	1.12626e-06
1.89389 	0.0256859 	0.00075087 	1.30867e-06
1.89541 	0.0256988 	0.000750509 	1.49108e-06
1.89693 	0.0257117 	0.000750148 	1.67349e-06
1.89845 	0.0257246 	0.000749805 	1.83842e-06
1.89997 	0.0257375 	0.000749527 	1.93634e-06
1.90149 	0.0257504 	0.00074925 	2.03425e-06
1.90301 	0.0257632 	0.000748973 	2.13217e-06
1.90452 	0.0257761 	0.000748696 	2.23008e-06
1.90604 	0.025789 	0.000748418 	2.328e-06
1.90756 	0.0258014 	0.000748135 	2.42503e-06
1.90908 	0.0258138 	0.000747851 	2.52198e-06
1.9106 	0.0258262 	0.000747567 	2.61893e-06
1.91212 	0.0258386 	0.000747283 	2.71588e-06
1.91364 	0.025851 	0.000746999 	2.81283e-06
1.91516 	0.0258634 	0.000746652 	2.90383e-06
1.91667 	0.0258757 	0.000746246 	2.98932e-06
1.91819 	0.025888 	0.00074584 	3.07481e-06
1.91971 	0.0259003 	0.000745435 	3.1603e-06
1.92123 	0.0259126 	0.000745029 	3.24579e-06
1.92275 	0.0259249 	0.000744623 	3.33128e-06
1.92427 	0.0259372 	0.000744217 	3.41677e-06
1.92579 	0.0259495 	0.000743812 	3.50226e-06
1.92731 	0.0259618 	0.000743406 	3.58775e-06
1.92882 	0.0259741 	0.000743 	3.67324e-06
1.93034 	0.0259864 	0.000742594 	3.75873e-06
1.93186 	0.0259988 	0.000742189 	3.84422e-06
1.93338 	0.026011 	0.000741843 	3.91753e-06
1.9349 	0.0260233 	0.000741509 	3.98862e-06
1.93642 	0.0260356 	0.000741174 	4.0597e-06
1.93794 	0.0260479 	0.00074084 	4.13079e-06
1.93946 	0.0260602 	0.000740505 	4.20188e-06
1.94097 	0.0260723 	0.000740173 	4.27021e-06
1.94249 	0.0260841 	0.000739848 	4.33209e-06
1.94401 	0.026096 	0.000739522 	4.39397e-06
1.94553 	0.0261078 	0.000739197 	4.45586e-06
1.94705 	0.0261196 	0.000738871 	4.51774e-06
1.94857 	0.0261314 	0.000738546 	4.57962e-06
1.95009 	0.0261432 	0.000738131 	4.69687e-06
1.95161 	0.026155 	0.000737672 	4.84245e-06
1.95312 	0.0261667 	0.000737212 	4.98804e-06
1.95464 	0.0261784 	0.000736752 	5.13362e-06
1.95616 	0.0261902 	0.000736292 	5.2792e-06
1.95768 	0.0262019 	0.000735832 	5.42479e-06
1.9592 	0.0262137 	0.000735372 	5.57037e-06
1.96072 	0.0262254 	0.000734912 	5.71595e-06
1.96224 	0.0262372 	0.000734452 	5.86153e-06
1.96376 	0.0262489 	0.000733992 	6.00712e-06
1.96527 	0.0262607 	0.000733532 	6.1527e-06
1.96679 	0.0262724 	0.000733106 	6.35148e-06
1.96831 	0.0262841 	0.000732693 	6.57151e-06
1.96983 	0.0262957 	0.00073228 	6.79154e-06
1.97135 	0.0263074 	0.000731868 	7.01157e-06
1.97287 	0.0263191 	0.000731455 	7.2316e-06
1.97439 	0.0263308 	0.000731042 	7.45163e-06
1.97591 	0.0263421 	0.000730665 	7.68224e-06
1.97742 	0.0263534 	0.000730292 	7.9137e-06
1.97894 	0.0263647 	0.000729918 	8.14517e-06
1.98046 	0.026376 	0.000729544 	8.37664e-06
1.98198 	0.0263872 	0.000729171 	8.60811e-06
1.9835 	0.0263985 	0.00072879 	8.84191e-06
1.98502 	0.0264096 	0.000728255 	9.12886e-06
1.98654 	0.0264207 	0.000727719 	9.41581e-06
1.98806 	0.0264317 	0.000727183 	9.70276e-06
1.98957 	0.0264428 	0.000726648 	9.98971e-06
1.99109 	0.0264539 	0.000726112 	1.02767e-05
1.99261 	0.026465 	0.000725577 	1.05636e-05
1.99413 	0.0264761 	0.000725041 	1.08506e-05
1.99565 	0.0264871 	0.000724506 	1.11375e-05
1.99717 	0.0264982 	0.00072397 	1.14245e-05
1.99869 	0.0265093 	0.000723435 	1.17114e-05
2.00021 	0.0265202 	0.000722901 	1.19805e-05
2.00172 	0.0265311 	0.000722367 	1.2246e-05
2.00324 	0.026542 	0.000721834 	1.25114e-05
2.00476 	0.0265529 	0.0007213 	1.27769e-05
2.00628 	0.0265638 	0.000720767 	1.30423e-05
2.0078 	0.0265746 	0.000720233 	1.33077e-05
2.00932 	0.0265852 	0.00071974 	1.36202e-05
2.01084 	0.0265957 	0.000719258 	1.39443e-05
2.01236 	0.0266062 	0.000718775 	1.42685e-05
2.01387 	0.0266167 	0.000718292 	1.45926e-05
2.01539 	0.0266272 	0.00071781 	1.49167e-05
2.01691 	0.0266377 	0.000717327 	1.52408e-05
2.01843 	0.0266481 	0.000716751 	1.55389e-05
2.01995 	0.0266585 	0.00071613 	1.58247e-05
2.02147 	0.0266689 	0.00071551 	1.61106e-05
2.02299 	0.0266792 	0.000714889 	1.63965e-05
2.02451 	0.0266896 	0.000714269 	1.66823e-05
2.02603 	0.0267 	0.000713648 	1.69682e-05
2.02754 	0.0267104 	0.000713027 	1.72541e-05
2.02906 	0.0267208 	0.000712407 	1.75399e-05
2.03058 	0.0267312 	0.000711786 	1.78258e-05
2.0321 	0.0267415 	0.000711172 	1.80902e-05
2.03362 	0.0267518 	0.000710583 	1.82715e-05
2.03514 	0.0267622 	0.000709993 	1.84529e-05
2.03666 	0.0267725 	0.000709403 	1.86342e-05
2.03818 	0.0267828 	0.000708814 	1.88156e-05
2.03969 	0.0267931 	0.000708224 	1.89969e-05
2.04121 	0.0268034 	0.000707635 	1.91783e-05
2.04273 	0.0268133 	0.000707084 	1.94163e-05
2.04425 	0.0268231 	0.000706535 	1.96576e-05
2.04577 	0.026833 	0.000705986 	1.98988e-05
2.04729 	0.0268429 	0.000705438 	2.014e-05
2.04881 	0.0268528 	0.000704889 	2.03812e-05
2.05033 	0.0268626 	0.00070434 	2.06224e-05
2.05184 	0.0268725 	0.000703717 	2.08262e-05
2.05336 	0.0268823 	0.000703042 	2.10047e-05
2.05488 	0.0268921 	0.000702368 	2.11832e-05
2.0564 	0.0269019 	0.000701694 	2.13617e-05
2.05792 	0.0269117 	0.00070102 	2.15402e-05
2.05944 	0.0269215 	0.000700345 	2.17186e-05
2.06096 	0.0269314 	0.000699671 	2.18971e-05
2.06248 	0.0269412 	0.000698997 	2.20756e-05
2.06399 	0.026951 	0.000698323 	2.22541e-05
2.06551 	0.0269608 	0.000697695 	2.2396e-05
2.06703 	0.0269706 	0.000697075 	2.25318e-05
2.06855 	0.0269804 	0.000696455 	2.26676e-05
2.07007 	0.0269903 	0.000695835 	2.28034e-05
2.07159 	0.0270001 	0.000695215 	2.29392e-05
2.07311 	0.0270099 	0.000694595 	2.3075e-05
2.07463 	0.0270196 	0.000694 	2.32199e-05
2.07614 	0.027029 	0.000693446 	2.33798e-05
2.07766 	0.0270384 	0.000692892 	2.35397e-05
2.07918 	0.0270478 	0.000692337 	2.36996e-05
2.0807 	0.0270573 	0.000691783 	2.38595e-05
2.08222 	0.0270667 	0.000691229 	2.40193e-05
2.08374 	0.0270761 	0.000690674 	2.41792e-05
2.08526 	0.0270854 	0.000690001 	2.43018e-05
2.08678 	0.0270947 	0.0006893 	2.44155e-05
2.08829 	0.027104 	0.000688598 	2.45292e-05
2.08981 	0.0271133 	0.000687897 	2.46428e-05
2.09133 	0.0271226 	0.000687195 	2.47565e-05
2.09285 	0.0271319 	0.000686494 	2.48702e-05
2.09437 	0.0271412 	0.000685792 	2.49838e-05
2.09589 	0.0271505 	0.000685091 	2.50975e-05
2.09741 	0.0271598 	0.000684411 	2.52279e-05
2.09893 	0.027169 	0.000683736 	2.53623e-05
2.10044 	0.0271783 	0.000683062 	2.54968e-05
2.10196 	0.0271875 	0.000682387 	2.56313e-05
2.10348 	0.0271967 	0.000681713 	2.57658e-05
2.105 	0.027206 	0.000681038 	2.59003e-05
2.10652 	0.0272152 	0.000680374 	2.6036e-05
2.10804 	0.0272241 	0.000679788 	2.61811e-05
2.10956 	0.027233 	0.000679202 	2.63262e-05
2.11108 	0.0272418 	0.000678616 	2.64714e-05
2.11259 	0.0272507 	0.000678031 	2.66165e-05
2.11411 	0.0272596 	0.000677445 	2.67616e-05
2.11563 	0.0272685 	0.000676859 	2.69067e-05
2.11715 	0.0272773 	0.000676226 	2.70245e-05
2.11867 	0.0272861 	0.000675497 	2.70862e-05
2.12019 	0.0272949 	0.000674768 	2.71479e-05
2.12171 	0.0273037 	0.000674039 	2.72097e-05
2.12323 	0.0273125 	0.00067331 	2.72714e-05
2.12474 	0.0273214 	0.00067258 	2.73331e-05
2.12626 	0.0273302 	0.000671851 	2.73949e-05
2.12778 	0.027339 	0.000671123 	2.74546e-05
2.1293 	0.0273478 	0.000670418 	2.74754e-05
2.13082 	0.0273566 	0.000669713 	2.74962e-05
2.13234 	0.0273654 	0.000669008 	2.75169e-05
2.13386 	0.0273741 	0.000668303 	2.75377e-05
2.13538 	0.0273829 	0.000667598 	2.75585e-05
2.13689 	0.0273917 	0.000666893 	2.75793e-05
2.13841 	0.0274005 	0.000666201 	2.76074e-05
2.13993 	0.0274089 	0.000665581 	2.76746e-05
2.14145 	0.0274173 	0.00066496 	2.77417e-05
2.14297 	0.0274257 	0.000664339 	2.78089e-05
2.14449 	0.0274342 	0.000663718 	2.7876e-05
2.14601 	0.0274426 	0.000663097 	2.79432e-05
2.14753 	0.027451 	0.000662476 	2.80104e-05
2.14904 	0.0274594 	0.000661831 	2.80639e-05
2.15056 	0.0274678 	0.000661071 	2.80549e-05
2.15208 	0.0274761 	0.000660311 	2.80458e-05
2.1536 	0.0274845 	0.00065955 	2.80367e-05
2.15512 	0.0274929 	0.00065879 	2.80277e-05
2.15664 	0.0275013 	0.00065803 	2.80186e-05
2.15816 	0.0275096 	0.00065727 	2.80095e-05
2.15968 	0.027518 	0.000656528 	2.795e-05
2.16119 	0.0275264 	0.000655797 	2.78585e-05
2.16271 	0.0275347 	0.000655066 	2.7767e-05
2.16423 	0.0275431 	0.000654335 	2.76755e-05
2.16575 	0.0275515 	0.000653604 	2.7584e-05
2.16727 	0.0275598 	0.000652873 	2.74925e-05
2.16879 	0.0275682 	0.000652142 	2.7401e-05
2.17031 	0.0275763 	0.000651452 	2.73297e-05
2.17183 	0.0275843 	0.000650798 	2.72759e-05
2.17334 	0.0275923 	0.000650144 	2.72222e-05
2.17486 	0.0276003 	0.000649489 	2.71684e-05
2.17638 	0.0276083 	0.000648835 	2.71147e-05
2.1779 	0.0276163 	0.000648181 	2.7061e-05
2.17942 	0.0276243 	0.000647526 	2.70072e-05
2.18094 	0.0276322 	0.00064682 	2.69535e-05
2.18246 	0.0276402 	0.000646025 	2.68997e-05
2.18398 	0.0276482 	0.00064523 	2.68459e-05
2.18549 	0.0276561 	0.000644435 	2.67921e-05
2.18701 	0.0276641 	0.00064364 	2.67383e-05
2.18853 	0.027672 	0.000642845 	2.66845e-05
2.19005 	0.0276799 	0.000642062 	2.66229e-05
2.19157 	0.0276879 	0.000641292 	2.65537e-05
2.19309 	0.0276958 	0.000640521 	2.64844e-05
2.19461 	0.0277037 	0.000639751 	2.64151e-05
2.19613 	0.0277117 	0.000638981 	2.63459e-05
2.19764 	0.0277196 	0.00063821 	2.62766e-05
2.19916 	0.0277275 	0.00063744 	2.62074e-05
2.20068 	0.0277353 	0.000636689 	2.61346e-05
2.2022 	0.0277429 	0.000635996 	2.60515e-05
2.20372 	0.0277504 	0.000635302 	2.59685e-05
2.20524 	0.027758 	0.000634609 	2.58855e-05
2.20676 	0.0277655 	0.000633915 	2.58024e-05
2.20828 	0.027773 	0.000633222 	2.57194e-05
2.20979 	0.0277806 	0.000632529 	2.56363e-05
2.21131 	0.0277881 	0.000631835 	2.55533e-05
2.21283 	0.0277956 	0.000631008 	2.55212e-05
2.21435 	0.0278032 	0.00063017 	2.54936e-05
2.21587 	0.0278107 	0.000629332 	2.54659e-05
2.21739 	0.0278182 	0.000628494 	2.54383e-05
2.21891 	0.0278257 	0.000627656 	2.54107e-05
2.22043 	0.0278332 	0.000626833 	2.54369e-05
2.22194 	0.0278407 	0.000626016 	2.54824e-05
2.22346 	0.0278482 	0.000625199 	2.55279e-05
2.22498 	0.0278557 	0.000624382 	2.55734e-05
2.2265 	0.0278632 	0.000623565 	2.56189e-05
2.22802 	0.0278707 	0.000622748 	2.56644e-05
2.22954 	0.0278782 	0.000621931 	2.57099e-05
2.23106 	0.0278856 	0.00062114 	2.57482e-05
2.23258 	0.0278926 	0.000620402 	2.57715e-05
2.2341 	0.0278997 	0.000619663 	2.57947e-05
2.23561 	0.0279068 	0.000618925 	2.5818e-05
2.23713 	0.0279139 	0.000618187 	2.58413e-05
2.23865 	0.027921 	0.000617449 	2.58646e-05
2.24017 	0.0279281 	0.00061671 	2.58879e-05
2.24169 	0.0279352 	0.000615972 	2.59111e-05
2.24321 	0.0279423 	0.000615118 	2.5938e-05
2.24473 	0.0279494 	0.000614241 	2.59656e-05
2.24625 	0.0279565 	0.000613365 	2.59933e-05
2.24776 	0.0279635 	0.000612488 	2.60209e-05
2.24928 	0.0279706 	0.000611621 	2.60558e-05
2.2508 	0.0279777 	0.000610774 	2.61066e-05
2.25232 	0.0279847 	0.000609927 	2.61573e-05
2.25384 	0.0279918 	0.00060908 	2.62081e-05
2.25536 	0.0279989 	0.000608233 	2.62588e-05
2.25688 	0.028006 	0.000607386 	2.63096e-05
2.2584 	0.028013 	0.000606539 	2.63603e-05
2.25991 	0.0280201 	0.000605692 	2.64111e-05
2.26143 	0.0280269 	0.000604904 	2.64716e-05
2.26295 	0.0280336 	0.000604135 	2.65353e-05
2.26447 	0.0280403 	0.000603365 	2.65989e-05
2.26599 	0.0280469 	0.000602595 	2.66625e-05
2.26751 	0.0280536 	0.000601825 	2.67261e-05
2.26903 	0.0280603 	0.000601055 	2.67897e-05
2.27055 	0.028067 	0.000600286 	2.68533e-05
2.27206 	0.0280737 	0.000599498 	2.69087e-05
2.27358 	0.0280804 	0.000598601 	2.69129e-05
2.2751 	0.0280871 	0.000597705 	2.69172e-05
2.27662 	0.0280938 	0.000596808 	2.69214e-05
2.27814 	0.0281005 	0.000595921 	2.69084e-05
2.27966 	0.0281072 	0.000595065 	2.68459e-05
2.28118 	0.028114 	0.000594209 	2.67834e-05
2.2827 	0.0281207 	0.000593353 	2.67209e-05
2.28421 	0.0281275 	0.000592497 	2.66584e-05
2.28573 	0.0281342 	0.000591641 	2.65958e-05
2.28725 	0.028141 	0.000590785 	2.65333e-05
2.28877 	0.0281477 	0.000589929 	2.64708e-05
2.29029 	0.0281543 	0.000589115 	2.6434e-05
2.29181 	0.0281606 	0.000588333 	2.64162e-05
2.29333 	0.028167 	0.000587551 	2.63984e-05
2.29485 	0.0281734 	0.000586769 	2.63806e-05
2.29636 	0.0281798 	0.000585987 	2.63628e-05
2.29788 	0.0281862 	0.000585205 	2.6345e-05
2.2994 	0.0281925 	0.000584423 	2.63272e-05
2.30092 	0.0281989 	0.000583641 	2.63094e-05
2.30244 	0.0282052 	0.000582755 	2.61738e-05
2.30396 	0.0282115 	0.000581847 	2.6014e-05
2.30548 	0.0282178 	0.000580939 	2.58541e-05
2.307 	0.0282241 	0.000580055 	2.56186e-05
2.30851 	0.0282304 	0.00057919 	2.53247e-05
2.31003 	0.0282367 	0.000578325 	2.50308e-05
2.31155 	0.0282429 	0.000577459 	2.47369e-05
2.31307 	0.0282492 	0.000576594 	2.4443e-05
2.31459 	0.0282555 	0.000575728 	2.41491e-05
2.31611 	0.0282618 	0.000574863 	2.38552e-05
2.31763 	0.0282681 	0.000573998 	2.35613e-05
2.31915 	0.0282741 	0.000573177 	2.32826e-05
2.32066 	0.02828 	0.000572371 	2.30084e-05
2.32218 	0.0282859 	0.000571564 	2.27342e-05
2.3237 	0.0282918 	0.000570757 	2.246e-05
2.32522 	0.0282978 	0.00056995 	2.21858e-05
2.32674 	0.0283037 	0.000569143 	2.19116e-05
2.32826 	0.0283096 	0.000568337 	2.16374e-05
2.32978 	0.0283155 	0.00056753 	2.13632e-05
2.3313 	0.0283212 	0.000566623 	2.10615e-05
2.33281 	0.028327 	0.000565708 	2.07574e-05
2.33433 	0.0283327 	0.000564807 	2.04569e-05
2.33585 	0.0283384 	0.000563947 	2.01672e-05
2.33737 	0.028344 	0.000563088 	1.98776e-05
2.33889 	0.0283497 	0.000562229 	1.9588e-05
2.34041 	0.0283554 	0.00056137 	1.92984e-05
2.34193 	0.0283611 	0.000560511 	1.90087e-05
2.34345 	0.0283668 	0.000559652 	1.87191e-05
2.34496 	0.0283724 	0.000558793 	1.84295e-05
2.34648 	0.028378 	0.000557954 	1.81297e-05
2.348 	0.0283833 	0.00055715 	1.78116e-05
2.34952 	0.0283886 	0.000556347 	1.74935e-05
2.35104 	0.0283939 	0.000555544 	1.71755e-05
2.35256 	0.0283991 	0.00055474 	1.68574e-05
2.35408 	0.0284044 	0.000553937 	1.65394e-05
2.3556 	0.0284097 	0.000553133 	1.62213e-05
2.35711 	0.028415 	0.00055233 	1.59032e-05
2.35863 	0.0284202 	0.000551476 	1.55933e-05
2.36015 	0.0284254 	0.000550551 	1.52948e-05
2.36167 	0.0284304 	0.000549639 	1.50172e-05
2.36319 	0.0284355 	0.000548754 	1.47866e-05
2.36471 	0.0284405 	0.000547868 	1.45559e-05
2.36623 	0.0284456 	0.000546983 	1.43253e-05
2.36775 	0.0284506 	0.000546097 	1.40946e-05
2.36926 	0.0284557 	0.000545212 	1.3864e-05
2.37078 	0.0284607 	0.000544326 	1.36333e-05
2.3723 	0.0284658 	0.000543441 	1.34026e-05
2.37382 	0.0284707 	0.000542579 	1.31576e-05
2.37534 	0.0284753 	0.000541763 	1.28848e-05
2.37686 	0.02848 	0.000540947 	1.26121e-05
2.37838 	0.0284846 	0.00054013 	1.23393e-05
2.3799 	0.0284893 	0.000539314 	1.20666e-05
2.38141 	0.028494 	0.000538498 	1.17938e-05
2.38293 	0.0284986 	0.000537682 	1.15211e-05
2.38445 	0.0285033 	0.000536865 	1.12483e-05
2.38597 	0.0285079 	0.000536009 	1.09733e-05
2.38749 	0.0285123 	0.000535072 	1.06937e-05
2.38901 	0.0285168 	0.000534163 	1.04261e-05
2.39053 	0.0285212 	0.000533262 	1.01625e-05
2.39205 	0.0285256 	0.000532361 	9.89877e-06
2.39356 	0.02853 	0.00053146 	9.63509e-06
2.39508 	0.0285344 	0.000530559 	9.3714e-06
2.3966 	0.0285388 	0.000529658 	9.10771e-06
2.39812 	0.0285432 	0.000528757 	8.84402e-06
2.39964 	0.0285476 	0.000527856 	8.58034e-06
2.40116 	0.0285517 	0.000527013 	8.29317e-06
2.40268 	0.0285557 	0.00052619 	7.99732e-06
2.4042 	0.0285597 	0.000525367 	7.70148e-06
2.40571 	0.0285637 	0.000524545 	7.40564e-06
2.40723 	0.0285677 	0.000523722 	7.1098e-06
2.40875 	0.0285718 	0.000522899 	6.81395e-06
2.41027 	0.0285758 	0.000522076 	6.51811e-06
2.41179 	0.0285798 	0.000521254 	6.22227e-06
2.41331 	0.0285837 	0.000520351 	5.92127e-06
2.41483 	0.0285875 	0.000519428 	5.6023e-06
2.41635 	0.0285913 	0.000518518 	5.27318e-06
2.41786 	0.0285951 	0.000517607 	4.94405e-06
2.41938 	0.0285989 	0.000516697 	4.61493e-06
2.4209 	0.0286026 	0.000515786 	4.28581e-06
2.42242 	0.0286064 	0.000514876 	3.95669e-06
2.42394 	0.0286102 	0.000513966 	3.62757e-06
2.42546 	0.028614 	0.000513055 	3.29845e-06
2.42698 	0.0286176 	0.000512189 	2.9654e-06
2.4285 	0.028621 	0.000511363 	2.62882e-06
2.43002 	0.0286244 	0.000510536 	2.29223e-06
2.43153 	0.0286278 	0.00050971 	1.95565e-06
2.43305 	0.0286312 	0.000508884 	1.61907e-06
2.43457 	0.0286346 	0.000508058 	1.28248e-06
2.43609 	0.028638 	0.000507231 	9.45898e-07
2.43761 	0.0286414 	0.000506405 	6.09315e-07
2.43913 	0.0286447 	0.000505525 	2.84883e-07
2.44065 	0.0286479 	0.00050459 	-1.44924e-08
2.44217 	0.028651 	0.000503658 	-3.12206e-07
2.44368 	0.0286541 	0.000502727 	-6.0992e-07
2.4452 	0.0286571 	0.000501795 	-9.07634e-07
2.44672 	0.0286602 	0.000500864 	-1.20535e-06
2.44824 	0.0286633 	0.000499932 	-1.50306e-06
2.44976 	0.0286664 	0.000499001 	-1.80078e-06
2.45128 	0.0286695 	0.000498069 	-2.09849e-06
2.4528 	0.0286723 	0.0004972 	-2.40495e-06
2.45432 	0.028675 	0.000496353 	-2.71458e-06
2.45583 	0.0286777 	0.000495507 	-3.0242e-06
2.45735 	0.0286804 	0.00049466 	-3.33383e-06
2.45887 	0.0286831 	0.000493813 	-3.64345e-06
2.46039 	0.0286858 	0.000492966 	-3.95308e-06
2.46191 	0.0286885 	0.00049212 	-4.2627e-06
2.46343 	0.0286912 	0.000491273 	-4.57233e-06
2.46495 	0.0286937 	0.000490363 	-4.76362e-06
2.46647 	0.0286961 	0.000489419 	-4.85609e-06
2.46798 	0.0286985 	0.000488475 	-4.94855e-06
2.4695 	0.0287009 	0.00048753 	-5.04102e-06
2.47102 	0.0287033 	0.000486586 	-5.13348e-06
2.47254 	0.0287057 	0.000485642 	-5.22595e-06
2.47406 	0.0287081 	0.000484698 	-5.31841e-06
2.47558 	0.0287105 	0.000483754 	-5.41088e-06
2.4771 	0.0287128 	0.00048284 	-5.51402e-06
2.47862 	0.0287147 	0.00048198 	-5.63639e-06
2.48013 	0.0287167 	0.00048112 	-5.75875e-06
2.48165 	0.0287186 	0.00048026 	-5.88112e-06
2.48317 	0.0287206 	0.0004794 	-6.00349e-06
2.48469 	0.0287226 	0.000478539 	-6.12585e-06
2.48621 	0.0287245 	0.000477679 	-6.24822e-06
2.48773 	0.0287265 	0.000476819 	-6.37058e-06
2.48925 	0.0287284 	0.000475947 	-6.4193e-06
2.49077 	0.0287301 	0.000474995 	-6.33816e-06
2.49228 	0.0287318 	0.000474043 	-6.25702e-06
2.4938 	0.0287336 	0.000473091 	-6.17588e-06
2.49532 	0.0287353 	0.000472139 	-6.09474e-06
2.49684 	0.028737 	0.000471187 	-6.01359e-06
2.49836 	0.0287388 	0.000470235 	-5.93245e-06
2.49988 	0.0287405 	0.000469283 	-5.85131e-06
2.5014 	0.028742 	0.000468363 	-5.7755e-06
2.50292 	0.0287433 	0.000467493 	-5.70778e-06
2.50443 	0.0287445 	0.000466623 	-5.64006e-06
2.50595 	0.0287458 	0.000465753 	-5.57235e-06
2.50747 	0.028747 	0.000464883 	-5.50463e-06
2.50899 	0.0287483 	0.000464012 	-5.43691e-06
2.51051 	0.0287495 	0.000463142 	-5.3692e-06
2.51203 	0.0287508 	0.000462272 	-5.30148e-06
2.51355 	0.0287519 	0.000461391 	-5.19978e-06
2.51507 	0.0287529 	0.00046042 	-5.04509e-06
2.51658 	0.028754 	0.000459448 	-4.89039e-06
2.5181 	0.028755 	0.000458476 	-4.7357e-06
2.51962 	0.028756 	0.000457505 	-4.581e-06
2.52114 	0.028757 	0.000456533 	-4.4263e-06
2.52266 	0.028758 	0.000455562 	-4.27161e-06
2.52418 	0.0287591 	0.00045459 	-4.11691e-06
2.5257 	0.0287596 	0.00045368 	-3.95224e-06
2.52722 	0.0287602 	0.00045278 	-3.78585e-06
2.52873 	0.0287607 	0.000451881 	-3.61946e-06
2.53025 	0.0287612 	0.000450982 	-3.45307e-06
2.53177 	0.0287617 	0.000450082 	-3.28668e-06
2.53329 	0.0287622 	0.000449183 	-3.12029e-06
2.53481 	0.0287628 	0.000448283 	-2.9539e-06
2.53633 	0.0287632 	0.000447419 	-2.83854e-06
2.53785 	0.0287635 	0.000446481 	-2.74655e-06
2.53937 	0.0287636 	0.000445518 	-2.658e-06
2.54088 	0.0287638 	0.000444554 	-2.56946e-06
2.5424 	0.028764 	0.00044359 	-2.48091e-06
2.54392 	0.0287642 	0.000442626 	-2.39236e-06
2.54544 	0.0287644 	0.000441663 	-2.30381e-06
2.54696 	0.0287645 	0.000440699 	-2.21526e-06
2.54848 	0.0287643 	0.000439784 	-2.10551e-06
2.55 	0.028764 	0.000438887 	-1.98783e-06
2.55152 	0.0287637 	0.000437991 	-1.87015e-06
2.55303 	0.0287633 	0.000437094 	-1.75246e-06
2.55455 	0.028763 	0.000436198 	-1.63478e-06
2.55607 	0.0287627 	0.000435301 	-1.5171e-06
2.55759 	0.0287623 	0.000434407 	-1.4047e-06
2.55911 	0.0287619 	0.000433554 	-1.38581e-06
2.56063 	0.0287613 	0.000432625 	-1.4381e-06
2.56215 	0.0287606 	0.00043166 	-1.52462e-06
2.56367 	0.0287598 	0.000430695 	-1.61115e-06
2.56518 	0.0287591 	0.00042973 	-1.69767e-06
2.5667 	0.0287584 	0.000428764 	-1.7842e-06
2.56822 	0.0287576 	0.000427799 	-1.87073e-06
2.56974 	0.0287569 	0.000426836 	-1.95681e-06
2.57126 	0.0287556 	0.000425948 	-2.01958e-06
2.57278 	0.0287544 	0.00042506 	-2.08234e-06
2.5743 	0.0287531 	0.000424172 	-2.1451e-06
2.57582 	0.0287518 	0.000423284 	-2.20786e-06
2.57733 	0.0287505 	0.000422396 	-2.27062e-06
2.57885 	0.0287493 	0.000421508 	-2.33339e-06
2.58037 	0.0287479 	0.000420647 	-2.40631e-06
2.58189 	0.0287465 	0.000419794 	-2.48452e-06
2.58341 	0.0287448 	0.000418827 	-2.61523e-06
2.58493 	0.0287431 	0.00041786 	-2.74593e-06
2.58645 	0.0287414 	0.000416893 	-2.87664e-06
2.58797 	0.0287396 	0.000415927 	-3.00734e-06
2.58948 	0.0287379 	0.00041496 	-3.13805e-06
2.591 	0.0287362 	0.000413993 	-3.26876e-06
2.59252 	0.0287341 	0.000413089 	-3.40602e-06
2.59404 	0.0287318 	0.000412208 	-3.54577e-06
2.59556 	0.0287295 	0.000411327 	-3.68552e-06
2.59708 	0.0287272 	0.000410446 	-3.82527e-06
2.5986 	0.0287249 	0.000409566 	-3.96503e-06
2.60012 	0.0287226 	0.000408685 	-4.10478e-06
2.60163 	0.0287202 	0.000407825 	-4.21741e-06
2.60315 	0.0287177 	0.000406972 	-4.3212e-06
2.60467 	0.0287148 	0.000406025 	-4.42416e-06
2.60619 	0.0287119 	0.000405053 	-4.52689e-06
2.60771 	0.028709 	0.000404081 	-4.62962e-06
2.60923 	0.028706 	0.00040311 	-4.73236e-06
2.61075 	0.0287031 	0.000402138 	-4.83509e-06
2.61227 	0.0287001 	0.000401166 	-4.93783e-06
2.61378 	0.0286967 	0.000400269 	-5.07198e-06
2.6153 	0.0286932 	0.000399386 	-5.21198e-06
2.61682 	0.0286897 	0.000398502 	-5.35198e-06
2.61834 	0.0286862 	0.000397619 	-5.49198e-06
2.61986 	0.0286826 	0.000396735 	-5.63197e-06
2.62138 	0.0286791 	0.000395856 	-5.75683e-06
2.6229 	0.0286753 	0.000394994 	-5.82204e-06
2.62442 	0.0286715 	0.000394133 	-5.88724e-06
2.62593 	0.0286672 	0.00039315 	-5.90284e-06
2.62745 	0.0286629 	0.000392165 	-5.91782e-06
2.62897 	0.0286586 	0.00039118 	-5.9328e-06
2.63049 	0.0286543 	0.000390196 	-5.94778e-06
2.63201 	0.02865 	0.000389211 	-5.96276e-06
2.63353 	0.0286455 	0.000388261 	-5.99579e-06
2.63505 	0.0286406 	0.000387371 	-6.05933e-06
2.63657 	0.0286357 	0.00038648 	-6.12287e-06
2.63809 	0.0286308 	0.000385589 	-6.18641e-06
2.6396 	0.0286258 	0.000384698 	-6.24995e-06
2.64112 	0.0286209 	0.000383809 	-6.30917e-06
2.64264 	0.0286158 	0.00038294 	-6.2783e-06
2.64416 	0.0286106 	0.000382071 	-6.24742e-06
2.64568 	0.0286051 	0.000381127 	-6.1606e-06
2.6472 	0.0285994 	0.000380133 	-6.03734e-06
2.64872 	0.0285937 	0.00037914 	-5.91409e-06
2.65024 	0.028588 	0.000378147 	-5.79083e-06
2.65175 	0.0285824 	0.000377153 	-5.66758e-06
2.65327 	0.0285765 	0.00037619 	-5.55706e-06
2.65479 	0.0285701 	0.000375293 	-5.47539e-06
2.65631 	0.0285637 	0.000374396 	-5.39371e-06
2.65783 	0.0285573 	0.0003735 	-5.31204e-06
2.65935 	0.028551 	0.000372603 	-5.23037e-06
2.66087 	0.0285445 	0.000371714 	-5.13218e-06
2.66239 	0.0285379 	0.000370848 	-4.99166e-06
2.6639 	0.0285312 	0.000369981 	-4.85115e-06
2.66542 	0.0285243 	0.000369036 	-4.65868e-06
2.66694 	0.0285171 	0.000368049 	-4.43703e-06
2.66846 	0.0285099 	0.000367061 	-4.21537e-06
2.66998 	0.0285027 	0.000366073 	-3.99371e-06
2.6715 	0.0284955 	0.000365085 	-3.77206e-06
2.67302 	0.0284878 	0.000364158 	-3.55998e-06
2.67454 	0.0284799 	0.000363264 	-3.35322e-06
2.67605 	0.0284719 	0.00036237 	-3.14646e-06
2.67757 	0.0284639 	0.000361477 	-2.9397e-06
2.67909 	0.0284559 	0.000360583 	-2.73295e-06
2.68061 	0.0284477 	0.000359716 	-2.54881e-06
2.68213 	0.0284395 	0.000358852 	-2.3671e-06
2.68365 	0.0284312 	0.000357978 	-2.18496e-06
2.68517 	0.0284224 	0.000356991 	-1.99833e-06
2.68669 	0.0284136 	0.000356004 	-1.81169e-06
2.6882 	0.0284049 	0.000355017 	-1.62505e-06
2.68972 	0.0283961 	0.00035403 	-1.43841e-06
2.69124 	0.028387 	0.000353079 	-1.24755e-06
2.69276 	0.0283773 	0.000352187 	-1.04969e-06
2.69428 	0.0283676 	0.000351295 	-8.5182e-07
2.6958 	0.0283579 	0.000350403 	-6.53953e-07
2.69732 	0.0283482 	0.000349511 	-4.56086e-07
2.69884 	0.0283383 	0.000348643 	-3.05049e-07
2.70035 	0.0283284 	0.000347777 	-1.58724e-07
2.70187 	0.0283185 	0.000346911 	-1.23986e-08
2.70339 	0.0283081 	0.000345922 	1.11882e-07
2.70491 	0.0282977 	0.000344925 	2.34711e-07
2.70643 	0.0282873 	0.000343928 	3.57541e-07
2.70795 	0.0282768 	0.000342931 	4.8037e-07
2.70947 	0.0282659 	0.000341979 	6.14089e-07
2.71099 	0.0282545 	0.000341071 	7.5867e-07
2.7125 	0.0282431 	0.000340163 	9.03252e-07
2.71402 	0.0282317 	0.000339255 	1.04783e-06
2.71554 	0.0282203 	0.000338358 	1.18634e-06
2.71706 	0.0282086 	0.000337488 	1.31011e-06
2.71858 	0.028197 	0.000336617 	1.43389e-06
2.7201 	0.0281852 	0.000335723 	1.5563e-06
2.72162 	0.028173 	0.000334725 	1.67291e-06
2.72314 	0.0281609 	0.000333727 	1.78952e-06
2.72465 	0.0281487 	0.000332729 	1.90613e-06
2.72617 	0.0281365 	0.000331732 	2.02295e-06
2.72769 	0.0281233 	0.000330822 	2.15839e-06
2.72921 	0.02811 	0.000329912 	2.29384e-06
2.73073 	0.0280967 	0.000329002 	2.42928e-06
2.73225 	0.0280835 	0.000328093 	2.56532e-06
2.73377 	0.02807 	0.000327208 	2.71326e-06
2.73529 	0.0280565 	0.000326323 	2.86121e-06
2.7368 	0.028043 	0.000325438 	3.00915e-06
2.73832 	0.0280291 	0.000324436 	3.1592e-06
2.73984 	0.0280152 	0.000323411 	3.30967e-06
2.74136 	0.0280013 	0.000322387 	3.46014e-06
2.74288 	0.0279873 	0.000321362 	3.61061e-06
2.7444 	0.0279723 	0.000320422 	3.77776e-06
2.74592 	0.0279572 	0.000319491 	3.94677e-06
2.74744 	0.0279421 	0.00031856 	4.11577e-06
2.74895 	0.0279269 	0.000317633 	4.28481e-06
2.75047 	0.0279115 	0.000316723 	4.45407e-06
2.75199 	0.0278961 	0.000315813 	4.62332e-06
2.75351 	0.0278807 	0.000314903 	4.79257e-06
2.75503 	0.0278649 	0.000313868 	4.93462e-06
2.75655 	0.0278491 	0.000312813 	5.07235e-06
2.75807 	0.0278332 	0.000311759 	5.21008e-06
2.75959 	0.0278172 	0.000310719 	5.35061e-06
2.7611 	0.0278001 	0.000309758 	5.50553e-06
2.76262 	0.0277829 	0.000308797 	5.66045e-06
2.76414 	0.0277658 	0.000307835 	5.81537e-06
2.76566 	0.0277485 	0.000306891 	5.9595e-06
2.76718 	0.0277311 	0.000305955 	6.09787e-06
2.7687 	0.0277137 	0.000305019 	6.23623e-06
2.77022 	0.0276962 	0.000304045 	6.35956e-06
2.77174 	0.0276783 	0.000302966 	6.44245e-06
2.77325 	0.0276604 	0.000301887 	6.52533e-06
2.77477 	0.0276426 	0.000300808 	6.60822e-06
2.77629 	0.0276236 	0.000299799 	6.69407e-06
2.77781 	0.0276044 	0.000298809 	6.7807e-06
2.77933 	0.0275851 	0.000297819 	6.86733e-06
2.78085 	0.0275657 	0.000296843 	6.94486e-06
2.78237 	0.0275461 	0.000295883 	7.01285e-06
2.78389 	0.0275265 	0.000294923 	7.08084e-06
2.7854 	0.0275069 	0.000293956 	7.14668e-06
2.78692 	0.0274867 	0.000292852 	7.17082e-06
2.78844 	0.0274665 	0.000291749 	7.19497e-06
2.78996 	0.0274463 	0.000290645 	7.21911e-06
2.79148 	0.0274249 	0.000289603 	7.23015e-06
2.793 	0.0274032 	0.000288577 	7.23742e-06
2.79452 	0.0273815 	0.000287552 	7.24468e-06
2.79604 	0.0273596 	0.000286551 	7.24769e-06
2.79755 	0.0273376 	0.000285561 	7.24862e-06
2.79907 	0.0273156 	0.000284572 	7.24955e-06
2.80059 	0.0272935 	0.000283556 	7.24821e-06
2.80211 	0.027271 	0.000282428 	7.2372e-06
2.80363 	0.0272485 	0.000281299 	7.22618e-06
2.80515 	0.0272258 	0.000280178 	7.21259e-06
2.80667 	0.0272016 	0.00027912 	7.1788e-06
2.80819 	0.0271773 	0.000278062 	7.14501e-06
2.8097 	0.0271531 	0.00027701 	7.11044e-06
2.81122 	0.0271286 	0.000275983 	7.07267e-06
2.81274 	0.0271041 	0.000274955 	7.03489e-06
2.81426 	0.0270797 	0.000273928 	6.99712e-06
2.81578 	0.027055 	0.000272798 	6.95733e-06
2.8173 	0.0270302 	0.000271622 	6.91661e-06
2.81882 	0.0270054 	0.000270445 	6.87589e-06
2.82034 	0.0269791 	0.000269331 	6.82002e-06
2.82185 	0.0269524 	0.000268232 	6.7602e-06
2.82337 	0.0269257 	0.000267135 	6.69952e-06
2.82489 	0.0268987 	0.000266059 	6.62253e-06
2.82641 	0.0268718 	0.000264984 	6.54555e-06
2.82793 	0.0268449 	0.000263908 	6.46856e-06
2.82945 	0.0268178 	0.000262748 	6.38286e-06
2.83097 	0.0267907 	0.000261511 	6.28926e-06
2.83249 	0.0267636 	0.000260273 	6.19566e-06
2.83401 	0.0267348 	0.000259109 	6.08055e-06
2.83552 	0.0267055 	0.000257961 	5.96032e-06
2.83704 	0.0266762 	0.000256816 	5.83704e-06
2.83856 	0.0266468 	0.00025568 	5.70354e-06
2.84008 	0.0266173 	0.000254543 	5.57003e-06
2.8416 	0.0265878 	0.000253406 	5.43653e-06
2.84312 	0.0265582 	0.000252145 	5.29601e-06
2.84464 	0.0265286 	0.000250832 	5.15251e-06
2.84616 	0.0264986 	0.000249532 	5.00423e-06
2.84767 	0.0264666 	0.00024831 	4.82873e-06
2.84919 	0.0264347 	0.000247089 	4.65322e-06
2.85071 	0.0264026 	0.000245878 	4.48551e-06
2.85223 	0.0263704 	0.000244671 	4.32072e-06
2.85375 	0.0263382 	0.000243464 	4.15593e-06
2.85527 	0.0263059 	0.000242221 	3.99635e-06
2.85679 	0.0262735 	0.000240839 	3.85675e-06
2.85831 	0.0262411 	0.000239458 	3.71715e-06
2.85982 	0.0262067 	0.000238144 	3.56385e-06
2.86134 	0.0261718 	0.000236845 	3.40731e-06
2.86286 	0.0261368 	0.000235556 	3.25525e-06
2.86438 	0.0261017 	0.000234275 	3.10711e-06
2.8659 	0.0260665 	0.000232995 	2.95897e-06
2.86742 	0.0260313 	0.000231708 	2.81207e-06
2.86894 	0.025996 	0.000230254 	2.70356e-06
2.87046 	0.0259607 	0.0002288 	2.59505e-06
2.87197 	0.0259233 	0.000227402 	2.49088e-06
2.87349 	0.0258853 	0.000226019 	2.38793e-06
2.87501 	0.0258471 	0.000224649 	2.28233e-06
2.87653 	0.0258087 	0.000223284 	2.17524e-06
2.87805 	0.0257704 	0.00022192 	2.06815e-06
2.87957 	0.025732 	0.000220527 	1.9665e-06
2.88109 	0.0256934 	0.000218989 	1.89196e-06
2.88261 	0.0256546 	0.000217455 	1.8176e-06
2.88412 	0.0256132 	0.000215971 	1.74627e-06
2.88564 	0.0255718 	0.000214488 	1.67481e-06
2.88716 	0.0255298 	0.000213033 	1.60046e-06
2.88868 	0.0254877 	0.000211579 	1.52611e-06
2.8902 	0.0254457 	0.000210124 	1.45176e-06
2.89172 	0.0254034 	0.000208573 	1.39867e-06
2.89324 	0.025361 	0.000206958 	1.35948e-06
2.89476 	0.0253166 	0.000205368 	1.30877e-06
2.89627 	0.0252712 	0.000203794 	1.25095e-06
2.89779 	0.025225 	0.000202236 	1.22256e-06
2.89931 	0.0251787 	0.000200685 	1.20488e-06
2.90083 	0.0251323 	0.000199133 	1.18721e-06
2.90235 	0.0250857 	0.000197527 	1.19523e-06
2.90387 	0.0250387 	0.000195812 	1.25422e-06
2.90539 	0.0249901 	0.000194114 	1.29837e-06
2.90691 	0.0249399 	0.000192433 	1.3258e-06
2.90842 	0.0248888 	0.000190768 	1.39849e-06
2.90994 	0.0248372 	0.00018911 	1.49066e-06
2.91146 	0.0247856 	0.000187452 	1.58282e-06
2.91298 	0.0247337 	0.000185736 	1.7043e-06
2.9145 	0.0246811 	0.000183915 	1.88014e-06
2.91602 	0.0246263 	0.000182107 	2.03978e-06
2.91754 	0.0245702 	0.000180308 	2.18858e-06
2.91906 	0.0245128 	0.000178537 	2.38042e-06
2.92057 	0.0244553 	0.000176769 	2.57521e-06
2.92209 	0.0243977 	0.000175001 	2.77e-06
2.92361 	0.0243394 	0.000173132 	2.99063e-06
2.92513 	0.0242806 	0.000171208 	3.22569e-06
2.92665 	0.0242182 	0.000169298 	3.44425e-06
2.92817 	0.0241545 	0.000167399 	3.67146e-06
2.92969 	0.0240893 	0.000165514 	3.90999e-06
2.93121 	0.0240241 	0.000163629 	4.14853e-06
2.93272 	0.0239584 	0.000161711 	4.38971e-06
2.93424 	0.0238906 	0.000159666 	4.64147e-06
2.93576 	0.0238202 	0.000157625 	4.88351e-06
2.93728 	0.0237478 	0.000155592 	5.12135e-06
2.9388 	0.0236731 	0.00015359 	5.3631e-06
2.94032 	0.0235985 	0.000151587 	5.60485e-06
2.94184 	0.0235239 	0.000149582 	5.847e-06
2.94336 	0.0234467 	0.00014743 	6.1097e-06
2.94487 	0.023367 	0.000145282 	6.35807e-06
2.94639 	0.0232844 	0.000143139 	6.59576e-06
2.94791 	0.0231975 	0.000141004 	6.8343e-06
2.94943 	0.0231106 	0.00013887 	7.07285e-06
2.95095 	0.0230233 	0.000136721 	7.31336e-06
2.95247 	0.0229312 	0.000134417 	7.57376e-06
2.95399 	0.0228353 	0.000132112 	7.81575e-06
2.95551 	0.0227356 	0.000129819 	8.05209e-06
2.95702 	0.0226327 	0.000127541 	8.29004e-06
2.95854 	0.0225298 	0.000125263 	8.52798e-06
2.96006 	0.0224246 	0.000122926 	8.76368e-06
2.96158 	0.0223154 	0.000120501 	8.99687e-06
2.9631 	0.0222006 	0.00011806 	9.23551e-06
2.96462 	0.0220786 	0.00011564 	9.47744e-06
2.96614 	0.021956 	0.000113223 	9.71968e-06
2.96766 	0.0218334 	0.000110805 	9.96193e-06
2.96917 	0.0217032 	0.000108252 	1.01539e-05
2.97069 	0.0215676 	0.000105681 	1.03767e-05
2.97221 	0.021422 	0.000103109 	1.0616e-05
2.97373 	0.0212713 	0.000100538 	1.0859e-05
2.97525 	0.0211206 	9.79681e-05 	1.1102e-05
2.97677 	0.0209592 	9.52874e-05 	1.12766e-05
2.97829 	0.0207892 	9.25458e-05 	1.14602e-05
2.97981 	0.020607 	8.98094e-05 	1.16645e-05
2.98132 	0.0204173 	8.70893e-05 	1.18695e-05
2.98284 	0.0202276 	8.43691e-05 	1.20745e-05
2.98436 	0.0200245 	8.15694e-05 	1.21942e-05
2.98588 	0.0198095 	7.8698e-05 	1.23126e-05
2.9874 	0.0195759 	7.58403e-05 	1.24126e-05
2.98892 	0.0193356 	7.29973e-05 	1.24998e-05
2.99044 	0.0190953 	7.01543e-05 	1.25869e-05
2.99196 	0.0188319 	6.72291e-05 	1.25543e-05
2.99347 	0.0185522 	6.42277e-05 	1.2533e-05
2.99499 	0.0182446 	6.12961e-05 	1.24344e-05
2.99651 	0.0179371 	5.83645e-05 	1.23358e-05
2.99803 	0.0176152 	5.54117e-05 	1.21923e-05
2.99955 	0.0172663 	5.23792e-05 	1.19944e-05
3.00107 	0.0168835 	4.93751e-05 	1.17387e-05
3.00259 	0.0164868 	4.64141e-05 	1.14512e-05
3.00411 	0.0160844 	4.34547e-05 	1.1156e-05
3.00562 	0.0156391 	4.04711e-05 	1.08067e-05
3.00714 	0.0151551 	3.74759e-05 	1.04129e-05
3.00866 	0.0146459 	3.45845e-05 	9.98199e-06
3.01018 	0.0141343 	3.16973e-05 	9.54993e-06
3.0117 	0.0135666 	2.88621e-05 	9.0847e-06
3.01322 	0.0129513 	2.60374e-05 	8.57712e-06
3.01474 	0.0123121 	2.33518e-05 	8.05534e-06
3.01626 	0.011663 	2.07009e-05 	7.53345e-06
3.01777 	0.0109512 	1.81272e-05 	6.98917e-06
3.01929 	0.0101902 	1.57007e-05 	6.41958e-06
3.02081 	0.00942119 	1.33629e-05 	5.85121e-06
3.02233 	0.0086297 	1.11796e-05 	5.29525e-06
3.02385 	0.00776136 	9.048e-06 	4.70505e-06
3.02537 	0.00688112 	7.13646e-06 	4.1197e-06
3.02689 	0.0059969 	5.28959e-06 	3.54378e-06
3.02841 	0.00504632 	3.53884e-06 	2.96242e-06
3.02992 	0.00407864 	2.42384e-06 	2.37148e-06
3.03144 	0.00311204 	1.45894e-06 	1.7916e-06
3.03296 	0.00207661 	9.72662e-07 	1.20749e-06
3.03448 	0.00103198 	4.77417e-07 	5.92587e-07
3.036 	0 	0 	0
