0.530047 	0.000200099 	0.000209129 	8.57423e-07
0.531566 	0.000492245 	0.000524528 	1.95425e-06
0.533085 	0.000783161 	0.000820151 	3.2983e-06
0.534603 	0.00105754 	0.00111536 	4.28282e-06
0.536122 	0.00137332 	0.00142765 	5.73874e-06
0.537641 	0.00164948 	0.00170556 	6.82108e-06
0.53916 	0.00195441 	0.00204982 	7.71778e-06
0.540678 	0.00226617 	0.00231681 	9.50178e-06
0.542197 	0.00254322 	0.00258539 	1.06238e-05
0.543716 	0.00283653 	0.00291693 	1.15415e-05
0.545235 	0.00313262 	0.003147 	1.34446e-05
0.546753 	0.00336985 	0.00335324 	1.45673e-05
0.548272 	0.0035851 	0.00358465 	1.51573e-05
0.549791 	0.00383433 	0.00371357 	1.73591e-05
0.55131 	0.00401417 	0.00384578 	1.83913e-05
0.552828 	0.00417302 	0.00401364 	1.88358e-05
0.554347 	0.00433048 	0.00410789 	2.03479e-05
0.555866 	0.00446821 	0.00418994 	2.16481e-05
0.557385 	0.00459144 	0.00430233 	2.23451e-05
0.558903 	0.00470589 	0.00444003 	2.28112e-05
0.560422 	0.00479499 	0.00446665 	2.46088e-05
0.561941 	0.00488216 	0.00453471 	2.51591e-05
0.56346 	0.00498564 	0.00464527 	2.52138e-05
0.564978 	0.00507832 	0.00472997 	2.56921e-05
0.566497 	0.00514358 	0.00474745 	2.70344e-05
0.568016 	0.0052259 	0.00480823 	2.73336e-05
0.569535 	0.00533539 	0.0049158 	2.70919e-05
0.571054 	0.00542702 	0.00499115 	2.76272e-05
0.572572 	0.00549056 	0.00501711 	2.90967e-05
0.574091 	0.005566 	0.00507076 	2.92355e-05
0.57561 	0.00566413 	0.00515328 	2.85869e-05
0.577129 	0.00574953 	0.00522 	2.84013e-05
0.578647 	0.00579586 	0.00523776 	2.96113e-05
0.580166 	0.0058564 	0.00527599 	2.96596e-05
0.581685 	0.00593815 	0.00533709 	2.89575e-05
0.583204 	0.00603374 	0.00541259 	2.78513e-05
0.584722 	0.00606481 	0.00542338 	2.88438e-05
0.586241 	0.00610641 	0.00544407 	2.92572e-05
0.58776 	0.00616568 	0.00548105 	2.88083e-05
0.589279 	0.00625447 	0.00554392 	2.73737e-05
0.590797 	0.00630405 	0.00556938 	2.71528e-05
0.592316 	0.00632214 	0.00556479 	2.79064e-05
0.593835 	0.00636796 	0.00558665 	2.77248e-05
0.595354 	0.00644113 	0.00563212 	2.67736e-05
0.596872 	0.00653079 	0.00569157 	2.53749e-05
0.598391 	0.00655697 	0.00568838 	2.58223e-05
0.59991 	0.00657808 	0.00568072 	2.64043e-05
0.601429 	0.00662605 	0.00570453 	2.60827e-05
0.602947 	0.00670495 	0.00576028 	2.48104e-05
0.604466 	0.00678699 	0.00581966 	2.3427e-05
0.605985 	0.00680429 	0.00582133 	2.36827e-05
0.607504 	0.00682549 	0.00582581 	2.38561e-05
0.609023 	0.00687093 	0.00584769 	2.35181e-05
0.610541 	0.00694839 	0.00589009 	2.23238e-05
0.61206 	0.00702843 	0.0059341 	2.10587e-05
0.613579 	0.00705033 	0.00593343 	2.10154e-05
0.615098 	0.00707224 	0.00593276 	2.09721e-05
0.616616 	0.00711493 	0.0059513 	2.06098e-05
0.618135 	0.00718029 	0.00598757 	1.95689e-05
0.619654 	0.007251 	0.00602802 	1.83671e-05
0.621173 	0.00727731 	0.00603273 	1.78066e-05
0.622691 	0.00729132 	0.00602756 	1.74236e-05
0.62421 	0.00732278 	0.00603649 	1.70072e-05
0.625729 	0.00738026 	0.00606479 	1.62304e-05
0.627248 	0.00745357 	0.00610428 	1.5126e-05
0.628766 	0.00750514 	0.0061268 	1.41776e-05
0.630285 	0.00751925 	0.0061201 	1.3498e-05
0.631804 	0.0075361 	0.00611573 	1.2834e-05
0.633323 	0.00757672 	0.00613134 	1.22882e-05
0.634841 	0.00764672 	0.00616839 	1.12466e-05
0.63636 	0.00771672 	0.00620545 	1.0205e-05
0.637879 	0.00774486 	0.0062097 	9.22438e-06
0.639398 	0.00775943 	0.00620332 	8.26361e-06
0.640916 	0.00778271 	0.00620436 	7.411e-06
0.642435 	0.007831 	0.00622528 	6.65666e-06
0.643954 	0.00789819 	0.00625959 	5.72508e-06
0.645473 	0.00796538 	0.0062939 	4.7935e-06
0.646991 	0.0079828 	0.00629093 	3.59824e-06
0.64851 	0.00799714 	0.00628565 	2.38659e-06
0.650029 	0.00802131 	0.00628792 	1.34775e-06
0.651548 	0.00807242 	0.00630922 	5.41687e-07
0.653067 	0.00813892 	0.00634038 	-2.79375e-07
0.654585 	0.00820542 	0.00637154 	-1.10044e-06
0.656104 	0.0082254 	0.00637056 	-2.49212e-06
0.657623 	0.00824149 	0.00636691 	-3.93142e-06
0.659142 	0.00826303 	0.00636723 	-5.23613e-06
0.66066 	0.00831043 	0.00638506 	-6.06608e-06
0.662179 	0.00837424 	0.0064125 	-6.76916e-06
0.663698 	0.00843804 	0.00643995 	-7.47224e-06
0.665217 	0.00846871 	0.00644616 	-8.83703e-06
0.666735 	0.00848482 	0.00644303 	-1.04926e-05
0.668254 	0.00850093 	0.0064399 	-1.21481e-05
0.669773 	0.00853739 	0.00645026 	-1.31801e-05
0.671292 	0.00860009 	0.00647496 	-1.36966e-05
0.67281 	0.0086628 	0.00649966 	-1.42131e-05
0.674329 	0.00871364 	0.00651719 	-1.50562e-05
0.675848 	0.00872951 	0.00651359 	-1.68619e-05
0.677367 	0.00874538 	0.00650998 	-1.86676e-05
0.678885 	0.00876696 	0.00651003 	-2.02472e-05
0.680404 	0.00881776 	0.00652687 	-2.0829e-05
0.681923 	0.0088793 	0.00654914 	-2.11041e-05
0.683442 	0.00894083 	0.00657142 	-2.13793e-05
0.68496 	0.00897427 	0.00657635 	-2.255e-05
0.686479 	0.00898856 	0.00656946 	-2.43308e-05
0.687998 	0.00900285 	0.00656257 	-2.61116e-05
0.689517 	0.00902701 	0.00656276 	-2.75068e-05
0.691036 	0.00908469 	0.00658302 	-2.77475e-05
0.692554 	0.00914612 	0.00660529 	-2.78687e-05
0.694073 	0.00920755 	0.00662756 	-2.79898e-05
0.695592 	0.0092353 	0.00662996 	-2.91285e-05
0.697111 	0.00924966 	0.00662447 	-3.06715e-05
0.698629 	0.00926403 	0.00661897 	-3.22146e-05
0.700148 	0.00928713 	0.00661911 	-3.34835e-05
0.701667 	0.00934593 	0.00663822 	-3.37098e-05
0.703186 	0.00940684 	0.00665831 	-3.38773e-05
0.704704 	0.00946775 	0.0066784 	-3.40448e-05
0.706223 	0.00950038 	0.00668308 	-3.48111e-05
0.707742 	0.00951514 	0.00667802 	-3.59559e-05
0.709261 	0.00952991 	0.00667296 	-3.71006e-05
0.710779 	0.00954744 	0.0066696 	-3.81996e-05
0.712298 	0.00960139 	0.00668534 	-3.86952e-05
0.713817 	0.0096613 	0.00670373 	-3.90917e-05
0.715336 	0.00972121 	0.00672211 	-3.94881e-05
0.716854 	0.00976808 	0.00673382 	-3.99752e-05
0.718373 	0.0097819 	0.00672863 	-4.06918e-05
0.719892 	0.00979572 	0.00672345 	-4.14085e-05
0.721411 	0.00980954 	0.00671826 	-4.21251e-05
0.722929 	0.00984605 	0.00672424 	-4.282e-05
0.724448 	0.00990612 	0.00674075 	-4.34889e-05
0.725967 	0.00996618 	0.00675726 	-4.41578e-05
0.727486 	0.0100262 	0.00677377 	-4.48267e-05
0.729005 	0.0100528 	0.00677471 	-4.54154e-05
0.730523 	0.0100665 	0.00676971 	-4.59736e-05
0.732042 	0.0100802 	0.00676471 	-4.65317e-05
0.733561 	0.0100939 	0.00675971 	-4.70898e-05
0.73508 	0.0101453 	0.00677143 	-4.77382e-05
0.736598 	0.0102049 	0.00678653 	-4.84122e-05
0.738117 	0.0102645 	0.00680163 	-4.90862e-05
0.739636 	0.010324 	0.00681672 	-4.97602e-05
0.741155 	0.0103405 	0.00681344 	-5.03726e-05
0.742673 	0.0103538 	0.00680882 	-5.09805e-05
0.744192 	0.0103671 	0.0068042 	-5.15884e-05
0.745711 	0.0103805 	0.00679958 	-5.21963e-05
0.74723 	0.0104362 	0.00681108 	-5.2744e-05
0.748748 	0.0104957 	0.00682406 	-5.32838e-05
0.750267 	0.0105551 	0.00683705 	-5.38237e-05
0.751786 	0.0106146 	0.00685003 	-5.43635e-05
0.753305 	0.0106324 	0.00684765 	-5.51779e-05
0.754823 	0.0106459 	0.0068437 	-5.60204e-05
0.756342 	0.0106595 	0.00683975 	-5.68629e-05
0.757861 	0.010673 	0.0068358 	-5.77054e-05
0.75938 	0.0107217 	0.00684288 	-5.8109e-05
0.760898 	0.0107803 	0.00685353 	-5.83742e-05
0.762417 	0.0108389 	0.00686418 	-5.86394e-05
0.763936 	0.0108975 	0.00687483 	-5.89046e-05
0.765455 	0.0109268 	0.00687594 	-5.96262e-05
0.766973 	0.0109399 	0.0068718 	-6.05991e-05
0.768492 	0.0109531 	0.00686766 	-6.1572e-05
0.770011 	0.0109662 	0.00686352 	-6.25449e-05
0.77153 	0.0109976 	0.00686422 	-6.3141e-05
0.773049 	0.0110559 	0.00687365 	-6.31642e-05
0.774567 	0.0111141 	0.00688309 	-6.31874e-05
0.776086 	0.0111723 	0.00689252 	-6.32105e-05
0.777605 	0.011224 	0.00690013 	-6.33517e-05
0.779124 	0.0112373 	0.0068969 	-6.41948e-05
0.780642 	0.0112506 	0.00689368 	-6.50378e-05
0.782161 	0.0112639 	0.00689046 	-6.58809e-05
0.78368 	0.0112772 	0.00688723 	-6.67239e-05
0.785199 	0.0113256 	0.00689062 	-6.68928e-05
0.786717 	0.0113833 	0.00689711 	-6.68825e-05
0.788236 	0.0114409 	0.0069036 	-6.68722e-05
0.789755 	0.0114985 	0.00691008 	-6.68618e-05
0.791274 	0.0115385 	0.00691283 	-6.70997e-05
0.792792 	0.011552 	0.00691 	-6.77074e-05
0.794311 	0.0115656 	0.00690717 	-6.83151e-05
0.79583 	0.0115792 	0.00690434 	-6.89228e-05
0.797349 	0.0115978 	0.00690189 	-6.94619e-05
0.798867 	0.0116466 	0.00690408 	-6.95838e-05
0.800386 	0.0117033 	0.00690852 	-6.95929e-05
0.801905 	0.0117601 	0.00691296 	-6.9602e-05
0.803424 	0.0118168 	0.0069174 	-6.96111e-05
0.804942 	0.0118556 	0.0069189 	-6.97494e-05
0.806461 	0.0118693 	0.00691627 	-7.00689e-05
0.80798 	0.011883 	0.00691365 	-7.03883e-05
0.809499 	0.0118966 	0.00691103 	-7.07078e-05
0.811018 	0.0119146 	0.00690861 	-7.1003e-05
0.812536 	0.011959 	0.00690904 	-7.11382e-05
0.814055 	0.0120149 	0.00691233 	-7.11924e-05
0.815574 	0.0120708 	0.00691562 	-7.12465e-05
0.817093 	0.0121267 	0.00691891 	-7.13006e-05
0.818611 	0.0121748 	0.00692127 	-7.13482e-05
0.82013 	0.0121889 	0.00691953 	-7.13676e-05
0.821649 	0.012203 	0.0069178 	-7.13869e-05
0.823168 	0.0122171 	0.00691607 	-7.14063e-05
0.824686 	0.0122312 	0.00691433 	-7.14256e-05
0.826205 	0.0122656 	0.00691187 	-7.15141e-05
0.827724 	0.0123197 	0.00691242 	-7.16311e-05
0.829243 	0.0123745 	0.00691307 	-7.17491e-05
0.830761 	0.0124292 	0.00691373 	-7.1867e-05
0.83228 	0.012484 	0.00691439 	-7.19849e-05
0.833799 	0.0125102 	0.00691299 	-7.18227e-05
0.835318 	0.0125247 	0.00691073 	-7.15444e-05
0.836836 	0.0125391 	0.00690847 	-7.1266e-05
0.838355 	0.0125535 	0.00690622 	-7.09877e-05
0.839874 	0.0125764 	0.00690339 	-7.08481e-05
0.841393 	0.012617 	0.00690046 	-7.09871e-05
0.842911 	0.0126705 	0.00689956 	-7.13122e-05
0.84443 	0.012724 	0.00689867 	-7.16373e-05
0.845949 	0.0127775 	0.00689778 	-7.19624e-05
0.847468 	0.0128309 	0.00689688 	-7.22875e-05
0.848986 	0.0128465 	0.00689473 	-7.19749e-05
0.850505 	0.0128612 	0.00689254 	-7.16482e-05
0.852024 	0.012876 	0.00689035 	-7.13214e-05
0.853543 	0.0128907 	0.00688817 	-7.09947e-05
0.855062 	0.0129182 	0.00688447 	-7.09593e-05
0.85658 	0.0129587 	0.00688052 	-7.11967e-05
0.858099 	0.0130107 	0.0068778 	-7.1647e-05
0.859618 	0.0130626 	0.00687509 	-7.20973e-05
0.861137 	0.0131146 	0.00687237 	-7.25476e-05
0.862655 	0.0131666 	0.00686966 	-7.2998e-05
0.864174 	0.013182 	0.00686718 	-7.27894e-05
0.865693 	0.0131974 	0.00686471 	-7.25799e-05
0.867212 	0.0132128 	0.00686224 	-7.23705e-05
0.86873 	0.0132282 	0.00685977 	-7.21611e-05
0.870249 	0.0132552 	0.00685533 	-7.22103e-05
0.871768 	0.0132915 	0.00684987 	-7.24548e-05
0.873287 	0.0133417 	0.00684556 	-7.29301e-05
0.874805 	0.013392 	0.00684126 	-7.34053e-05
0.876324 	0.0134422 	0.00683696 	-7.38805e-05
0.877843 	0.0134924 	0.00683266 	-7.43558e-05
0.879362 	0.0135164 	0.00682958 	-7.44583e-05
0.88088 	0.0135324 	0.00682688 	-7.44466e-05
0.882399 	0.0135483 	0.00682418 	-7.4435e-05
0.883918 	0.0135642 	0.00682148 	-7.44233e-05
0.885437 	0.0135863 	0.00681747 	-7.45033e-05
0.886955 	0.0136197 	0.00681101 	-7.47548e-05
0.888474 	0.0136634 	0.00680513 	-7.51386e-05
0.889993 	0.013712 	0.00679952 	-7.55847e-05
0.891512 	0.0137605 	0.00679392 	-7.60309e-05
0.893031 	0.0138091 	0.00678831 	-7.64771e-05
0.894549 	0.0138487 	0.00678349 	-7.68339e-05
0.896068 	0.013865 	0.00678071 	-7.69578e-05
0.897587 	0.0138813 	0.00677794 	-7.70818e-05
0.899106 	0.0138977 	0.00677516 	-7.72057e-05
0.900624 	0.013914 	0.00677239 	-7.73296e-05
0.902143 	0.0139438 	0.00676612 	-7.75565e-05
0.903662 	0.0139765 	0.0067591 	-7.78053e-05
0.905181 	0.0140229 	0.00675222 	-7.82096e-05
0.906699 	0.0140698 	0.00674535 	-7.86188e-05
0.908218 	0.0141167 	0.00673848 	-7.90279e-05
0.909737 	0.0141636 	0.00673161 	-7.94371e-05
0.911256 	0.0141943 	0.00672711 	-7.97018e-05
0.912774 	0.0142109 	0.00672469 	-7.984e-05
0.914293 	0.0142274 	0.00672227 	-7.99782e-05
0.915812 	0.0142439 	0.00671984 	-8.01164e-05
0.917331 	0.0142611 	0.00671719 	-8.02598e-05
0.918849 	0.0142931 	0.00670943 	-8.05165e-05
0.920368 	0.0143252 	0.00670168 	-8.07739e-05
0.921887 	0.0143708 	0.00669307 	-8.12314e-05
0.923406 	0.0144163 	0.00668446 	-8.1689e-05
0.924924 	0.0144619 	0.00667585 	-8.21465e-05
0.926443 	0.0145074 	0.00666724 	-8.2604e-05
0.927962 	0.0145377 	0.0066619 	-8.28324e-05
0.929481 	0.0145545 	0.00665945 	-8.28583e-05
0.930999 	0.0145713 	0.00665701 	-8.28841e-05
0.932518 	0.0145881 	0.00665456 	-8.291e-05
0.934037 	0.0146049 	0.00665208 	-8.29374e-05
0.935556 	0.0146362 	0.00664361 	-8.32578e-05
0.937075 	0.0146674 	0.00663514 	-8.35782e-05
0.938593 	0.0147087 	0.00662547 	-8.41518e-05
0.940112 	0.0147529 	0.00661545 	-8.47976e-05
0.941631 	0.014797 	0.00660543 	-8.54434e-05
0.94315 	0.0148412 	0.00659541 	-8.60892e-05
0.944668 	0.0148782 	0.00658732 	-8.65377e-05
0.946187 	0.0148958 	0.00658445 	-8.64511e-05
0.947706 	0.0149135 	0.00658157 	-8.63646e-05
0.949225 	0.0149311 	0.0065787 	-8.6278e-05
0.950743 	0.0149488 	0.00657582 	-8.61914e-05
0.952262 	0.0149755 	0.00656859 	-8.64441e-05
0.953781 	0.0150061 	0.00655955 	-8.68379e-05
0.9553 	0.0150401 	0.00654999 	-8.73476e-05
0.956818 	0.0150823 	0.00653918 	-8.81365e-05
0.958337 	0.0151246 	0.00652837 	-8.89253e-05
0.959856 	0.0151668 	0.00651755 	-8.97141e-05
0.961375 	0.0152091 	0.00650674 	-9.0503e-05
0.962893 	0.0152333 	0.00650182 	-9.07186e-05
0.964412 	0.0152514 	0.00649888 	-9.07405e-05
0.965931 	0.0152695 	0.00649594 	-9.07625e-05
0.96745 	0.0152876 	0.00649301 	-9.07844e-05
0.968968 	0.0153074 	0.00648912 	-9.08523e-05
0.970487 	0.0153372 	0.00647966 	-9.119e-05
0.972006 	0.015367 	0.00647019 	-9.15277e-05
0.973525 	0.0154027 	0.00645952 	-9.19897e-05
0.975044 	0.0154433 	0.00644784 	-9.25543e-05
0.976562 	0.0154838 	0.00643616 	-9.31189e-05
0.978081 	0.0155244 	0.00642448 	-9.36835e-05
0.9796 	0.015565 	0.0064128 	-9.4248e-05
0.981119 	0.0155837 	0.00640966 	-9.44168e-05
0.982637 	0.0156016 	0.00640684 	-9.45704e-05
0.984156 	0.0156195 	0.00640403 	-9.47241e-05
0.985675 	0.0156374 	0.00640122 	-9.48777e-05
0.987194 	0.0156588 	0.00639609 	-9.50232e-05
0.988712 	0.0156878 	0.00638608 	-9.51513e-05
0.990231 	0.0157168 	0.00637608 	-9.52794e-05
0.99175 	0.0157516 	0.00636449 	-9.54201e-05
0.993269 	0.0157912 	0.00635155 	-9.55715e-05
0.994787 	0.0158309 	0.00633862 	-9.57228e-05
0.996306 	0.0158705 	0.00632569 	-9.58742e-05
0.997825 	0.0159102 	0.00631276 	-9.60256e-05
0.999344 	0.015931 	0.00630867 	-9.6294e-05
1.00086 	0.0159501 	0.0063054 	-9.65731e-05
1.00238 	0.0159692 	0.00630213 	-9.68522e-05
1.0039 	0.0159884 	0.00629886 	-9.71313e-05
1.00542 	0.0160096 	0.00629392 	-9.73181e-05
1.00694 	0.0160377 	0.00628343 	-9.71976e-05
1.00846 	0.0160659 	0.00627294 	-9.7077e-05
1.00997 	0.0160966 	0.00626164 	-9.68898e-05
1.01149 	0.0161338 	0.00624813 	-9.65236e-05
1.01301 	0.0161711 	0.00623462 	-9.61575e-05
1.01453 	0.0162083 	0.0062211 	-9.57914e-05
1.01605 	0.0162455 	0.00620759 	-9.54253e-05
1.01757 	0.016272 	0.00620019 	-9.55378e-05
1.01909 	0.0162912 	0.00619681 	-9.59657e-05
1.02061 	0.0163105 	0.00619343 	-9.63935e-05
1.02213 	0.0163298 	0.00619005 	-9.68213e-05
1.02364 	0.016349 	0.00618667 	-9.72492e-05
1.02516 	0.0163755 	0.00617685 	-9.69831e-05
1.02668 	0.0164029 	0.00616609 	-9.66159e-05
1.0282 	0.0164304 	0.00615534 	-9.62487e-05
1.02972 	0.0164639 	0.0061421 	-9.54166e-05
1.03124 	0.0164995 	0.00612798 	-9.44192e-05
1.03276 	0.0165351 	0.00611386 	-9.34217e-05
1.03428 	0.0165708 	0.00609974 	-9.24243e-05
1.03579 	0.016606 	0.00608587 	-9.14597e-05
1.03731 	0.0166252 	0.00608226 	-9.18602e-05
1.03883 	0.0166443 	0.00607865 	-9.22608e-05
1.04035 	0.0166634 	0.00607504 	-9.26613e-05
1.04187 	0.0166825 	0.00607143 	-9.30618e-05
1.04339 	0.0167034 	0.00606599 	-9.32077e-05
1.04491 	0.0167299 	0.00605492 	-9.25714e-05
1.04643 	0.0167564 	0.00604385 	-9.19351e-05
1.04794 	0.0167829 	0.00603278 	-9.12987e-05
1.04946 	0.0168166 	0.00601836 	-8.9831e-05
1.05098 	0.0168508 	0.00600373 	-8.8309e-05
1.0525 	0.016885 	0.0059891 	-8.6787e-05
1.05402 	0.0169192 	0.00597447 	-8.52651e-05
1.05554 	0.0169506 	0.00596174 	-8.40333e-05
1.05706 	0.0169694 	0.00595785 	-8.41606e-05
1.05858 	0.0169881 	0.00595396 	-8.42879e-05
1.06009 	0.0170068 	0.00595007 	-8.44152e-05
1.06161 	0.0170256 	0.00594618 	-8.45425e-05
1.06313 	0.0170467 	0.00593972 	-8.4322e-05
1.06465 	0.0170724 	0.00592839 	-8.34466e-05
1.06617 	0.017098 	0.00591707 	-8.25712e-05
1.06769 	0.0171236 	0.00590575 	-8.16958e-05
1.06921 	0.0171559 	0.00589126 	-8.00435e-05
1.07073 	0.0171891 	0.0058763 	-7.8279e-05
1.07224 	0.0172222 	0.00586134 	-7.65144e-05
1.07376 	0.0172554 	0.00584639 	-7.47499e-05
1.07528 	0.0172878 	0.00583207 	-7.30767e-05
1.0768 	0.0173068 	0.00582792 	-7.28605e-05
1.07832 	0.0173259 	0.00582377 	-7.26443e-05
1.07984 	0.017345 	0.00581961 	-7.24281e-05
1.08136 	0.0173641 	0.00581546 	-7.22119e-05
1.08288 	0.0173842 	0.00581004 	-7.18541e-05
1.08439 	0.0174094 	0.00579868 	-7.08316e-05
1.08591 	0.0174345 	0.00578731 	-6.98091e-05
1.08743 	0.0174596 	0.00577594 	-6.87867e-05
1.08895 	0.0174884 	0.00576262 	-6.73191e-05
1.09047 	0.0175202 	0.00574765 	-6.54749e-05
1.09199 	0.0175521 	0.00573267 	-6.36306e-05
1.09351 	0.017584 	0.0057177 	-6.17864e-05
1.09503 	0.0176159 	0.00570272 	-5.99422e-05
1.09654 	0.0176394 	0.00569494 	-5.88704e-05
1.09806 	0.0176587 	0.00569069 	-5.81766e-05
1.09958 	0.0176781 	0.00568644 	-5.74828e-05
1.1011 	0.0176975 	0.00568218 	-5.67891e-05
1.10262 	0.0177169 	0.00567793 	-5.60953e-05
1.10414 	0.0177399 	0.00566842 	-5.51595e-05
1.10566 	0.0177642 	0.00565696 	-5.41343e-05
1.10718 	0.0177885 	0.00564551 	-5.31091e-05
1.10869 	0.0178129 	0.00563405 	-5.20838e-05
1.11021 	0.0178429 	0.00561907 	-5.05851e-05
1.11173 	0.0178732 	0.00560388 	-4.90569e-05
1.11325 	0.0179035 	0.00558869 	-4.75288e-05
1.11477 	0.0179339 	0.0055735 	-4.60007e-05
1.11629 	0.0179641 	0.00555843 	-4.44805e-05
1.11781 	0.0179832 	0.00555371 	-4.35995e-05
1.11933 	0.0180023 	0.00554898 	-4.27186e-05
1.12084 	0.0180214 	0.00554426 	-4.18377e-05
1.12236 	0.0180405 	0.00553954 	-4.09568e-05
1.12388 	0.0180596 	0.00553475 	-4.00754e-05
1.1254 	0.0180833 	0.00552333 	-3.91416e-05
1.12692 	0.0181069 	0.00551191 	-3.82077e-05
1.12844 	0.0181305 	0.00550048 	-3.72738e-05
1.12996 	0.0181546 	0.00548881 	-3.63208e-05
1.13148 	0.018184 	0.00547398 	-3.51249e-05
1.13299 	0.0182134 	0.00545915 	-3.3929e-05
1.13451 	0.0182429 	0.00544432 	-3.27332e-05
1.13603 	0.0182723 	0.00542949 	-3.15373e-05
1.13755 	0.0183009 	0.00541547 	-3.03606e-05
1.13907 	0.0183203 	0.00541076 	-2.9403e-05
1.14059 	0.0183396 	0.00540604 	-2.84453e-05
1.14211 	0.018359 	0.00540133 	-2.74876e-05
1.14363 	0.0183783 	0.00539662 	-2.653e-05
1.14514 	0.0183977 	0.00539183 	-2.55738e-05
1.14666 	0.0184208 	0.0053806 	-2.47502e-05
1.14818 	0.0184439 	0.00536936 	-2.39265e-05
1.1497 	0.0184669 	0.00535812 	-2.31028e-05
1.15122 	0.01849 	0.00534689 	-2.22792e-05
1.15274 	0.0185179 	0.00533243 	-2.14736e-05
1.15426 	0.0185461 	0.00531774 	-2.06694e-05
1.15578 	0.0185744 	0.00530306 	-1.98651e-05
1.15729 	0.0186026 	0.00528838 	-1.90608e-05
1.15881 	0.0186308 	0.0052737 	-1.82565e-05
1.16033 	0.0186513 	0.00526763 	-1.74616e-05
1.16185 	0.0186708 	0.00526278 	-1.66681e-05
1.16337 	0.0186902 	0.00525793 	-1.58746e-05
1.16489 	0.0187096 	0.00525308 	-1.50811e-05
1.16641 	0.0187291 	0.00524823 	-1.42876e-05
1.16793 	0.0187507 	0.00523878 	-1.35721e-05
1.16944 	0.0187731 	0.00522768 	-1.28845e-05
1.17096 	0.0187956 	0.00521659 	-1.21968e-05
1.17248 	0.018818 	0.00520549 	-1.15092e-05
1.174 	0.0188429 	0.00519259 	-1.08612e-05
1.17552 	0.0188698 	0.0051781 	-1.02483e-05
1.17704 	0.0188968 	0.00516361 	-9.63533e-06
1.17856 	0.0189237 	0.00514912 	-9.02239e-06
1.18008 	0.0189507 	0.00513463 	-8.40945e-06
1.18159 	0.0189746 	0.00512395 	-7.81839e-06
1.18311 	0.018994 	0.00511901 	-7.26031e-06
1.18463 	0.0190134 	0.00511407 	-6.70223e-06
1.18615 	0.0190329 	0.00510913 	-6.14415e-06
1.18767 	0.0190523 	0.0051042 	-5.58607e-06
1.18919 	0.0190721 	0.00509814 	-5.03097e-06
1.19071 	0.0190938 	0.00508718 	-4.48896e-06
1.19223 	0.0191155 	0.00507622 	-3.94695e-06
1.19374 	0.0191372 	0.00506526 	-3.40494e-06
1.19526 	0.0191588 	0.0050543 	-2.86293e-06
1.19678 	0.0191838 	0.00504044 	-2.3308e-06
1.1983 	0.0192094 	0.00502609 	-1.80033e-06
1.19982 	0.019235 	0.00501174 	-1.26986e-06
1.20134 	0.0192605 	0.00499739 	-7.39382e-07
1.20286 	0.0192861 	0.00498304 	-2.08908e-07
1.20438 	0.0193074 	0.00497462 	2.21451e-07
1.20589 	0.0193265 	0.0049694 	5.97665e-07
1.20741 	0.0193455 	0.00496417 	9.7388e-07
1.20893 	0.0193646 	0.00495895 	1.35009e-06
1.21045 	0.0193836 	0.00495373 	1.72631e-06
1.21197 	0.0194034 	0.00494655 	2.11166e-06
1.21349 	0.0194245 	0.00493584 	2.51352e-06
1.21501 	0.0194455 	0.00492514 	2.91538e-06
1.21653 	0.0194666 	0.00491443 	3.31724e-06
1.21805 	0.0194877 	0.00490372 	3.71909e-06
1.21956 	0.0195121 	0.00489017 	4.12686e-06
1.22108 	0.0195369 	0.00487635 	4.53517e-06
1.2226 	0.0195616 	0.00486252 	4.94348e-06
1.22412 	0.0195864 	0.0048487 	5.35179e-06
1.22564 	0.0196112 	0.00483488 	5.7601e-06
1.22716 	0.0196325 	0.00482647 	6.19021e-06
1.22868 	0.0196519 	0.00482128 	6.63327e-06
1.2302 	0.0196712 	0.00481609 	7.07634e-06
1.23171 	0.0196906 	0.0048109 	7.5194e-06
1.23323 	0.0197099 	0.00480571 	7.96247e-06
1.23475 	0.0197295 	0.0047992 	8.36975e-06
1.23627 	0.0197501 	0.00478876 	8.67058e-06
1.23779 	0.0197707 	0.00477832 	8.9714e-06
1.23931 	0.0197913 	0.00476788 	9.27223e-06
1.24083 	0.0198119 	0.00475745 	9.57306e-06
1.24235 	0.0198345 	0.00474482 	9.76079e-06
1.24386 	0.0198581 	0.00473128 	9.90179e-06
1.24538 	0.0198817 	0.00471775 	1.00428e-05
1.2469 	0.0199052 	0.00470422 	1.01838e-05
1.24842 	0.0199288 	0.00469068 	1.03248e-05
1.24994 	0.0199509 	0.0046799 	1.05961e-05
1.25146 	0.0199702 	0.00467457 	1.1126e-05
1.25298 	0.0199895 	0.00466924 	1.1656e-05
1.2545 	0.0200088 	0.00466391 	1.21859e-05
1.25601 	0.0200281 	0.00465858 	1.27158e-05
1.25753 	0.0200473 	0.00465325 	1.32458e-05
1.25905 	0.0200674 	0.00464376 	1.35239e-05
1.26057 	0.0200875 	0.00463365 	1.3765e-05
1.26209 	0.0201076 	0.00462354 	1.40062e-05
1.26361 	0.0201278 	0.00461343 	1.42473e-05
1.26513 	0.0201485 	0.00460266 	1.44054e-05
1.26665 	0.0201714 	0.00458975 	1.42948e-05
1.26816 	0.0201942 	0.00457683 	1.41841e-05
1.26968 	0.020217 	0.00456392 	1.40734e-05
1.2712 	0.0202398 	0.00455101 	1.39628e-05
1.27272 	0.0202626 	0.0045381 	1.38521e-05
1.27424 	0.0202826 	0.00453127 	1.4096e-05
1.27576 	0.0203018 	0.00452622 	1.44434e-05
1.27728 	0.0203211 	0.00452117 	1.47908e-05
1.2788 	0.0203403 	0.00451612 	1.51381e-05
1.28031 	0.0203595 	0.00451107 	1.54855e-05
1.28183 	0.0203788 	0.00450498 	1.5795e-05
1.28335 	0.0203985 	0.00449523 	1.59702e-05
1.28487 	0.0204182 	0.00448549 	1.61454e-05
1.28639 	0.0204379 	0.00447574 	1.63205e-05
1.28791 	0.0204576 	0.00446599 	1.64957e-05
1.28943 	0.0204785 	0.00445479 	1.65241e-05
1.29095 	0.0205005 	0.00444216 	1.64073e-05
1.29246 	0.0205225 	0.00442953 	1.62905e-05
1.29398 	0.0205444 	0.0044169 	1.61737e-05
1.2955 	0.0205664 	0.00440427 	1.60569e-05
1.29702 	0.0205884 	0.00439163 	1.59401e-05
1.29854 	0.0206075 	0.00438621 	1.6084e-05
1.30006 	0.0206263 	0.00438118 	1.62422e-05
1.30158 	0.0206452 	0.00437616 	1.64004e-05
1.3031 	0.020664 	0.00437113 	1.65586e-05
1.30461 	0.0206829 	0.0043661 	1.67168e-05
1.30613 	0.0207019 	0.00435976 	1.68741e-05
1.30765 	0.0207211 	0.00435031 	1.70291e-05
1.30917 	0.0207403 	0.00434085 	1.71841e-05
1.31069 	0.0207596 	0.00433139 	1.73391e-05
1.31221 	0.0207788 	0.00432194 	1.74941e-05
1.31373 	0.0207991 	0.00431105 	1.75462e-05
1.31525 	0.0208204 	0.0042988 	1.74999e-05
1.31676 	0.0208418 	0.00428654 	1.74537e-05
1.31828 	0.0208631 	0.00427429 	1.74075e-05
1.3198 	0.0208845 	0.00426204 	1.73612e-05
1.32132 	0.0209058 	0.00424978 	1.7315e-05
1.32284 	0.0209248 	0.00424366 	1.74331e-05
1.32436 	0.0209435 	0.00423855 	1.75782e-05
1.32588 	0.0209621 	0.00423344 	1.77233e-05
1.3274 	0.0209807 	0.00422832 	1.78684e-05
1.32891 	0.0209993 	0.00422321 	1.80136e-05
1.33043 	0.021018 	0.00421767 	1.81675e-05
1.33195 	0.0210368 	0.00420854 	1.83942e-05
1.33347 	0.0210556 	0.00419941 	1.8621e-05
1.33499 	0.0210744 	0.00419028 	1.88477e-05
1.33651 	0.0210932 	0.00418115 	1.90744e-05
1.33803 	0.0211124 	0.00417135 	1.9264e-05
1.33955 	0.0211331 	0.00415967 	1.9351e-05
1.34106 	0.0211537 	0.00414799 	1.94381e-05
1.34258 	0.0211744 	0.00413631 	1.95251e-05
1.3441 	0.021195 	0.00412463 	1.96121e-05
1.34562 	0.0212157 	0.00411295 	1.96991e-05
1.34714 	0.0212352 	0.00410462 	1.9953e-05
1.34866 	0.0212535 	0.00409949 	2.03662e-05
1.35018 	0.0212719 	0.00409436 	2.07795e-05
1.3517 	0.0212902 	0.00408924 	2.11928e-05
1.35321 	0.0213086 	0.00408411 	2.1606e-05
1.35473 	0.021327 	0.00407898 	2.20193e-05
1.35625 	0.0213453 	0.00407147 	2.22987e-05
1.35777 	0.0213636 	0.00406271 	2.25082e-05
1.35929 	0.021382 	0.00405395 	2.27176e-05
1.36081 	0.0214003 	0.00404519 	2.29271e-05
1.36233 	0.0214187 	0.00403643 	2.31366e-05
1.36385 	0.0214383 	0.00402589 	2.30953e-05
1.36536 	0.0214584 	0.00401482 	2.29795e-05
1.36688 	0.0214784 	0.00400375 	2.28637e-05
1.3684 	0.0214985 	0.00399268 	2.27479e-05
1.36992 	0.0215185 	0.00398161 	2.26321e-05
1.37144 	0.0215386 	0.00397054 	2.25163e-05
1.37296 	0.0215569 	0.003965 	2.29082e-05
1.37448 	0.021575 	0.00396001 	2.33498e-05
1.376 	0.0215932 	0.00395501 	2.37915e-05
1.37751 	0.0216113 	0.00395001 	2.42331e-05
1.37903 	0.0216295 	0.00394502 	2.46747e-05
1.38055 	0.0216477 	0.00394002 	2.51164e-05
1.38207 	0.0216655 	0.00393176 	2.50954e-05
1.38359 	0.0216834 	0.00392331 	2.50494e-05
1.38511 	0.0217013 	0.00391486 	2.50034e-05
1.38663 	0.0217191 	0.00390642 	2.49573e-05
1.38815 	0.021737 	0.0038979 	2.48952e-05
1.38966 	0.0217564 	0.00388721 	2.4347e-05
1.39118 	0.0217757 	0.00387652 	2.37988e-05
1.3927 	0.021795 	0.00386584 	2.32507e-05
1.39422 	0.0218143 	0.00385515 	2.27025e-05
1.39574 	0.0218336 	0.00384446 	2.21543e-05
1.39726 	0.0218528 	0.00383413 	2.16419e-05
1.39878 	0.0218707 	0.0038291 	2.16641e-05
1.4003 	0.0218886 	0.00382407 	2.16864e-05
1.40181 	0.0219065 	0.00381904 	2.17086e-05
1.40333 	0.0219244 	0.003814 	2.17309e-05
1.40485 	0.0219423 	0.00380897 	2.17531e-05
1.40637 	0.0219602 	0.00380394 	2.17753e-05
1.40789 	0.0219777 	0.00379586 	2.1475e-05
1.40941 	0.0219951 	0.00378774 	2.11712e-05
1.41093 	0.0220126 	0.00377962 	2.08674e-05
1.41245 	0.02203 	0.0037715 	2.05636e-05
1.41396 	0.0220476 	0.00376327 	2.02426e-05
1.41548 	0.0220662 	0.00375314 	1.96341e-05
1.417 	0.0220849 	0.00374301 	1.90257e-05
1.41852 	0.0221035 	0.00373287 	1.84172e-05
1.42004 	0.0221222 	0.00372274 	1.78088e-05
1.42156 	0.0221408 	0.00371261 	1.72003e-05
1.42308 	0.0221595 	0.00370248 	1.65919e-05
1.4246 	0.022177 	0.00369738 	1.63428e-05
1.42612 	0.0221946 	0.00369242 	1.61033e-05
1.42763 	0.0222121 	0.00368746 	1.58637e-05
1.42915 	0.0222297 	0.00368249 	1.56242e-05
1.43067 	0.0222472 	0.00367753 	1.53847e-05
1.43219 	0.0222648 	0.00367257 	1.51451e-05
1.43371 	0.022282 	0.00366544 	1.49048e-05
1.43523 	0.0222992 	0.00365771 	1.46642e-05
1.43675 	0.0223164 	0.00364999 	1.44236e-05
1.43827 	0.0223336 	0.00364227 	1.4183e-05
1.43978 	0.0223507 	0.00363454 	1.39424e-05
1.4413 	0.0223689 	0.00362528 	1.36543e-05
1.44282 	0.0223873 	0.00361575 	1.33579e-05
1.44434 	0.0224056 	0.00360622 	1.30614e-05
1.44586 	0.022424 	0.00359669 	1.2765e-05
1.44738 	0.0224423 	0.00358716 	1.24686e-05
1.4489 	0.0224607 	0.00357763 	1.21721e-05
1.45042 	0.0224784 	0.00357123 	1.19882e-05
1.45193 	0.0224958 	0.00356651 	1.18642e-05
1.45345 	0.0225132 	0.00356178 	1.17402e-05
1.45497 	0.0225305 	0.00355705 	1.16162e-05
1.45649 	0.0225479 	0.00355232 	1.14922e-05
1.45801 	0.0225653 	0.00354759 	1.13682e-05
1.45953 	0.0225825 	0.00354195 	1.12785e-05
1.46105 	0.0225995 	0.00353462 	1.12532e-05
1.46257 	0.0226165 	0.00352728 	1.1228e-05
1.46408 	0.0226335 	0.00351994 	1.12027e-05
1.4656 	0.0226505 	0.0035126 	1.11775e-05
1.46712 	0.022668 	0.00350452 	1.11585e-05
1.46864 	0.0226861 	0.00349544 	1.11482e-05
1.47016 	0.0227041 	0.00348636 	1.11378e-05
1.47168 	0.0227222 	0.00347728 	1.11274e-05
1.4732 	0.0227403 	0.0034682 	1.11171e-05
1.47472 	0.0227584 	0.00345912 	1.11067e-05
1.47623 	0.0227764 	0.00345051 	1.10944e-05
1.47775 	0.0227936 	0.00344587 	1.10659e-05
1.47927 	0.0228109 	0.00344124 	1.10374e-05
1.48079 	0.0228281 	0.0034366 	1.10088e-05
1.48231 	0.0228454 	0.00343196 	1.09803e-05
1.48383 	0.0228626 	0.00342732 	1.09518e-05
1.48535 	0.0228799 	0.00342268 	1.09233e-05
1.48687 	0.0228969 	0.00341646 	1.09544e-05
1.48838 	0.0229137 	0.00340949 	1.10136e-05
1.4899 	0.0229306 	0.00340253 	1.10727e-05
1.49142 	0.0229474 	0.00339557 	1.11319e-05
1.49294 	0.0229642 	0.0033886 	1.11911e-05
1.49446 	0.0229819 	0.00338041 	1.13107e-05
1.49598 	0.0229997 	0.00337189 	1.14467e-05
1.4975 	0.0230175 	0.00336337 	1.15826e-05
1.49902 	0.0230354 	0.00335484 	1.17186e-05
1.50053 	0.0230532 	0.00334632 	1.18545e-05
1.50205 	0.0230711 	0.00333779 	1.19905e-05
1.50357 	0.0230886 	0.00333067 	1.20831e-05
1.50509 	0.0231058 	0.00332619 	1.20941e-05
1.50661 	0.0231229 	0.0033217 	1.2105e-05
1.50813 	0.0231401 	0.00331722 	1.2116e-05
1.50965 	0.0231572 	0.00331273 	1.21269e-05
1.51117 	0.0231744 	0.00330825 	1.21378e-05
1.51268 	0.0231915 	0.00330376 	1.21488e-05
1.5142 	0.0232083 	0.00329759 	1.21423e-05
1.51572 	0.0232249 	0.00329099 	1.21314e-05
1.51724 	0.0232416 	0.00328439 	1.21205e-05
1.51876 	0.0232583 	0.00327779 	1.21096e-05
1.52028 	0.023275 	0.00327119 	1.20986e-05
1.5218 	0.0232925 	0.00326327 	1.21126e-05
1.52332 	0.0233101 	0.00325528 	1.21279e-05
1.52483 	0.0233277 	0.00324729 	1.21433e-05
1.52635 	0.0233453 	0.00323931 	1.21586e-05
1.52787 	0.0233629 	0.00323132 	1.21739e-05
1.52939 	0.0233805 	0.00322333 	1.21893e-05
1.53091 	0.0233979 	0.00321678 	1.21715e-05
1.53243 	0.0234149 	0.00321255 	1.21001e-05
1.53395 	0.023432 	0.00320832 	1.20288e-05
1.53547 	0.023449 	0.00320409 	1.19575e-05
1.53698 	0.023466 	0.00319985 	1.18862e-05
1.5385 	0.0234831 	0.00319562 	1.18149e-05
1.54002 	0.0235001 	0.00319139 	1.17436e-05
1.54154 	0.0235167 	0.00318571 	1.15813e-05
1.54306 	0.0235331 	0.00317943 	1.13813e-05
1.54458 	0.0235494 	0.00317315 	1.11812e-05
1.5461 	0.0235658 	0.00316686 	1.09812e-05
1.54762 	0.0235822 	0.00316058 	1.07812e-05
1.54913 	0.0235992 	0.00315303 	1.05115e-05
1.55065 	0.0236163 	0.00314536 	1.02355e-05
1.55217 	0.0236334 	0.00313769 	9.95961e-06
1.55369 	0.0236505 	0.00313003 	9.68366e-06
1.55521 	0.0236675 	0.00312236 	9.40772e-06
1.55673 	0.0236846 	0.0031147 	9.13177e-06
1.55825 	0.0237016 	0.00310782 	8.84274e-06
1.55977 	0.0237183 	0.00310366 	8.50876e-06
1.56128 	0.023735 	0.00309949 	8.17479e-06
1.5628 	0.0237516 	0.00309533 	7.84081e-06
1.56432 	0.0237683 	0.00309117 	7.50683e-06
1.56584 	0.023785 	0.003087 	7.17285e-06
1.56736 	0.0238017 	0.00308284 	6.83887e-06
1.56888 	0.0238181 	0.0030779 	6.47982e-06
1.5704 	0.0238341 	0.00307191 	6.08648e-06
1.57192 	0.0238501 	0.00306592 	5.69314e-06
1.57343 	0.0238661 	0.00305993 	5.2998e-06
1.57495 	0.0238821 	0.00305393 	4.90646e-06
1.57647 	0.0238985 	0.00304705 	4.50283e-06
1.57799 	0.0239152 	0.00303981 	4.09498e-06
1.57951 	0.0239318 	0.00303256 	3.68713e-06
1.58103 	0.0239484 	0.00302532 	3.27928e-06
1.58255 	0.023965 	0.00301807 	2.87142e-06
1.58407 	0.0239816 	0.00301082 	2.46357e-06
1.58558 	0.0239983 	0.00300358 	2.05572e-06
1.5871 	0.0240146 	0.00299918 	1.59724e-06
1.58862 	0.024031 	0.00299514 	1.13239e-06
1.59014 	0.0240473 	0.0029911 	6.67546e-07
1.59166 	0.0240636 	0.00298706 	2.02699e-07
1.59318 	0.02408 	0.00298303 	-2.62147e-07
1.5947 	0.0240963 	0.00297899 	-7.26993e-07
1.59622 	0.0241126 	0.00297495 	-1.19184e-06
1.59773 	0.0241283 	0.00296934 	-1.64291e-06
1.59925 	0.024144 	0.00296366 	-2.09335e-06
1.60077 	0.0241596 	0.00295799 	-2.54378e-06
1.60229 	0.0241752 	0.00295231 	-2.99422e-06
1.60381 	0.0241911 	0.00294625 	-3.42164e-06
1.60533 	0.0242073 	0.00293944 	-3.80344e-06
1.60685 	0.0242235 	0.00293263 	-4.18524e-06
1.60837 	0.0242397 	0.00292581 	-4.56704e-06
1.60988 	0.024256 	0.002919 	-4.94884e-06
1.6114 	0.0242722 	0.00291219 	-5.33064e-06
1.61292 	0.0242884 	0.00290538 	-5.71244e-06
1.61444 	0.0243046 	0.00289971 	-6.13252e-06
1.61596 	0.0243206 	0.00289589 	-6.61396e-06
1.61748 	0.0243367 	0.00289207 	-7.0954e-06
1.619 	0.0243527 	0.00288824 	-7.57684e-06
1.62052 	0.0243688 	0.00288442 	-8.05828e-06
1.62204 	0.0243848 	0.0028806 	-8.53972e-06
1.62355 	0.0244008 	0.00287678 	-9.02115e-06
1.62507 	0.0244167 	0.00287245 	-9.48088e-06
1.62659 	0.024432 	0.00286705 	-9.89488e-06
1.62811 	0.0244473 	0.00286165 	-1.03089e-05
1.62963 	0.0244626 	0.00285626 	-1.07229e-05
1.63115 	0.0244779 	0.00285086 	-1.11369e-05
1.63267 	0.0244936 	0.00284456 	-1.14375e-05
1.63419 	0.0245094 	0.00283805 	-1.17114e-05
1.6357 	0.0245252 	0.00283154 	-1.19852e-05
1.63722 	0.0245409 	0.00282503 	-1.22591e-05
1.63874 	0.0245567 	0.00281852 	-1.2533e-05
1.64026 	0.0245725 	0.00281201 	-1.28069e-05
1.64178 	0.0245883 	0.0028055 	-1.30808e-05
1.6433 	0.024604 	0.00280103 	-1.35403e-05
1.64482 	0.0246196 	0.00279733 	-1.40694e-05
1.64634 	0.0246353 	0.00279363 	-1.45985e-05
1.64785 	0.0246509 	0.00278992 	-1.51276e-05
1.64937 	0.0246666 	0.00278622 	-1.56567e-05
1.65089 	0.0246823 	0.00278252 	-1.61858e-05
1.65241 	0.0246979 	0.00277882 	-1.67149e-05
1.65393 	0.0247132 	0.00277435 	-1.71852e-05
1.65545 	0.0247282 	0.00276921 	-1.76042e-05
1.65697 	0.0247433 	0.00276406 	-1.80231e-05
1.65849 	0.0247583 	0.00275892 	-1.8442e-05
1.66 	0.0247734 	0.00275362 	-1.88308e-05
1.66152 	0.0247888 	0.00274745 	-1.90435e-05
1.66304 	0.0248042 	0.00274128 	-1.92562e-05
1.66456 	0.0248197 	0.0027351 	-1.94689e-05
1.66608 	0.0248351 	0.00272893 	-1.96816e-05
1.6676 	0.0248505 	0.00272276 	-1.98943e-05
1.66912 	0.024866 	0.00271658 	-2.0107e-05
1.67064 	0.0248814 	0.00271041 	-2.03197e-05
1.67215 	0.0248967 	0.00270674 	-2.07923e-05
1.67367 	0.024912 	0.00270325 	-2.12837e-05
1.67519 	0.0249273 	0.00269977 	-2.17752e-05
1.67671 	0.0249425 	0.00269628 	-2.22666e-05
1.67823 	0.0249578 	0.00269279 	-2.2758e-05
1.67975 	0.0249731 	0.0026893 	-2.32495e-05
1.68127 	0.0249883 	0.00268582 	-2.37409e-05
1.68279 	0.0250033 	0.00268147 	-2.42275e-05
1.6843 	0.0250181 	0.00267658 	-2.4711e-05
1.68582 	0.0250328 	0.00267168 	-2.51944e-05
1.68734 	0.0250476 	0.00266679 	-2.56779e-05
1.68886 	0.0250625 	0.00266151 	-2.61276e-05
1.69038 	0.0250777 	0.00265557 	-2.65174e-05
1.6919 	0.0250929 	0.00264963 	-2.69073e-05
1.69342 	0.0251081 	0.00264369 	-2.72971e-05
1.69494 	0.0251233 	0.00263775 	-2.7687e-05
1.69645 	0.0251385 	0.0026318 	-2.80769e-05
1.69797 	0.0251537 	0.00262586 	-2.84667e-05
1.69949 	0.0251689 	0.00261996 	-2.8858e-05
1.70101 	0.025184 	0.00261659 	-2.93398e-05
1.70253 	0.0251992 	0.00261321 	-2.98217e-05
1.70405 	0.0252143 	0.00260984 	-3.03035e-05
1.70557 	0.0252295 	0.00260647 	-3.07853e-05
1.70709 	0.0252446 	0.0026031 	-3.12672e-05
1.7086 	0.0252598 	0.00259972 	-3.1749e-05
1.71012 	0.0252749 	0.00259635 	-3.22309e-05
1.71164 	0.0252897 	0.00259224 	-3.27259e-05
1.71316 	0.025304 	0.00258755 	-3.32314e-05
1.71468 	0.0253184 	0.00258285 	-3.37369e-05
1.7162 	0.0253328 	0.00257816 	-3.42423e-05
1.71772 	0.0253473 	0.00257299 	-3.47429e-05
1.71924 	0.0253618 	0.00256728 	-3.52379e-05
1.72075 	0.0253763 	0.00256157 	-3.57329e-05
1.72227 	0.0253909 	0.00255586 	-3.6228e-05
1.72379 	0.0254054 	0.00255015 	-3.6723e-05
1.72531 	0.0254199 	0.00254444 	-3.7218e-05
1.72683 	0.0254345 	0.00253873 	-3.7713e-05
1.72835 	0.025449 	0.00253302 	-3.8208e-05
1.72987 	0.0254636 	0.00252967 	-3.87146e-05
1.73139 	0.0254783 	0.00252633 	-3.92212e-05
1.7329 	0.0254929 	0.00252299 	-3.97278e-05
1.73442 	0.0255076 	0.00251965 	-4.02344e-05
1.73594 	0.0255223 	0.00251632 	-4.0741e-05
1.73746 	0.0255369 	0.00251298 	-4.12477e-05
1.73898 	0.0255516 	0.00250964 	-4.17543e-05
1.7405 	0.0255659 	0.00250582 	-4.2195e-05
1.74202 	0.0255799 	0.00250131 	-4.25395e-05
1.74354 	0.0255939 	0.0024968 	-4.2884e-05
1.74505 	0.0256078 	0.00249229 	-4.32285e-05
1.74657 	0.0256219 	0.00248733 	-4.35223e-05
1.74809 	0.0256361 	0.00248192 	-4.37627e-05
1.74961 	0.0256502 	0.00247651 	-4.40031e-05
1.75113 	0.0256644 	0.00247109 	-4.42435e-05
1.75265 	0.0256785 	0.00246568 	-4.44839e-05
1.75417 	0.0256927 	0.00246026 	-4.47243e-05
1.75569 	0.0257069 	0.00245485 	-4.49647e-05
1.7572 	0.025721 	0.00244944 	-4.52051e-05
1.75872 	0.0257353 	0.00244592 	-4.54717e-05
1.76024 	0.0257495 	0.00244266 	-4.57418e-05
1.76176 	0.0257637 	0.0024394 	-4.60119e-05
1.76328 	0.0257779 	0.00243614 	-4.62821e-05
1.7648 	0.0257921 	0.00243288 	-4.65522e-05
1.76632 	0.0258064 	0.00242962 	-4.68224e-05
1.76784 	0.0258206 	0.00242637 	-4.70925e-05
1.76935 	0.0258347 	0.00242293 	-4.73265e-05
1.77087 	0.0258484 	0.00241859 	-4.73788e-05
1.77239 	0.025862 	0.00241426 	-4.74311e-05
1.77391 	0.0258757 	0.00240992 	-4.74834e-05
1.77543 	0.0258895 	0.00240524 	-4.74982e-05
1.77695 	0.0259035 	0.0024001 	-4.74638e-05
1.77847 	0.0259174 	0.00239496 	-4.74294e-05
1.77999 	0.0259314 	0.00238982 	-4.7395e-05
1.7815 	0.0259454 	0.00238468 	-4.73606e-05
1.78302 	0.0259593 	0.00237954 	-4.73262e-05
1.78454 	0.0259733 	0.0023744 	-4.72918e-05
1.78606 	0.0259872 	0.00236926 	-4.72574e-05
1.78758 	0.0260012 	0.00236548 	-4.71932e-05
1.7891 	0.0260152 	0.00236229 	-4.71159e-05
1.79062 	0.0260292 	0.00235911 	-4.70387e-05
1.79214 	0.0260432 	0.00235592 	-4.69614e-05
1.79365 	0.0260572 	0.00235274 	-4.68841e-05
1.79517 	0.0260712 	0.00234956 	-4.68069e-05
1.79669 	0.0260852 	0.00234637 	-4.67296e-05
1.79821 	0.0260992 	0.00234319 	-4.66524e-05
1.79973 	0.0261126 	0.00233919 	-4.64643e-05
1.80125 	0.0261259 	0.00233506 	-4.62576e-05
1.80277 	0.0261392 	0.00233093 	-4.60509e-05
1.80429 	0.0261526 	0.00232656 	-4.5831e-05
1.8058 	0.0261661 	0.00232172 	-4.55831e-05
1.80732 	0.0261796 	0.00231689 	-4.53353e-05
1.80884 	0.0261931 	0.00231205 	-4.50875e-05
1.81036 	0.0262066 	0.00230721 	-4.48396e-05
1.81188 	0.02622 	0.00230237 	-4.45918e-05
1.8134 	0.0262335 	0.00229753 	-4.43439e-05
1.81492 	0.026247 	0.00229269 	-4.40961e-05
1.81644 	0.0262606 	0.00228868 	-4.38032e-05
1.81795 	0.0262742 	0.00228564 	-4.34572e-05
1.81947 	0.0262877 	0.0022826 	-4.31113e-05
1.82099 	0.0263013 	0.00227956 	-4.27654e-05
1.82251 	0.0263149 	0.00227653 	-4.24195e-05
1.82403 	0.0263285 	0.00227349 	-4.20736e-05
1.82555 	0.0263421 	0.00227045 	-4.17276e-05
1.82707 	0.0263557 	0.00226741 	-4.13817e-05
1.82859 	0.0263689 	0.00226392 	-4.10487e-05
1.83011 	0.0263818 	0.00225995 	-4.07289e-05
1.83162 	0.0263947 	0.00225598 	-4.04092e-05
1.83314 	0.0264076 	0.00225188 	-4.0086e-05
1.83466 	0.0264207 	0.0022472 	-3.97469e-05
1.83618 	0.0264337 	0.00224252 	-3.94079e-05
1.8377 	0.0264467 	0.00223783 	-3.90688e-05
1.83922 	0.0264597 	0.00223315 	-3.87297e-05
1.84074 	0.0264727 	0.00222847 	-3.83907e-05
1.84226 	0.0264857 	0.00222378 	-3.80516e-05
1.84377 	0.0264987 	0.0022191 	-3.77125e-05
1.84529 	0.0265118 	0.00221473 	-3.73583e-05
1.84681 	0.0265249 	0.00221173 	-3.69385e-05
1.84833 	0.026538 	0.00220873 	-3.65187e-05
1.84985 	0.0265511 	0.00220572 	-3.60989e-05
1.85137 	0.0265642 	0.00220272 	-3.5679e-05
1.85289 	0.0265773 	0.00219972 	-3.52592e-05
1.85441 	0.0265904 	0.00219672 	-3.48394e-05
1.85592 	0.0266035 	0.00219371 	-3.44196e-05
1.85744 	0.0266165 	0.00219062 	-3.4011e-05
1.85896 	0.026629 	0.00218679 	-3.37002e-05
1.86048 	0.0266415 	0.00218295 	-3.33893e-05
1.862 	0.0266539 	0.00217911 	-3.30788e-05
1.86352 	0.0266665 	0.00217464 	-3.28128e-05
1.86504 	0.0266791 	0.00217018 	-3.25468e-05
1.86656 	0.0266916 	0.00216571 	-3.22808e-05
1.86807 	0.0267042 	0.00216125 	-3.20148e-05
1.86959 	0.0267168 	0.00215678 	-3.17487e-05
1.87111 	0.0267293 	0.00215232 	-3.14827e-05
1.87263 	0.0267419 	0.00214785 	-3.12167e-05
1.87415 	0.0267545 	0.00214338 	-3.09507e-05
1.87567 	0.0267671 	0.00214031 	-3.066e-05
1.87719 	0.0267797 	0.00213738 	-3.03666e-05
1.87871 	0.0267924 	0.00213445 	-3.00732e-05
1.88022 	0.026805 	0.00213153 	-2.97797e-05
1.88174 	0.0268176 	0.0021286 	-2.94863e-05
1.88326 	0.0268303 	0.00212568 	-2.91929e-05
1.88478 	0.0268429 	0.00212275 	-2.88995e-05
1.8863 	0.0268556 	0.00211983 	-2.86061e-05
1.88782 	0.0268678 	0.00211637 	-2.83263e-05
1.88934 	0.0268798 	0.00211267 	-2.80523e-05
1.89086 	0.0268919 	0.00210898 	-2.77783e-05
1.89237 	0.026904 	0.00210481 	-2.75589e-05
1.89389 	0.0269162 	0.00210054 	-2.73499e-05
1.89541 	0.0269283 	0.00209628 	-2.71409e-05
1.89693 	0.0269405 	0.00209202 	-2.69319e-05
1.89845 	0.0269527 	0.00208776 	-2.67229e-05
1.89997 	0.0269648 	0.0020835 	-2.65139e-05
1.90149 	0.026977 	0.00207923 	-2.63049e-05
1.90301 	0.0269892 	0.00207497 	-2.60959e-05
1.90452 	0.0270014 	0.00207158 	-2.59011e-05
1.90604 	0.0270136 	0.00206873 	-2.57151e-05
1.90756 	0.0270258 	0.00206588 	-2.55291e-05
1.90908 	0.027038 	0.00206303 	-2.53432e-05
1.9106 	0.0270502 	0.00206018 	-2.51572e-05
1.91212 	0.0270624 	0.00205734 	-2.49712e-05
1.91364 	0.0270746 	0.00205449 	-2.47853e-05
1.91516 	0.0270868 	0.00205164 	-2.45993e-05
1.91667 	0.0270989 	0.00204857 	-2.43752e-05
1.91819 	0.0271105 	0.002045 	-2.40628e-05
1.91971 	0.0271221 	0.00204144 	-2.37504e-05
1.92123 	0.0271338 	0.0020375 	-2.34235e-05
1.92275 	0.0271455 	0.0020334 	-2.30899e-05
1.92427 	0.0271573 	0.0020293 	-2.27564e-05
1.92579 	0.027169 	0.0020252 	-2.24228e-05
1.92731 	0.0271807 	0.00202111 	-2.20892e-05
1.92882 	0.0271925 	0.00201701 	-2.17557e-05
1.93034 	0.0272042 	0.00201291 	-2.14221e-05
1.93186 	0.0272159 	0.00200881 	-2.10886e-05
1.93338 	0.0272277 	0.00200518 	-2.07653e-05
1.9349 	0.0272395 	0.00200241 	-2.0461e-05
1.93642 	0.0272512 	0.00199964 	-2.01566e-05
1.93794 	0.027263 	0.00199687 	-1.98523e-05
1.93946 	0.0272748 	0.00199411 	-1.95479e-05
1.94097 	0.0272866 	0.00199134 	-1.92435e-05
1.94249 	0.0272984 	0.00198857 	-1.89392e-05
1.94401 	0.0273102 	0.0019858 	-1.86348e-05
1.94553 	0.0273219 	0.00198303 	-1.83305e-05
1.94705 	0.0273332 	0.00197963 	-1.79246e-05
1.94857 	0.0273444 	0.00197619 	-1.75113e-05
1.95009 	0.0273555 	0.00197244 	-1.70677e-05
1.95161 	0.0273667 	0.00196847 	-1.66015e-05
1.95312 	0.0273779 	0.0019645 	-1.61354e-05
1.95464 	0.027389 	0.00196054 	-1.56692e-05
1.95616 	0.0274002 	0.00195657 	-1.52031e-05
1.95768 	0.0274114 	0.0019526 	-1.47369e-05
1.9592 	0.0274226 	0.00194863 	-1.42708e-05
1.96072 	0.0274337 	0.00194466 	-1.38047e-05
1.96224 	0.0274449 	0.00194086 	-1.33455e-05
1.96376 	0.0274562 	0.0019382 	-1.29314e-05
1.96527 	0.0274675 	0.00193554 	-1.25173e-05
1.96679 	0.0274788 	0.00193287 	-1.21032e-05
1.96831 	0.0274901 	0.00193021 	-1.16891e-05
1.96983 	0.0275013 	0.00192754 	-1.1275e-05
1.97135 	0.0275126 	0.00192488 	-1.0861e-05
1.97287 	0.0275239 	0.00192222 	-1.04469e-05
1.97439 	0.0275352 	0.00191955 	-1.00328e-05
1.97591 	0.0275462 	0.00191646 	-9.59655e-06
1.97742 	0.0275569 	0.00191311 	-9.14618e-06
1.97894 	0.0275677 	0.00190946 	-8.67647e-06
1.98046 	0.0275784 	0.00190554 	-8.18858e-06
1.98198 	0.0275892 	0.00190162 	-7.7007e-06
1.9835 	0.0275999 	0.0018977 	-7.21281e-06
1.98502 	0.0276106 	0.00189378 	-6.72493e-06
1.98654 	0.0276214 	0.00188986 	-6.23705e-06
1.98806 	0.0276321 	0.00188593 	-5.74916e-06
1.98957 	0.0276429 	0.00188201 	-5.26128e-06
1.99109 	0.0276536 	0.00187809 	-4.77339e-06
1.99261 	0.0276645 	0.00187539 	-4.34217e-06
1.99413 	0.0276753 	0.00187272 	-3.91246e-06
1.99565 	0.0276862 	0.00187006 	-3.48276e-06
1.99717 	0.027697 	0.00186739 	-3.05306e-06
1.99869 	0.0277079 	0.00186472 	-2.62335e-06
2.00021 	0.0277188 	0.00186206 	-2.19365e-06
2.00172 	0.0277296 	0.00185939 	-1.76394e-06
2.00324 	0.0277405 	0.00185672 	-1.33424e-06
2.00476 	0.0277512 	0.00185383 	-9.08489e-07
2.00628 	0.0277615 	0.00185055 	-4.89889e-07
2.0078 	0.0277719 	0.00184701 	-5.13124e-08
2.00932 	0.0277823 	0.00184323 	4.0498e-07
2.01084 	0.0277926 	0.00183945 	8.61272e-07
2.01236 	0.027803 	0.00183567 	1.31756e-06
2.01387 	0.0278133 	0.0018319 	1.77386e-06
2.01539 	0.0278237 	0.00182812 	2.23015e-06
2.01691 	0.027834 	0.00182434 	2.68644e-06
2.01843 	0.0278444 	0.00182057 	3.14273e-06
2.01995 	0.0278548 	0.00181679 	3.59902e-06
2.02147 	0.0278652 	0.00181405 	4.05096e-06
2.02299 	0.0278756 	0.00181144 	4.50238e-06
2.02451 	0.0278861 	0.00180883 	4.9538e-06
2.02603 	0.0278965 	0.00180622 	5.40522e-06
2.02754 	0.027907 	0.0018036 	5.85664e-06
2.02906 	0.0279174 	0.00180099 	6.30806e-06
2.03058 	0.0279279 	0.00179838 	6.75948e-06
2.0321 	0.0279383 	0.00179577 	7.2109e-06
2.03362 	0.0279487 	0.00179304 	7.62822e-06
2.03514 	0.0279587 	0.00178985 	7.89912e-06
2.03666 	0.0279687 	0.00178637 	8.12262e-06
2.03818 	0.0279788 	0.00178273 	8.31905e-06
2.03969 	0.0279889 	0.00177909 	8.51548e-06
2.04121 	0.0279989 	0.00177546 	8.71191e-06
2.04273 	0.028009 	0.00177182 	8.90834e-06
2.04425 	0.0280191 	0.00176818 	9.10478e-06
2.04577 	0.0280291 	0.00176454 	9.30121e-06
2.04729 	0.0280392 	0.0017609 	9.49764e-06
2.04881 	0.0280493 	0.00175726 	9.69407e-06
2.05033 	0.0280594 	0.0017546 	9.92015e-06
2.05184 	0.0280696 	0.00175203 	1.0149e-05
2.05336 	0.0280797 	0.00174946 	1.03778e-05
2.05488 	0.0280899 	0.00174689 	1.06067e-05
2.0564 	0.0281 	0.00174431 	1.08355e-05
2.05792 	0.0281102 	0.00174174 	1.10644e-05
2.05944 	0.0281203 	0.00173917 	1.12932e-05
2.06096 	0.0281305 	0.0017366 	1.15221e-05
2.06248 	0.0281405 	0.00173396 	1.17408e-05
2.06399 	0.0281502 	0.00173087 	1.18914e-05
2.06551 	0.0281598 	0.00172744 	1.20198e-05
2.06703 	0.0281694 	0.00172395 	1.21444e-05
2.06855 	0.0281791 	0.00172046 	1.2269e-05
2.07007 	0.0281887 	0.00171698 	1.23936e-05
2.07159 	0.0281983 	0.00171349 	1.25183e-05
2.07311 	0.028208 	0.00171 	1.26429e-05
2.07463 	0.0282176 	0.00170652 	1.27675e-05
2.07614 	0.0282272 	0.00170303 	1.28921e-05
2.07766 	0.0282368 	0.00169959 	1.30186e-05
2.07918 	0.0282466 	0.00169709 	1.3179e-05
2.0807 	0.0282563 	0.00169458 	1.33393e-05
2.08222 	0.028266 	0.00169207 	1.34997e-05
2.08374 	0.0282757 	0.00168957 	1.366e-05
2.08526 	0.0282855 	0.00168706 	1.38203e-05
2.08678 	0.0282952 	0.00168455 	1.39807e-05
2.08829 	0.0283049 	0.00168205 	1.4141e-05
2.08981 	0.0283146 	0.00167954 	1.43014e-05
2.09133 	0.0283243 	0.00167694 	1.44667e-05
2.09285 	0.0283335 	0.00167389 	1.46547e-05
2.09437 	0.0283428 	0.00167054 	1.48513e-05
2.09589 	0.028352 	0.00166719 	1.50479e-05
2.09741 	0.0283613 	0.00166384 	1.52445e-05
2.09893 	0.0283706 	0.00166049 	1.54411e-05
2.10044 	0.0283798 	0.00165714 	1.56377e-05
2.10196 	0.0283891 	0.00165379 	1.58342e-05
2.10348 	0.0283984 	0.00165044 	1.60308e-05
2.105 	0.0284077 	0.00164709 	1.62274e-05
2.10652 	0.028417 	0.00164406 	1.64313e-05
2.10804 	0.0284263 	0.00164166 	1.66501e-05
2.10956 	0.0284357 	0.00163926 	1.68689e-05
2.11108 	0.0284451 	0.00163686 	1.70877e-05
2.11259 	0.0284545 	0.00163446 	1.73064e-05
2.11411 	0.0284638 	0.00163206 	1.75252e-05
2.11563 	0.0284732 	0.00162966 	1.7744e-05
2.11715 	0.0284826 	0.00162726 	1.79628e-05
2.11867 	0.028492 	0.00162486 	1.81816e-05
2.12019 	0.0285012 	0.00162226 	1.84075e-05
2.12171 	0.02851 	0.00161909 	1.86368e-05
2.12323 	0.0285189 	0.00161579 	1.88629e-05
2.12474 	0.0285277 	0.00161249 	1.90889e-05
2.12626 	0.0285365 	0.00160919 	1.9315e-05
2.12778 	0.0285454 	0.00160588 	1.95411e-05
2.1293 	0.0285542 	0.00160258 	1.97671e-05
2.13082 	0.0285631 	0.00159928 	1.99932e-05
2.13234 	0.0285719 	0.00159598 	2.02193e-05
2.13386 	0.0285807 	0.00159268 	2.04453e-05
2.13538 	0.0285897 	0.00159009 	2.06891e-05
2.13689 	0.0285986 	0.00158772 	2.09387e-05
2.13841 	0.0286075 	0.00158535 	2.11882e-05
2.13993 	0.0286165 	0.00158299 	2.14378e-05
2.14145 	0.0286254 	0.00158062 	2.16873e-05
2.14297 	0.0286344 	0.00157825 	2.19368e-05
2.14449 	0.0286433 	0.00157589 	2.21864e-05
2.14601 	0.0286523 	0.00157352 	2.24359e-05
2.14753 	0.0286612 	0.00157115 	2.26854e-05
2.14904 	0.0286697 	0.00156826 	2.289e-05
2.15056 	0.028678 	0.00156499 	2.30406e-05
2.15208 	0.0286863 	0.00156172 	2.31912e-05
2.1536 	0.0286945 	0.00155844 	2.33418e-05
2.15512 	0.0287028 	0.00155517 	2.34924e-05
2.15664 	0.0287111 	0.0015519 	2.3643e-05
2.15816 	0.0287194 	0.00154863 	2.37936e-05
2.15968 	0.0287276 	0.00154536 	2.39442e-05
2.16119 	0.0287359 	0.00154209 	2.40948e-05
2.16271 	0.0287442 	0.00153913 	2.42527e-05
2.16423 	0.0287526 	0.00153675 	2.44239e-05
2.16575 	0.028761 	0.00153437 	2.45951e-05
2.16727 	0.0287693 	0.00153199 	2.47664e-05
2.16879 	0.0287777 	0.00152961 	2.49376e-05
2.17031 	0.028786 	0.00152722 	2.51088e-05
2.17183 	0.0287944 	0.00152484 	2.528e-05
2.17334 	0.0288028 	0.00152246 	2.54512e-05
2.17486 	0.0288111 	0.00152008 	2.56224e-05
2.17638 	0.0288193 	0.00151747 	2.57882e-05
2.1779 	0.028827 	0.00151422 	2.59116e-05
2.17942 	0.0288347 	0.00151097 	2.6035e-05
2.18094 	0.0288424 	0.00150772 	2.61584e-05
2.18246 	0.0288501 	0.00150447 	2.62819e-05
2.18398 	0.0288578 	0.00150123 	2.64053e-05
2.18549 	0.0288655 	0.00149798 	2.65287e-05
2.18701 	0.0288732 	0.00149473 	2.66521e-05
2.18853 	0.0288809 	0.00149148 	2.67755e-05
2.19005 	0.0288886 	0.00148836 	2.68981e-05
2.19157 	0.0288964 	0.00148595 	2.70159e-05
2.19309 	0.0289042 	0.00148355 	2.71336e-05
2.19461 	0.0289119 	0.00148115 	2.72514e-05
2.19613 	0.0289197 	0.00147875 	2.73691e-05
2.19764 	0.0289275 	0.00147635 	2.74868e-05
2.19916 	0.0289353 	0.00147395 	2.76046e-05
2.20068 	0.0289431 	0.00147154 	2.77223e-05
2.2022 	0.0289509 	0.00146914 	2.78401e-05
2.20372 	0.0289586 	0.00146663 	2.79692e-05
2.20524 	0.0289659 	0.00146344 	2.81889e-05
2.20676 	0.0289732 	0.00146025 	2.84085e-05
2.20828 	0.0289806 	0.00145706 	2.86281e-05
2.20979 	0.0289879 	0.00145387 	2.88477e-05
2.21131 	0.0289952 	0.00145068 	2.90674e-05
2.21283 	0.0290026 	0.0014475 	2.9287e-05
2.21435 	0.0290099 	0.00144431 	2.95066e-05
2.21587 	0.0290172 	0.00144112 	2.97262e-05
2.21739 	0.0290246 	0.00143804 	2.9946e-05
2.21891 	0.029032 	0.00143564 	3.01664e-05
2.22043 	0.0290394 	0.00143323 	3.03869e-05
2.22194 	0.0290468 	0.00143083 	3.06073e-05
2.22346 	0.0290542 	0.00142843 	3.08277e-05
2.22498 	0.0290616 	0.00142603 	3.10482e-05
2.2265 	0.029069 	0.00142362 	3.12686e-05
2.22802 	0.0290764 	0.00142122 	3.1489e-05
2.22954 	0.0290838 	0.00141882 	3.17095e-05
2.23106 	0.0290912 	0.00141625 	3.19183e-05
2.23258 	0.0290982 	0.00141315 	3.20729e-05
2.2341 	0.0291053 	0.00141005 	3.22275e-05
2.23561 	0.0291124 	0.00140695 	3.23821e-05
2.23713 	0.0291195 	0.00140385 	3.25367e-05
2.23865 	0.0291266 	0.00140076 	3.26912e-05
2.24017 	0.0291337 	0.00139766 	3.28458e-05
2.24169 	0.0291408 	0.00139456 	3.30004e-05
2.24321 	0.0291478 	0.00139146 	3.3155e-05
2.24473 	0.029155 	0.00138862 	3.33154e-05
2.24625 	0.0291621 	0.00138624 	3.34862e-05
2.24776 	0.0291692 	0.00138387 	3.3657e-05
2.24928 	0.0291764 	0.0013815 	3.38278e-05
2.2508 	0.0291835 	0.00137912 	3.39986e-05
2.25232 	0.0291907 	0.00137675 	3.41694e-05
2.25384 	0.0291978 	0.00137438 	3.43401e-05
2.25536 	0.029205 	0.001372 	3.45109e-05
2.25688 	0.0292121 	0.00136963 	3.46817e-05
2.2584 	0.0292191 	0.00136689 	3.47975e-05
2.25991 	0.0292258 	0.00136386 	3.48312e-05
2.26143 	0.0292325 	0.00136082 	3.48649e-05
2.26295 	0.0292392 	0.00135778 	3.48985e-05
2.26447 	0.0292459 	0.00135475 	3.49322e-05
2.26599 	0.0292526 	0.00135171 	3.49659e-05
2.26751 	0.0292593 	0.00134868 	3.49995e-05
2.26903 	0.029266 	0.00134564 	3.50332e-05
2.27055 	0.0292727 	0.0013426 	3.50669e-05
2.27206 	0.0292795 	0.00134014 	3.5105e-05
2.27358 	0.0292862 	0.00133781 	3.51443e-05
2.2751 	0.029293 	0.00133548 	3.51835e-05
2.27662 	0.0292998 	0.00133315 	3.52227e-05
2.27814 	0.0293065 	0.00133082 	3.5262e-05
2.27966 	0.0293133 	0.00132849 	3.53012e-05
2.28118 	0.0293201 	0.00132616 	3.53404e-05
2.2827 	0.0293268 	0.00132383 	3.53797e-05
2.28421 	0.0293335 	0.00132131 	3.53981e-05
2.28573 	0.0293398 	0.00131843 	3.53226e-05
2.28725 	0.029346 	0.00131543 	3.52123e-05
2.28877 	0.0293522 	0.00131244 	3.5102e-05
2.29029 	0.0293584 	0.00130944 	3.49918e-05
2.29181 	0.0293646 	0.00130644 	3.48815e-05
2.29333 	0.0293707 	0.00130345 	3.47712e-05
2.29485 	0.0293769 	0.00130045 	3.46609e-05
2.29636 	0.0293831 	0.00129746 	3.45507e-05
2.29788 	0.0293893 	0.00129482 	3.44283e-05
2.2994 	0.0293956 	0.00129252 	3.42942e-05
2.30092 	0.0294019 	0.00129023 	3.41601e-05
2.30244 	0.0294082 	0.00128793 	3.4026e-05
2.30396 	0.0294145 	0.00128563 	3.38918e-05
2.30548 	0.0294208 	0.00128334 	3.37577e-05
2.307 	0.029427 	0.00128104 	3.36236e-05
2.30851 	0.0294333 	0.00127875 	3.34895e-05
2.31003 	0.0294395 	0.00127627 	3.33436e-05
2.31155 	0.0294453 	0.00127351 	3.31555e-05
2.31307 	0.0294509 	0.00127052 	3.29184e-05
2.31459 	0.0294564 	0.00126754 	3.26813e-05
2.31611 	0.0294619 	0.00126455 	3.24443e-05
2.31763 	0.0294675 	0.00126157 	3.22072e-05
2.31915 	0.029473 	0.00125858 	3.19701e-05
2.32066 	0.0294786 	0.0012556 	3.1733e-05
2.32218 	0.0294841 	0.00125262 	3.14959e-05
2.3237 	0.0294897 	0.00124994 	3.12386e-05
2.32522 	0.0294953 	0.00124763 	3.09587e-05
2.32674 	0.029501 	0.00124531 	3.06788e-05
2.32826 	0.0295066 	0.00124299 	3.03988e-05
2.32978 	0.0295123 	0.00124067 	3.01189e-05
2.3313 	0.0295179 	0.00123835 	2.9839e-05
2.33281 	0.0295236 	0.00123603 	2.9559e-05
2.33433 	0.0295292 	0.00123372 	2.92791e-05
2.33585 	0.0295347 	0.00123117 	2.89787e-05
2.33737 	0.02954 	0.00122843 	2.86539e-05
2.33889 	0.029545 	0.00122549 	2.82986e-05
2.34041 	0.02955 	0.00122255 	2.79433e-05
2.34193 	0.0295551 	0.0012196 	2.7588e-05
2.34345 	0.0295601 	0.00121666 	2.72326e-05
2.34496 	0.0295651 	0.00121371 	2.68773e-05
2.34648 	0.0295701 	0.00121077 	2.6522e-05
2.348 	0.0295751 	0.00120783 	2.61666e-05
2.34952 	0.0295802 	0.00120533 	2.57738e-05
2.35104 	0.0295852 	0.00120302 	2.53657e-05
2.35256 	0.0295903 	0.00120071 	2.49575e-05
2.35408 	0.0295954 	0.00119839 	2.45493e-05
2.3556 	0.0296005 	0.00119608 	2.41411e-05
2.35711 	0.0296056 	0.00119377 	2.37329e-05
2.35863 	0.0296107 	0.00119146 	2.33247e-05
2.36015 	0.0296157 	0.00118907 	2.29286e-05
2.36167 	0.0296207 	0.00118648 	2.25632e-05
2.36319 	0.0296253 	0.00118368 	2.2228e-05
2.36471 	0.0296299 	0.00118076 	2.19091e-05
2.36623 	0.0296344 	0.00117784 	2.15903e-05
2.36775 	0.0296389 	0.00117492 	2.12715e-05
2.36926 	0.0296435 	0.001172 	2.09527e-05
2.37078 	0.029648 	0.00116908 	2.06339e-05
2.3723 	0.0296526 	0.00116616 	2.03151e-05
2.37382 	0.0296571 	0.00116338 	1.99816e-05
2.37534 	0.0296617 	0.00116107 	1.95995e-05
2.37686 	0.0296662 	0.00115876 	1.92174e-05
2.37838 	0.0296708 	0.00115645 	1.88353e-05
2.3799 	0.0296754 	0.00115414 	1.84532e-05
2.38141 	0.02968 	0.00115183 	1.80711e-05
2.38293 	0.0296845 	0.00114952 	1.7689e-05
2.38445 	0.0296891 	0.00114719 	1.73122e-05
2.38597 	0.0296936 	0.00114464 	1.70119e-05
2.38749 	0.0296979 	0.00114202 	1.67302e-05
2.38901 	0.029702 	0.00113915 	1.65197e-05
2.39053 	0.029706 	0.00113629 	1.63091e-05
2.39205 	0.02971 	0.00113343 	1.60986e-05
2.39356 	0.0297141 	0.00113057 	1.5888e-05
2.39508 	0.0297181 	0.0011277 	1.56775e-05
2.3966 	0.0297222 	0.00112484 	1.54669e-05
2.39812 	0.0297262 	0.00112201 	1.52544e-05
2.39964 	0.0297303 	0.00111972 	1.50052e-05
2.40116 	0.0297343 	0.00111744 	1.47559e-05
2.40268 	0.0297384 	0.00111515 	1.45066e-05
2.4042 	0.0297424 	0.00111287 	1.42574e-05
2.40571 	0.0297465 	0.00111058 	1.40081e-05
2.40723 	0.0297505 	0.0011083 	1.37589e-05
2.40875 	0.0297546 	0.00110598 	1.35133e-05
2.41027 	0.0297585 	0.00110346 	1.32906e-05
2.41179 	0.0297624 	0.00110091 	1.30698e-05
2.41331 	0.0297659 	0.00109809 	1.28721e-05
2.41483 	0.0297694 	0.00109527 	1.26744e-05
2.41635 	0.0297729 	0.00109245 	1.24767e-05
2.41786 	0.0297764 	0.00108962 	1.2279e-05
2.41938 	0.0297799 	0.0010868 	1.20813e-05
2.4209 	0.0297834 	0.00108398 	1.18836e-05
2.42242 	0.0297869 	0.00108126 	1.16882e-05
2.42394 	0.0297904 	0.00107899 	1.15037e-05
2.42546 	0.0297939 	0.00107673 	1.13192e-05
2.42698 	0.0297974 	0.00107446 	1.11347e-05
2.4285 	0.0298009 	0.0010722 	1.09503e-05
2.43002 	0.0298044 	0.00106993 	1.07658e-05
2.43153 	0.0298079 	0.00106767 	1.05813e-05
2.43305 	0.0298114 	0.00106528 	1.03692e-05
2.43457 	0.0298148 	0.00106279 	1.01312e-05
2.43609 	0.029818 	0.00106022 	9.88264e-06
2.43761 	0.0298209 	0.00105744 	9.60373e-06
2.43913 	0.0298239 	0.00105465 	9.32481e-06
2.44065 	0.0298268 	0.00105187 	9.0459e-06
2.44217 	0.0298297 	0.00104909 	8.76699e-06
2.44368 	0.0298327 	0.0010463 	8.48808e-06
2.4452 	0.0298356 	0.00104352 	8.20917e-06
2.44672 	0.0298385 	0.00104106 	7.94677e-06
2.44824 	0.0298414 	0.00103881 	7.69484e-06
2.44976 	0.0298443 	0.00103656 	7.44291e-06
2.45128 	0.0298472 	0.0010343 	7.19098e-06
2.4528 	0.0298501 	0.00103205 	6.93905e-06
2.45432 	0.029853 	0.0010298 	6.68712e-06
2.45583 	0.0298559 	0.0010275 	6.43131e-06
2.45735 	0.0298587 	0.00102504 	6.16034e-06
2.45887 	0.0298615 	0.00102258 	5.88937e-06
2.46039 	0.0298639 	0.0010199 	5.62832e-06
2.46191 	0.0298663 	0.00101716 	5.37034e-06
2.46343 	0.0298687 	0.00101442 	5.11236e-06
2.46495 	0.0298711 	0.00101168 	4.85438e-06
2.46647 	0.0298735 	0.00100894 	4.59641e-06
2.46798 	0.0298759 	0.0010062 	4.33843e-06
2.4695 	0.0298783 	0.00100365 	4.08758e-06
2.47102 	0.0298806 	0.00100142 	3.84885e-06
2.47254 	0.0298829 	0.000999186 	3.61012e-06
2.47406 	0.0298853 	0.000996955 	3.37139e-06
2.47558 	0.0298876 	0.000994725 	3.13266e-06
2.4771 	0.0298899 	0.000992494 	2.89393e-06
2.47862 	0.0298922 	0.000990216 	2.66068e-06
2.48013 	0.0298944 	0.000987762 	2.44818e-06
2.48165 	0.0298966 	0.000985309 	2.23568e-06
2.48317 	0.0298985 	0.000982685 	2.05394e-06
2.48469 	0.0299002 	0.000979951 	1.89252e-06
2.48621 	0.0299019 	0.000977216 	1.73109e-06
2.48773 	0.0299037 	0.000974481 	1.56967e-06
2.48925 	0.0299054 	0.000971746 	1.40825e-06
2.49077 	0.0299071 	0.000969011 	1.24683e-06
2.49228 	0.0299088 	0.000966501 	1.09425e-06
2.4938 	0.0299105 	0.000964259 	9.52184e-07
2.49532 	0.0299122 	0.000962017 	8.10118e-07
2.49684 	0.0299138 	0.000959775 	6.68053e-07
2.49836 	0.0299155 	0.000957533 	5.25987e-07
2.49988 	0.0299172 	0.000955291 	3.83921e-07
2.5014 	0.0299187 	0.000952937 	2.56972e-07
2.50292 	0.0299202 	0.000950486 	1.42988e-07
2.50443 	0.0299217 	0.000948036 	2.90034e-08
2.50595 	0.0299229 	0.00094538 	-5.66658e-08
2.50747 	0.0299239 	0.000942666 	-1.34203e-07
2.50899 	0.029925 	0.000939952 	-2.11741e-07
2.51051 	0.029926 	0.000937238 	-2.89278e-07
2.51203 	0.0299271 	0.000934524 	-3.66816e-07
2.51355 	0.0299281 	0.00093181 	-4.44353e-07
2.51507 	0.0299291 	0.000929509 	-5.18171e-07
2.51658 	0.0299301 	0.000927266 	-5.91462e-07
2.5181 	0.029931 	0.000925023 	-6.64753e-07
2.51962 	0.029932 	0.00092278 	-7.38044e-07
2.52114 	0.029933 	0.000920537 	-8.11335e-07
2.52266 	0.0299339 	0.000918256 	-8.77232e-07
2.52418 	0.0299347 	0.000915818 	-9.12756e-07
2.5257 	0.0299356 	0.000913379 	-9.4828e-07
2.52722 	0.0299363 	0.000910866 	-9.74342e-07
2.52873 	0.0299366 	0.000908177 	-9.77649e-07
2.53025 	0.029937 	0.000905488 	-9.80956e-07
2.53177 	0.0299374 	0.000902799 	-9.84264e-07
2.53329 	0.0299378 	0.00090011 	-9.87571e-07
2.53481 	0.0299382 	0.000897421 	-9.90878e-07
2.53633 	0.0299385 	0.000895022 	-9.96723e-07
2.53785 	0.0299388 	0.000892793 	-1.00404e-06
2.53937 	0.0299391 	0.000890564 	-1.01137e-06
2.54088 	0.0299394 	0.000888335 	-1.01869e-06
2.5424 	0.0299396 	0.000886105 	-1.02601e-06
2.54392 	0.0299399 	0.00088384 	-1.02473e-06
2.54544 	0.02994 	0.000881416 	-9.85745e-07
2.54696 	0.0299401 	0.000878992 	-9.46764e-07
2.54848 	0.0299401 	0.000876529 	-9.01401e-07
2.55 	0.0299397 	0.000873859 	-8.21728e-07
2.55152 	0.0299392 	0.00087119 	-7.42055e-07
2.55303 	0.0299388 	0.00086852 	-6.62382e-07
2.55455 	0.0299384 	0.000865851 	-5.82709e-07
2.55607 	0.029938 	0.000863181 	-5.03036e-07
2.55759 	0.0299375 	0.000860846 	-4.23804e-07
2.55911 	0.029937 	0.000858635 	-3.44735e-07
2.56063 	0.0299364 	0.000856423 	-2.65666e-07
2.56215 	0.0299359 	0.000854212 	-1.86596e-07
2.56367 	0.0299354 	0.000852001 	-1.07527e-07
2.56518 	0.0299348 	0.000849682 	-8.31804e-09
2.5667 	0.029934 	0.000847262 	1.10116e-07
2.56822 	0.0299332 	0.000844842 	2.28551e-07
2.56974 	0.0299322 	0.000842329 	3.58092e-07
2.57126 	0.0299309 	0.000839657 	5.06601e-07
2.57278 	0.0299295 	0.000836984 	6.55111e-07
2.5743 	0.0299282 	0.000834312 	8.0362e-07
2.57582 	0.0299268 	0.000831639 	9.52129e-07
2.57733 	0.0299254 	0.000829045 	1.10475e-06
2.57885 	0.029924 	0.000826826 	1.27725e-06
2.58037 	0.0299225 	0.000824607 	1.44975e-06
2.58189 	0.0299211 	0.000822389 	1.62225e-06
2.58341 	0.0299196 	0.00082017 	1.79475e-06
2.58493 	0.0299181 	0.000817915 	1.96145e-06
2.58645 	0.0299163 	0.000815491 	2.10095e-06
2.58797 	0.0299146 	0.000813066 	2.24044e-06
2.58948 	0.0299128 	0.000810642 	2.37994e-06
2.591 	0.0299105 	0.000807986 	2.46854e-06
2.59252 	0.0299082 	0.000805313 	2.55352e-06
2.59404 	0.0299058 	0.000802641 	2.6385e-06
2.59556 	0.0299035 	0.000799968 	2.72348e-06
2.59708 	0.0299012 	0.000797295 	2.80845e-06
2.5986 	0.0298986 	0.000795041 	2.95229e-06
2.60012 	0.0298961 	0.000792804 	3.09865e-06
2.60163 	0.0298936 	0.000790568 	3.24501e-06
2.60315 	0.0298911 	0.000788331 	3.39138e-06
2.60467 	0.0298885 	0.000786061 	3.51847e-06
2.60619 	0.0298857 	0.000783637 	3.55779e-06
2.60771 	0.0298829 	0.000781213 	3.59712e-06
2.60923 	0.0298801 	0.00077879 	3.63644e-06
2.61075 	0.0298767 	0.000776164 	3.57165e-06
2.61227 	0.0298732 	0.000773503 	3.48867e-06
2.61378 	0.0298697 	0.000770842 	3.40569e-06
2.6153 	0.0298663 	0.00076818 	3.32271e-06
2.61682 	0.0298628 	0.000765559 	3.24558e-06
2.61834 	0.0298591 	0.000763319 	3.22523e-06
2.61986 	0.0298554 	0.00076108 	3.20488e-06
2.62138 	0.0298517 	0.00075884 	3.18452e-06
2.6229 	0.029848 	0.0007566 	3.16417e-06
2.62442 	0.0298441 	0.000754263 	3.10641e-06
2.62593 	0.0298401 	0.000751839 	3.01485e-06
2.62745 	0.0298361 	0.000749414 	2.9233e-06
2.62897 	0.029832 	0.00074696 	2.82331e-06
2.63049 	0.0298273 	0.000744299 	2.66312e-06
2.63201 	0.0298226 	0.000741638 	2.50293e-06
2.63353 	0.029818 	0.000738977 	2.34274e-06
2.63505 	0.0298133 	0.000736315 	2.18255e-06
2.63657 	0.0298084 	0.000733888 	2.0328e-06
2.63809 	0.0298035 	0.000731632 	1.89075e-06
2.6396 	0.0297985 	0.000729377 	1.74869e-06
2.64112 	0.0297936 	0.000727121 	1.60663e-06
2.64264 	0.0297885 	0.00072483 	1.4637e-06
2.64416 	0.0297833 	0.000722406 	1.31752e-06
2.64568 	0.0297781 	0.000719982 	1.17134e-06
2.6472 	0.0297728 	0.000717558 	1.02516e-06
2.64872 	0.0297671 	0.000714968 	8.91759e-07
2.65024 	0.0297611 	0.00071232 	7.6265e-07
2.65175 	0.0297552 	0.000709673 	6.33541e-07
2.65327 	0.0297493 	0.000707026 	5.04432e-07
2.65479 	0.0297432 	0.000704535 	3.70089e-07
2.65631 	0.029737 	0.000702273 	2.28075e-07
2.65783 	0.0297307 	0.000700011 	8.60616e-08
2.65935 	0.0297245 	0.000697748 	-5.5952e-08
2.66087 	0.0297181 	0.000695447 	-1.94468e-07
2.66239 	0.0297116 	0.00069302 	-3.21889e-07
2.6639 	0.0297051 	0.000690593 	-4.4931e-07
2.66542 	0.0296986 	0.000688166 	-5.76731e-07
2.66694 	0.0296916 	0.000685579 	-6.66788e-07
2.66846 	0.0296845 	0.000682932 	-7.42809e-07
2.66998 	0.0296774 	0.000680285 	-8.1883e-07
2.6715 	0.0296702 	0.000677639 	-8.94851e-07
2.67302 	0.0296629 	0.000675209 	-9.72241e-07
2.67454 	0.0296553 	0.000672936 	-1.05061e-06
2.67605 	0.0296478 	0.000670663 	-1.12899e-06
2.67757 	0.0296402 	0.00066839 	-1.20736e-06
2.67909 	0.0296325 	0.000666018 	-1.2954e-06
2.68061 	0.0296247 	0.000663583 	-1.38971e-06
2.68213 	0.0296169 	0.000661147 	-1.48402e-06
2.68365 	0.0296091 	0.000658699 	-1.57753e-06
2.68517 	0.0296008 	0.000656047 	-1.65774e-06
2.68669 	0.0295924 	0.000653394 	-1.73796e-06
2.6882 	0.0295841 	0.000650742 	-1.81817e-06
2.68972 	0.0295757 	0.000648127 	-1.89812e-06
2.69124 	0.0295668 	0.000645835 	-1.97571e-06
2.69276 	0.029558 	0.000643544 	-2.0533e-06
2.69428 	0.0295492 	0.000641253 	-2.13089e-06
2.6958 	0.0295403 	0.000638912 	-2.2051e-06
2.69732 	0.0295312 	0.000636461 	-2.27185e-06
2.69884 	0.0295221 	0.000634011 	-2.33859e-06
2.70035 	0.029513 	0.000631561 	-2.40534e-06
2.70187 	0.0295034 	0.000628954 	-2.45059e-06
2.70339 	0.0294937 	0.000626291 	-2.48811e-06
2.70491 	0.029484 	0.000623628 	-2.52563e-06
2.70643 	0.0294744 	0.000620965 	-2.56315e-06
2.70795 	0.0294641 	0.000618635 	-2.61455e-06
2.70947 	0.0294539 	0.000616316 	-2.66645e-06
2.71099 	0.0294436 	0.000613998 	-2.71834e-06
2.7125 	0.0294333 	0.000611629 	-2.74644e-06
2.71402 	0.0294228 	0.000609165 	-2.73087e-06
2.71554 	0.0294124 	0.000606702 	-2.7153e-06
2.71706 	0.0294019 	0.000604238 	-2.69974e-06
2.71858 	0.0293911 	0.00060162 	-2.62182e-06
2.7201 	0.0293801 	0.000598954 	-2.52424e-06
2.72162 	0.0293692 	0.000596287 	-2.42665e-06
2.72314 	0.0293581 	0.000593677 	-2.33315e-06
2.72465 	0.0293465 	0.000591346 	-2.25999e-06
2.72617 	0.0293349 	0.000589015 	-2.18682e-06
2.72769 	0.0293233 	0.000586684 	-2.11365e-06
2.72921 	0.0293115 	0.000584252 	-1.97763e-06
2.73073 	0.0292997 	0.000581781 	-1.81786e-06
2.73225 	0.0292878 	0.000579311 	-1.65809e-06
2.73377 	0.0292759 	0.000576814 	-1.48625e-06
2.73529 	0.0292636 	0.000574141 	-1.23148e-06
2.7368 	0.0292512 	0.000571467 	-9.76721e-07
2.73832 	0.0292388 	0.000568794 	-7.21958e-07
2.73984 	0.0292259 	0.000566353 	-4.74047e-07
2.74136 	0.0292128 	0.000564009 	-2.29006e-07
2.74288 	0.0291997 	0.000561665 	1.60359e-08
2.7444 	0.0291866 	0.00055926 	2.74874e-07
2.74592 	0.0291733 	0.000556773 	5.52202e-07
2.74744 	0.02916 	0.000554287 	8.29529e-07
2.74895 	0.0291468 	0.0005518 	1.10686e-06
2.75047 	0.0291331 	0.000549141 	1.41128e-06
2.75199 	0.0291194 	0.000546448 	1.72119e-06
2.75351 	0.0291057 	0.000543754 	2.0311e-06
2.75503 	0.0290916 	0.000541247 	2.34662e-06
2.75655 	0.029077 	0.000538877 	2.66632e-06
2.75807 	0.0290625 	0.000536508 	2.98602e-06
2.75959 	0.0290479 	0.000534072 	3.29484e-06
2.7611 	0.0290332 	0.000531555 	3.59053e-06
2.76262 	0.0290184 	0.000529037 	3.88622e-06
2.76414 	0.0290037 	0.00052652 	4.18191e-06
2.76566 	0.0289886 	0.000523825 	4.44898e-06
2.76718 	0.0289735 	0.000521104 	4.71175e-06
2.7687 	0.0289584 	0.000518382 	4.97453e-06
2.77022 	0.0289426 	0.000515904 	5.2426e-06
2.77174 	0.0289267 	0.000513499 	5.51226e-06
2.77325 	0.0289107 	0.000511094 	5.78193e-06
2.77477 	0.0288945 	0.000508569 	6.02464e-06
2.77629 	0.0288782 	0.000506014 	6.26061e-06
2.77781 	0.0288619 	0.00050346 	6.49658e-06
2.77933 	0.0288456 	0.000500857 	6.72183e-06
2.78085 	0.0288288 	0.000498102 	6.91236e-06
2.78237 	0.028812 	0.000495346 	7.10289e-06
2.78389 	0.028795 	0.000492677 	7.29125e-06
2.7854 	0.0287774 	0.000490226 	7.47415e-06
2.78692 	0.0287597 	0.000487775 	7.65705e-06
2.78844 	0.0287419 	0.000485257 	7.83623e-06
2.78996 	0.028724 	0.000482661 	8.01106e-06
2.79148 	0.028706 	0.000480066 	8.18589e-06
2.793 	0.028688 	0.00047747 	8.36072e-06
2.79452 	0.0286696 	0.000474696 	8.522e-06
2.79604 	0.0286511 	0.000471907 	8.68217e-06
2.79755 	0.0286325 	0.000469153 	8.84162e-06
2.79907 	0.028613 	0.000466654 	8.99564e-06
2.80059 	0.0285936 	0.000464156 	9.14966e-06
2.80211 	0.028574 	0.000461598 	9.3002e-06
2.80363 	0.0285542 	0.000458962 	9.44616e-06
2.80515 	0.0285344 	0.000456327 	9.59211e-06
2.80667 	0.0285147 	0.000453692 	9.73807e-06
2.80819 	0.0284945 	0.000450882 	9.88212e-06
2.8097 	0.0284743 	0.000448058 	1.0026e-05
2.81122 	0.0284538 	0.000445307 	1.01692e-05
2.81274 	0.0284324 	0.00044276 	1.03103e-05
2.81426 	0.0284111 	0.000440213 	1.04513e-05
2.81578 	0.0283896 	0.000437574 	1.05739e-05
2.8173 	0.028368 	0.000434897 	1.06889e-05
2.81882 	0.0283464 	0.00043222 	1.08038e-05
2.82034 	0.0283247 	0.000429498 	1.09191e-05
2.82185 	0.0283027 	0.000426639 	1.10352e-05
2.82337 	0.0282808 	0.00042378 	1.11514e-05
2.82489 	0.0282579 	0.000421109 	1.12644e-05
2.82641 	0.0282347 	0.000418516 	1.13761e-05
2.82793 	0.0282115 	0.000415886 	1.14754e-05
2.82945 	0.028188 	0.000413163 	1.15433e-05
2.83097 	0.0281646 	0.00041044 	1.16111e-05
2.83249 	0.0281411 	0.000407717 	1.16789e-05
2.83401 	0.0281174 	0.000404836 	1.17372e-05
2.83552 	0.0280936 	0.00040193 	1.17939e-05
2.83704 	0.0280693 	0.00039914 	1.186e-05
2.83856 	0.0280442 	0.000396488 	1.19372e-05
2.84008 	0.028019 	0.000393817 	1.20033e-05
2.8416 	0.0279937 	0.000391044 	1.20067e-05
2.84312 	0.0279683 	0.000388272 	1.20101e-05
2.84464 	0.027943 	0.000385499 	1.20135e-05
2.84616 	0.0279175 	0.000382585 	1.19633e-05
2.84767 	0.0278919 	0.000379634 	1.18984e-05
2.84919 	0.0278656 	0.000376804 	1.18612e-05
2.85071 	0.0278386 	0.000374099 	1.18523e-05
2.85223 	0.0278115 	0.000371356 	1.18199e-05
2.85375 	0.0277842 	0.000368526 	1.17342e-05
2.85527 	0.0277569 	0.000365696 	1.16486e-05
2.85679 	0.0277296 	0.000362866 	1.15629e-05
2.85831 	0.027702 	0.000359854 	1.13809e-05
2.85982 	0.0276744 	0.000356841 	1.11985e-05
2.86134 	0.0276456 	0.000354024 	1.10593e-05
2.86286 	0.0276165 	0.00035125 	1.09295e-05
2.86438 	0.0275872 	0.000348388 	1.0795e-05
2.8659 	0.0275578 	0.000345496 	1.06587e-05
2.86742 	0.0275284 	0.000342604 	1.05225e-05
2.86894 	0.0274988 	0.000339625 	1.03725e-05
2.87046 	0.0274691 	0.000336556 	1.02085e-05
2.87197 	0.0274387 	0.000333579 	1.00506e-05
2.87349 	0.0274073 	0.000330726 	9.90104e-06
2.87501 	0.0273758 	0.000327827 	9.7747e-06
2.87653 	0.0273441 	0.000324869 	9.67675e-06
2.87805 	0.0273125 	0.000321912 	9.5788e-06
2.87957 	0.0272807 	0.000318912 	9.49063e-06
2.88109 	0.0272488 	0.00031579 	9.42966e-06
2.88261 	0.0272162 	0.000312725 	9.36257e-06
2.88412 	0.0271824 	0.000309791 	9.2813e-06
2.88564 	0.0271484 	0.000306818 	9.22815e-06
2.88716 	0.0271141 	0.000303796 	9.21284e-06
2.88868 	0.0270798 	0.000300773 	9.19752e-06
2.8902 	0.0270453 	0.000297707 	9.19758e-06
2.89172 	0.0270105 	0.000294543 	9.23228e-06
2.89324 	0.026975 	0.000291455 	9.25256e-06
2.89476 	0.0269384 	0.000288461 	9.25474e-06
2.89627 	0.0269012 	0.000285404 	9.28267e-06
2.89779 	0.0268637 	0.000282316 	9.32367e-06
2.89931 	0.0268263 	0.000279228 	9.36467e-06
2.90083 	0.0267883 	0.000276055 	9.42003e-06
2.90235 	0.0267499 	0.000272829 	9.48444e-06
2.90387 	0.0267099 	0.000269741 	9.53539e-06
2.90539 	0.0266695 	0.000266666 	9.58367e-06
2.90691 	0.0266283 	0.000263511 	9.63102e-06
2.90842 	0.0265871 	0.000260355 	9.67837e-06
2.90994 	0.0265457 	0.000257177 	9.72359e-06
2.91146 	0.0265035 	0.000253887 	9.75876e-06
2.91298 	0.0264604 	0.000250676 	9.79912e-06
2.9145 	0.0264163 	0.000247546 	9.84482e-06
2.91602 	0.0263706 	0.000244331 	9.86669e-06
2.91754 	0.0263248 	0.000241105 	9.88558e-06
2.91906 	0.026279 	0.000237879 	9.90448e-06
2.92057 	0.0262313 	0.000234524 	9.87756e-06
2.92209 	0.0261827 	0.000231221 	9.85617e-06
2.92361 	0.0261328 	0.000228006 	9.84481e-06
2.92513 	0.0260814 	0.000224717 	9.82743e-06
2.92665 	0.0260299 	0.000221416 	9.8091e-06
2.92817 	0.0259782 	0.000218111 	9.78955e-06
2.92969 	0.0259248 	0.000214694 	9.73165e-06
2.93121 	0.02587 	0.000211339 	9.67569e-06
2.93272 	0.0258138 	0.000208036 	9.62275e-06
2.93424 	0.0257553 	0.000204665 	9.58582e-06
2.93576 	0.0256968 	0.000201293 	9.5489e-06
2.93728 	0.0256374 	0.00019789 	9.50598e-06
2.9388 	0.025576 	0.000194419 	9.44986e-06
2.94032 	0.0255121 	0.000191042 	9.39009e-06
2.94184 	0.0254461 	0.00018764 	9.3398e-06
2.94336 	0.0253784 	0.000184201 	9.29949e-06
2.94487 	0.0253107 	0.000180762 	9.25919e-06
2.94639 	0.0252394 	0.000177244 	9.21109e-06
2.94791 	0.0251659 	0.000173746 	9.15926e-06
2.94943 	0.0250899 	0.000170285 	9.10684e-06
2.95095 	0.0250105 	0.000166781 	9.06504e-06
2.95247 	0.024931 	0.000163277 	9.02323e-06
2.95399 	0.0248489 	0.00015974 	8.9798e-06
2.95551 	0.0247636 	0.000156187 	8.9352e-06
2.95702 	0.0246753 	0.000152676 	8.89118e-06
2.95854 	0.0245814 	0.000149118 	8.84527e-06
2.96006 	0.0244876 	0.00014556 	8.79937e-06
2.96158 	0.0243905 	0.000141978 	8.74998e-06
2.9631 	0.0242888 	0.000138382 	8.69925e-06
2.96462 	0.0241833 	0.000134814 	8.65521e-06
2.96614 	0.0240706 	0.00013121 	8.60029e-06
2.96766 	0.023958 	0.000127605 	8.54537e-06
2.96917 	0.0238395 	0.000123982 	8.48041e-06
2.97069 	0.0237154 	0.000120357 	8.41725e-06
2.97221 	0.0235851 	0.000116737 	8.36178e-06
2.97373 	0.0234468 	0.000113095 	8.30191e-06
2.97525 	0.0233086 	0.000109453 	8.24203e-06
2.97677 	0.0231555 	0.000105799 	8.16448e-06
2.97829 	0.0229973 	0.00010215 	8.10019e-06
2.97981 	0.0228271 	9.84927e-05 	8.04146e-06
2.98132 	0.0226538 	9.48336e-05 	7.98353e-06
2.98284 	0.0224714 	9.11871e-05 	7.91559e-06
2.98436 	0.0222761 	8.75468e-05 	7.83865e-06
2.98588 	0.022068 	8.39e-05 	7.76457e-06
2.9874 	0.0218486 	8.02567e-05 	7.69148e-06
2.98892 	0.0216242 	7.66261e-05 	7.61317e-06
2.99044 	0.0213786 	7.3039e-05 	7.51181e-06
2.99196 	0.0211186 	6.94336e-05 	7.39677e-06
2.99347 	0.0208387 	6.58452e-05 	7.26982e-06
2.99499 	0.0205554 	6.2267e-05 	7.14026e-06
2.99651 	0.020241 	5.87705e-05 	6.98444e-06
2.99803 	0.0199073 	5.52457e-05 	6.80096e-06
2.99955 	0.0195479 	5.17679e-05 	6.58791e-06
3.00107 	0.019181 	4.83183e-05 	6.37133e-06
3.00259 	0.0187755 	4.49783e-05 	6.1325e-06
3.00411 	0.0183369 	4.16348e-05 	5.85548e-06
3.00562 	0.0178685 	3.83621e-05 	5.54658e-06
3.00714 	0.0173756 	3.51892e-05 	5.23204e-06
3.00866 	0.0168366 	3.20991e-05 	4.89747e-06
3.01018 	0.0162437 	2.90983e-05 	4.53409e-06
3.0117 	0.015637 	2.61374e-05 	4.16456e-06
3.01322 	0.0149724 	2.34285e-05 	3.80853e-06
3.01474 	0.0142528 	2.07335e-05 	3.43444e-06
3.01626 	0.0134956 	1.81833e-05 	3.07448e-06
3.01777 	0.0127102 	1.57849e-05 	2.73586e-06
3.01929 	0.0118614 	1.35379e-05 	2.40623e-06
3.02081 	0.0109632 	1.14284e-05 	2.09916e-06
3.02233 	0.0100527 	9.38925e-06 	1.80424e-06
3.02385 	0.00907679 	7.55554e-06 	1.53932e-06
3.02537 	0.00805849 	5.86001e-06 	1.29182e-06
3.02689 	0.00703206 	4.25797e-06 	1.05853e-06
3.02841 	0.00594858 	2.90002e-06 	8.58896e-07
3.02992 	0.00481338 	1.90054e-06 	6.69361e-07
3.03144 	0.00366638 	1.13996e-06 	4.92238e-07
3.03296 	0.00244381 	7.67034e-07 	3.30548e-07
3.03448 	0.00121694 	3.76586e-07 	1.62951e-07
3.036 	3.53849e-16 	1.07338e-19 	4.67163e-20
